pdb_id: 
analysis type: unbound
radii_file: F:\psiafrombintisolah\PSAIA-1.0\amac_data\chothia.radii
CX_sRadius: 5
CX_vAtom: 20.1

  chain id|    res id|  res name|     average CX|       s_avg CX|    s-ch avg CX|  s-ch s_avg CX|         max CX|         min CX|               
         C          1        ASP           2.016          0.8711          2.7085         0.64594          3.3416         0.86069               
         C          2        ARG          1.5864          1.2351          2.1539          1.2235          3.3416         0.44721               
         C          3        ILE          1.0984         0.91643          1.7211         0.94445          3.3416         0.37104               
         C          4        CYS         0.76289         0.29494          1.1708               0          1.1708         0.44721               
         C          5        THR          1.1126         0.37326           1.526         0.11164           1.605         0.62811               
         C          6        GLY          2.5276         0.89997               0               0          3.3416          1.1708               
         C         10        SER          1.2721         0.56149          1.6313         0.26313          1.8944         0.37104               
         C         11        ASN         0.76485         0.51413          1.1597           0.438          1.8944         0.24046               
         C         12        SER        0.022099        0.049415               0               0          0.1326               0               
         C         13        PRO          0.3021         0.20114         0.33538         0.28659         0.73665        0.085404               
         C         14        HIS         0.30179          0.4545         0.49599         0.49978          1.3682               0               
         C         15        VAL         0.37524         0.35916         0.56835         0.47788          1.1708       0.0019112               
         C         16        VAL        0.055817        0.050225        0.029105        0.039817          0.1326               0               
         C         17        LYS          1.3811          1.2713           2.229          1.1355          3.3416         0.24046               
         C         18        THR         0.25831         0.22426          0.3257         0.30672         0.73665               0               
         C         19        ALA         0.81466         0.41863           1.605               0           1.605         0.44721               
         C         20        THR         0.71447         0.42589          1.1809         0.14891          1.3682         0.18408               
         C         21        GLN         0.86514         0.82389           1.372         0.79044          2.2562               0               
         C         22        GLY         0.16013         0.13809               0               0         0.37104               0               
         C         23        GLU         0.93106         0.81515           1.445         0.77419          2.2562         0.24046               
         C         24        VAL         0.27044         0.19831         0.45673         0.12118         0.62811               0               
         C         25        ASN         0.32985         0.37235         0.61321         0.33225          1.1708               0               
         C         26        VAL        0.019215        0.046292        0.044835         0.06206          0.1326               0               
         C         28        GLY         0.11228         0.19337               0               0         0.44721               0               
         C         29        VAL         0.13766         0.12164         0.14503          0.1238         0.30248               0               
         C         30        ILE         0.31779          0.3652         0.61422         0.29938          1.0038               0               
         C         31        PRO         0.38534          0.3484         0.72142         0.20348          1.0038       0.0019112               
         C         32        LEU         0.17386         0.22056         0.34676         0.19366         0.62811               0               
         C         33        THR         0.06754        0.039744        0.058194        0.055332          0.1326               0               
         C         34        THR         0.20494         0.21731         0.45019        0.065884         0.53233               0               
         C         35        THR         0.31465         0.12684          0.4248        0.076037         0.53233          0.1326               
         C         36        PRO         0.14742         0.13977         0.19327         0.18754         0.44721               0               
         C         37        THR         0.67881         0.51303          1.2467         0.17175          1.3682        0.085404               
         C         38        LYS          1.3816           1.654          2.2588          1.7823          5.5124         0.18408               
         C         39        SER          0.3108         0.10217         0.40912        0.038084         0.44721          0.1326               
         C         40        HIS         0.31188         0.25674         0.43933         0.24431         0.73665               0               
         C         41        PHE         0.10058        0.093835         0.13911        0.088714         0.30248               0               
         C         42        ALA               0               0               0               0               0               0               
         C         43        ASN         0.24533         0.33565         0.49017         0.32468          1.0038               0               
         C         44        LEU         0.13842         0.11947         0.24451        0.069396         0.30248               0               
         C         45        LYS          1.5156          1.8917          2.5436          2.0074          5.5124       0.0019112               
         C         46        GLY         0.67681         0.20273               0               0          1.0038         0.44721               
         C         47        THR         0.26306          0.1764         0.33866         0.22303         0.62811        0.041988               
         C         48        GLU         0.72091         0.82427          1.1887         0.84596          2.2562               0               
         C         49        THR         0.20275         0.15163        0.058831        0.054665         0.44721       0.0019112               
         C         50        ARG        0.097069         0.12657          0.1154         0.15119         0.44721               0               
         C         51        GLY         0.19375         0.16953               0               0         0.44721       0.0019112               
         C         52        LYS         0.48774         0.58098         0.79264         0.62382          1.8944               0               
         C         53        LEU        0.091053        0.081995         0.12511        0.073905         0.24046               0               
         C         54        CYS         0.04365        0.050349        0.042702        0.042702          0.1326               0               
         C         55        PRO         0.40171         0.31559         0.68098         0.28901          1.0038        0.041988               
         C         56        LYS         0.90676         0.77074          1.4189         0.68366          2.2562          0.1326               
         C         57        CYS        0.096428        0.060988        0.087291        0.045304         0.18408       0.0019112               
         C         58        LEU         0.70179         0.63914          1.1291         0.66859          2.2562         0.18408               
         C         59        ASN         0.98395         0.77999          1.6899         0.45838          2.2562         0.18408               
         C         60        CYS        0.081565        0.066005        0.042702        0.042702         0.18408               0               
         C         61        THR         0.10556         0.13446         0.20383         0.15367         0.37104               0               
         C         62        ASP        0.028497        0.060368        0.056516        0.075616         0.18408               0               
         C         63        LEU        0.076039        0.099023         0.15208        0.089706         0.24046               0               
         C         64        ASP               0               0               0               0               0               0               
         C         65        VAL         0.14157         0.17401         0.30122         0.15574         0.44721               0               
         C         66        ALA      0.00038223      0.00076447               0               0       0.0019112               0               
         C         67        LEU         0.19668         0.25196         0.39337          0.2227         0.62811               0               
         C         68        GLY        0.010975        0.017922               0               0        0.041988               0               
         C         69        ARG          0.1687         0.29281         0.26483         0.33063          1.0038               0               
         C         70        PRO         0.12206          0.1121        0.061359        0.086775         0.30248               0               
         C         71        LYS         0.79937         0.74677          1.1943         0.80592          2.7214         0.24046               
         C         72        CYS        0.058194        0.055332               0               0          0.1326               0               
         C         73        THR         0.76448         0.32487          1.1151        0.078718          1.1708         0.30248               
         C         74        GLY         0.49243        0.078332               0               0         0.62811         0.44721               
         C         75        LYS           1.129         0.89033          1.7225         0.74841          2.7214               0               
         C         76        ILE         0.24113         0.17509         0.30002         0.20442         0.62811       0.0019112               
         C         77        PRO          0.4611         0.31279         0.70166         0.33131          1.0038          0.1326               
         C         78        SER         0.26975          0.1075         0.27147        0.031012         0.44721        0.085404               
         C         79        ALA        0.017463        0.033978               0               0        0.085404               0               
         C         80        ARG          1.1538          1.1589          1.8006         0.97929          3.3416               0               
         C         81        VAL        0.080904         0.10496         0.18878        0.073095         0.24046               0               
         C         82        SER               0               0               0               0               0               0               
         C         83        ILE         0.20841         0.20157         0.38366         0.12858         0.53233               0               
         C         84        LEU         0.23183         0.28726         0.46271         0.24171         0.86069               0               
         C         85        HIS         0.26107         0.19073          0.2675         0.19429         0.62811        0.085404               
         C         86        GLU         0.27206         0.27542         0.42454         0.27662         0.86069               0               
         C         87        VAL         0.59649           0.481          1.0674         0.38345           1.605         0.18408               
         C         88        ARG          1.4655          1.3776          2.1958          1.2301          4.2099        0.085404               
         C         89        PRO        0.032295        0.063636        0.061359        0.086775         0.18408               0               
         C         90        VAL         0.19589         0.21164         0.42734        0.094881         0.53233               0               
         C         91        THR        0.059026        0.082829         0.13709        0.073095         0.24046               0               
         C         92        SER         0.27446         0.28973         0.49664         0.36405         0.86069               0               
         C         93        GLY               0               0               0               0               0               0               
         C         94        CYS       0.0069979        0.015648               0               0        0.041988               0               
         C         95        PHE           0.129         0.17503         0.20217         0.18281         0.53233               0               
         C         96        PRO        0.012474        0.029781               0               0        0.085404               0               
         C         97        ILE         0.12645          0.1542         0.22057         0.16916         0.44721               0               
         C         98        MET         0.22273         0.14874          0.3558        0.059733         0.44721               0               
         C         99        HIS       0.0093531        0.016338        0.008272        0.015094        0.041988               0               
         C        100        ASP         0.72258         0.79966          1.2328         0.85942          2.7214        0.085404               
         C        101        ARG         0.66956          0.5009         0.93251          0.4429           1.605        0.041988               
         C        102        THR        0.065494        0.086743               0               0         0.24046               0               
         C        103        LYS         0.32205         0.21356          0.4503         0.17048         0.73665               0               
         C        104        ILE        0.059222        0.096347        0.097093         0.11971         0.30248               0               
         C        105        ARG         0.19778         0.12965         0.27966        0.078248         0.44721               0               
         C        106        GLN         0.49377         0.45508         0.88001         0.19198          1.1708               0               
         C        107        LEU        0.078878         0.11965         0.15776         0.12724         0.37104               0               
         C        108        PRO       0.0059982        0.014693               0               0        0.041988               0               
         C        109        ASN        0.086455        0.091568         0.17243        0.044546         0.24046               0               
         C        110        LEU         0.37428         0.44289         0.73806         0.35679          1.1708               0               
         C        111        LEU        0.068455        0.084601         0.13691        0.070304         0.24046               0               
         C        112        ARG         0.03209        0.049881        0.050154        0.054883          0.1326               0               
         C        113        GLY        0.043646         0.05414               0               0          0.1326               0               
         C        114        TYR         0.15439         0.20322         0.23158         0.20993         0.53233               0               
         C        115        GLU         0.17836         0.28061         0.32104         0.30972         0.73665               0               
         C        116        HIS         0.26742         0.32702          0.4457         0.31429          1.0038               0               
         C        117        ILE         0.21913         0.13199         0.20925         0.17581         0.44721       0.0019112               
         C        118        ARG         0.51069         0.47297         0.77758         0.39239          1.3682               0               
         C        119        LEU         0.37066         0.40709           0.628         0.43966          1.3682        0.041988               
         C        120        SER         0.14087        0.099619        0.066298        0.066298         0.30248               0               
         C        121        THR         0.53305         0.47721         0.95373          0.4605           1.605          0.1326               
         C        122        HIS         0.62048          0.5668         0.99804          0.4213           1.605               0               
         C        123        ASN         0.17957         0.20076         0.19937         0.24816         0.62811        0.041988               
         C        124        VAL         0.20826         0.10237         0.15282        0.064897         0.37104        0.085404               
         C        125        ILE         0.32034         0.34207         0.56102         0.33413          1.0038               0               
         C        126        ASN         0.30915         0.18895         0.44945        0.057072         0.53233               0               
         C        127        ALA         0.11039        0.089261         0.24046               0         0.24046               0               
         C        128        GLU         0.77546         0.97054          1.3874         0.92337          2.7214               0               
         C        129        ASN         0.64625         0.51232          1.0661         0.36585           1.605               0               
         C        130        ALA        0.060681        0.052457               0               0          0.1326               0               
         C        131        PRO          0.3046         0.22859         0.49291         0.17235         0.73665               0               
         C        132        GLY         0.21861        0.090838               0               0         0.30248        0.085404               
         C        133        GLY         0.20877         0.17638               0               0         0.44721               0               
         C        134        PRO         0.49708         0.33376         0.81934        0.058476         0.86069               0               
         C        135        TYR        0.025917        0.049052        0.033388        0.057281          0.1326               0               
         C        136        LYS         0.59355         0.74261          1.0032          0.7793          2.2562               0               
         C        137        ILE         0.54794         0.34447         0.77108         0.36041          1.3682         0.24046               
         C        138        GLY        0.070612        0.099549               0               0         0.24046               0               
         C        139        THR         0.17005          0.1418         0.18571        0.044051         0.44721               0               
         C        140        SER         0.12293         0.13534         0.30248               0         0.30248               0               
         C        141        GLY          0.2149        0.063341               0               0         0.30248          0.1326               
         C        142        SER        0.029416        0.048574               0               0          0.1326               0               
         C        143        CYS        0.014234        0.031828               0               0        0.085404               0               
         C        144        PRO         0.37308         0.31421         0.66765         0.25984          1.0038               0               
         C        145        ASN         0.15648         0.22858         0.30245         0.24808         0.62811               0               
         C        146        ILE         0.81277         0.71966          1.4602         0.43416          1.8944        0.041988               
         C        147        THR         0.41975          0.4354         0.84856         0.34447          1.1708        0.041988               
         C        148        ASN         0.58528         0.68835          1.0251         0.72627          2.2562               0               
         C        149        GLY         0.45033         0.27305               0               0         0.73665               0               
         C        150        ASN         0.32409         0.27463         0.44979         0.29205         0.73665       0.0019112               
         C        151        GLY        0.010975        0.017922               0               0        0.041988               0               
         C        152        PHE         0.14939        0.098747         0.18541         0.10568         0.37104        0.041988               
         C        153        PHE         0.11127         0.18112         0.16885         0.20553         0.62811               0               
         C        154        ALA         0.22972         0.22228         0.62811               0         0.62811               0               
         C        155        THR       0.0062713        0.014596        0.014633        0.019358        0.041988               0               
         C        156        MET        0.077278         0.17289         0.15408         0.21906         0.53233               0               
         C        157        ALA         0.11327         0.10844         0.24046               0         0.24046               0               
         C        158        TRP         0.13521         0.18135         0.18509         0.19287         0.53233               0               
         C        159        ALA        0.087955        0.056262          0.1326               0          0.1326               0               
         C        160        VAL        0.083562         0.12083         0.19498          0.1111         0.30248               0               
         C        161        PRO        0.087101          0.1004          0.1293         0.12733         0.30248               0               
         C        162        LYS         0.69815         0.93314          1.2218         0.97372          2.7214               0               
         C        163        ASN          0.7248         0.86116          1.3571         0.82174          2.7214               0               
         C       163A        ASP         0.67737         0.68592          1.3015         0.40065           1.605               0               
         C       163B        LYS          1.0245          1.6115          1.5139          2.0263          5.5124          0.1326               
         C       163C        ASN         0.67421         0.45211          1.1009         0.18936          1.3682          0.1326               
         C        164        LYS         0.20067         0.17747         0.24383         0.19876         0.62811       0.0019112               
         C        165        THR         0.33912          0.3384          0.6895         0.22226          1.0038       0.0019112               
         C        166        ALA         0.32276        0.096077         0.37104               0         0.44721         0.18408               
         C        167        THR         0.24966         0.14426          0.2385         0.14175         0.44721        0.041988               
         C        168        ASN         0.83377         0.88989          1.5313         0.76932          2.7214               0               
         C        169        PRO         0.37693         0.23648         0.58802         0.20374         0.86069        0.085404               
         C        170        LEU        0.080781         0.12582         0.11507         0.15166         0.37104               0               
         C        171        THR         0.41375         0.31241         0.75124         0.15479         0.86069        0.085404               
         C        172        ILE         0.19688         0.19121         0.31182         0.19272         0.62811               0               
         C        173        GLU            1.22          1.4783          2.0699          1.5151          4.2099        0.041988               
         C        174        VAL        0.078643        0.087588         0.15551        0.083507         0.24046               0               
         C        175        PRO          0.3356         0.26239         0.53507         0.21298         0.73665               0               
         C        176        TYR        0.069648        0.091793        0.087658         0.10016         0.30248               0               
         C        177        ILE         0.35903         0.20613         0.41175         0.17686         0.62811        0.041988               
         C        178        CYS        0.057565         0.04839               0               0          0.1326               0               
         C        179        THR         0.31697         0.34846          0.6448         0.28656          1.0038               0               
         C        180        GLU            1.48          1.5927          2.2836          1.7617          5.5124         0.37104               
         C        181        GLY         0.43231        0.082619               0               0         0.53233         0.30248               
         C        182        GLU         0.06063         0.11507         0.09167         0.14349         0.37104               0               
         C        183        ASP         0.36298         0.43229         0.67098         0.42524          1.3682               0               
         C        184        GLN        0.033924        0.049233        0.061063        0.052018          0.1326               0               
         C        185        ILE         0.10155         0.11619         0.20311        0.079824         0.30248               0               
         C        186        THR        0.025486        0.045989        0.058194        0.055332          0.1326               0               
         C        187        VAL         0.11939        0.095837         0.20639        0.071128         0.30248               0               
         C        188        TRP        0.090025         0.10084         0.12603        0.098475         0.24046               0               
         C        189        GLY               0               0               0               0               0               0               
         C        190        PHE        0.077458         0.10456         0.12145         0.10889         0.30248               0               
         C        191        HIS          0.0529        0.058159        0.081169        0.058474          0.1326               0               
         C        192        SER        0.044198        0.062506        0.066298        0.066298          0.1326               0               
         C        193        ASP       0.0002389      0.00063206               0               0       0.0019112               0               
         C        194        ASN         0.60115         0.83092          1.1809         0.84093          2.2562               0               
         C        195        GLU          1.0574          1.3043          1.8861          1.2314          4.2099               0               
         C        196        THR         0.55296           0.626          1.2004         0.41607           1.605               0               
         C        197        GLN         0.26021         0.38083         0.46837         0.40442          1.1708               0               
         C        198        MET        0.069628         0.12883         0.13926         0.15329         0.37104               0               
         C        199        ALA         0.11439         0.11597         0.30248               0         0.30248               0               
         C        200        LYS          1.0882          1.3935          1.8975          1.4171          4.2099               0               
         C        201        LEU         0.18058         0.32709          0.3602         0.38657          1.0038               0               
         C        202        TYR        0.038564        0.071352        0.057846        0.080755         0.24046               0               
         C        203        GLY         0.22332         0.23989               0               0         0.62811               0               
         C        204        ASP        0.095331        0.070079           0.101        0.067011         0.18408               0               
         C        205        SER         0.42384          0.3004         0.81596         0.18786          1.0038         0.18408               
         C        206        LYS         0.76426         0.83643          1.2858         0.80221          2.2562               0               
         C        207        PRO         0.30347         0.25717         0.53507         0.21298         0.73665        0.041988               
         C        208        GLN        0.024488         0.04179        0.043696        0.048092          0.1326               0               
         C        209        LYS          1.5269          2.5333          2.7484          2.8626          7.6832               0               
         C        210        PHE       0.0041645        0.011983       0.0065443        0.014494        0.041988               0               
         C        211        THR         0.12771         0.14188         0.28399        0.061554         0.37104               0               
         C        212        SER        0.028548        0.031447        0.041988               0        0.085404               0               
         C        213        SER         0.32805         0.43406         0.89946         0.27135          1.1708               0               
         C        214        ALA        0.083018        0.087128       0.0019112               0         0.24046       0.0019112               
         C        215        ASN         0.35234         0.14765         0.25108         0.11948         0.53233          0.1326               
         C        216        GLY         0.53766         0.09045               0               0         0.62811         0.44721               
         C        217        VAL         0.44364         0.35292          0.8257         0.12595          1.0038               0               
         C        218        THR         0.63479         0.48203          1.1151         0.36313           1.605         0.18408               
         C        219        THR         0.24546         0.26003         0.46719         0.25087         0.73665               0               
         C        220        HIS         0.34777         0.28575         0.53406         0.21348         0.86069       0.0019112               
         C        221        TYR         0.20375         0.22874         0.30563          0.2176         0.62811               0               
         C        222        VAL         0.54306         0.45928         0.77379         0.60468           1.605         0.18408               
         C        223        SER         0.19634         0.15911       0.0019112               0         0.44721       0.0019112               
         C        224        GLN         0.29215         0.24052         0.39516          0.2493         0.86069               0               
         C        225        ILE         0.26908         0.19907         0.38337         0.20335         0.62811               0               
         C        226        GLY         0.40885         0.32147               0               0         0.86069       0.0019112               
         C        227        GLY         0.54058         0.22111               0               0         0.86069         0.30248               
         C        228        PHE        0.098487         0.13181        0.018199        0.031026         0.37104               0               
         C        229        PRO         0.44246          0.2926          0.6126         0.26797         0.86069               0               
         C        230        ASN          1.0651          1.0199          1.8531         0.91155          3.3416          0.1326               
         C        231        GLN          0.1583         0.13734        0.086914        0.040528         0.44721               0               
         C        232        THR         0.36013         0.31185         0.70563         0.10964         0.86069       0.0019112               
         C        233        GLU         0.11568         0.11225          0.1262         0.13013         0.37104               0               
         C        234        ASP        0.039411        0.061768        0.046497        0.079436         0.18408               0               
         C        235        GLY         0.37373         0.40334               0               0          1.0038       0.0019112               
         C        236        GLY         0.48597         0.15983               0               0         0.62811         0.24046               
         C        237        LEU         0.45239         0.34933         0.72591         0.26211          1.0038               0               
         C        238        PRO          0.5988         0.46292          1.0919         0.26379          1.3682          0.1326               
         C        239        GLN         0.20452         0.22187         0.27933         0.27161         0.73665        0.041988               
         C        240        SER         0.50061         0.20338         0.69651         0.16418         0.86069         0.24046               
         C        241        GLY        0.075621         0.13098               0               0         0.30248               0               
         C        242        ARG        0.054955        0.086302        0.086085        0.095072         0.30248               0               
         C        243        ILE         0.11093         0.13423         0.21136         0.12463         0.30248               0               
         C        244        VAL         0.12806         0.10639         0.24234        0.048358         0.30248               0               
         C        245        VAL         0.10807         0.10759         0.17618         0.10649         0.30248               0               
         C        246        ASP       0.0054873         0.01381        0.010975        0.017922        0.041988               0               
         C        247        TYR         0.13717         0.20231         0.20576         0.21744         0.62811               0               
         C        248        MET        0.088309          0.1048          0.1306         0.10972         0.30248               0               
         C        249        VAL         0.37908         0.26675         0.64533         0.16924         0.86069        0.041988               
         C        250        GLN        0.019616        0.035175        0.017845         0.03379        0.085404               0               
         C        251        LYS         0.62808         0.67289          1.0956         0.56641          1.8944               0               
         C        252        SER         0.41039         0.21411         0.40912        0.038084         0.86069         0.24046               
         C        253        GLY         0.22642         0.13931               0               0         0.44721        0.085404               
         C        254        LYS          1.9247          2.6112          3.3127          2.8143          7.6832               0               
         C        255        THR         0.45725         0.36006         0.66429         0.44606          1.1708        0.085404               
         C        256        GLY        0.021351        0.036981               0               0        0.085404               0               
         C        257        THR         0.28923         0.29189         0.58503         0.19492         0.86069               0               
         C        258        ILE         0.14299         0.17615           0.275         0.16396         0.53233               0               
         C        259        THR        0.051237        0.070561         0.11955        0.058736         0.18408               0               
         C        260        TYR        0.007117        0.023604        0.010675        0.028245        0.085404               0               
         C        261        GLN        0.098316         0.16291         0.17659         0.18435         0.53233               0               
         C        262        ARG         0.23176         0.12422          0.2786         0.12316         0.44721        0.041988               
         C        263        GLY        0.021829        0.036713               0               0        0.085404               0               
         C        264        ILE        0.033215        0.047201        0.011452        0.017647          0.1326               0               
         C        265        LEU        0.015924         0.02964        0.031848        0.035354        0.085404               0               
         C        266        LEU         0.12785         0.13093         0.23434         0.10117         0.37104               0               
         C        267        PRO         0.12133         0.14915          0.2389         0.15271         0.44721               0               
         C        268        GLN        0.096507         0.20235         0.17371         0.24554         0.62811               0               
         C        269        LYS         0.33438          0.5231          0.5848          0.5919           1.605               0               
         C        270        VAL        0.066647        0.094398        0.013996        0.019793         0.24046               0               
         C        271        TRP        0.096627         0.10031         0.13528        0.094125         0.30248               0               
         C        272        CYS       0.0073165        0.015521        0.020994        0.020994        0.041988               0               
         C        273        ALA      0.00076447      0.00093628       0.0019112               0       0.0019112               0               
         C        274        SER          0.1395         0.17418         0.37484         0.07236         0.44721               0               
         C        275        GLY         0.25899         0.20635               0               0         0.53233               0               
         C        276        ARG          1.2871          1.3672          1.9897          1.2556          3.3416       0.0019112               
         C        277        SER        0.014234        0.031828               0               0        0.085404               0               
         C        278        LYS         0.87256          1.0529          1.5532         0.97574          3.3416               0               
         C        279        VAL         0.23664         0.20005         0.23784         0.27816         0.62811               0               
         C        280        ILE         0.15512         0.14569         0.23107         0.15594         0.44721               0               
         C        281        LYS         0.69158         0.78376          1.1834         0.74752          2.2562               0               
         C        282        GLY        0.081944        0.097801               0               0         0.24046               0               
         C        283        SER         0.44159          0.3051         0.86069               0         0.86069          0.1326               
         C        284        LEU         0.47138         0.14341         0.56213         0.10658         0.73665         0.24046               
         C        285        PRO         0.53516         0.42949         0.97043         0.17881          1.1708               0               
         C        286        LEU         0.11462         0.08682         0.14776        0.056881         0.24046               0               
         C        287        ILE         0.30045         0.33028         0.54676         0.30738          1.0038               0               
         C        288        GLY         0.29138         0.21074               0               0         0.53233       0.0019112               
         C        289        GLU         0.75544         0.60449          1.0896         0.62346          2.2562        0.085404               
         C        290        ALA        0.080415          0.0727        0.085404               0         0.18408               0               
         C        291        ASP         0.13214         0.18066         0.25331         0.18865         0.53233               0               
         C        292        CYS               0               0               0               0               0               0               
         C        293        LEU         0.19376         0.19746         0.36653          0.1336         0.53233               0               
         C        294        HIS        0.028436        0.071765        0.047393        0.087666         0.24046               0               
         C        295        GLU         0.12786         0.11825         0.16459         0.12034         0.30248               0               
         C        296        LYS         0.47997         0.66512         0.83666         0.71235          1.8944               0               
         C        297        TYR        0.065914        0.092503         0.09887        0.097861         0.24046               0               
         C        298        GLY               0               0               0               0               0               0               
         C        299        GLY          0.1724         0.13252               0               0         0.37104       0.0019112               
         C        300        LEU         0.26108         0.21782         0.44298          0.1487         0.62811               0               
         C        301        ASN         0.51127         0.67777         0.86905         0.80788          2.2562        0.041988               
         C        302        LYS         0.63479         0.77649         0.80809          1.0027          2.7214       0.0019112               
         C        303        SER          0.6039         0.21078         0.87023         0.13359          1.0038         0.37104               
         C        304        LYS         0.43725         0.57398          0.6598         0.68355           1.605               0               
         C        305        PRO         0.18504         0.17271         0.29409         0.12858         0.44721               0               
         C        306        TYR         0.48645         0.80946         0.72967         0.89741          2.7214               0               
         C        307        TYR        0.026708        0.059801        0.040062        0.069492         0.18408               0               
         C        308        THR        0.096506         0.12054         0.18098         0.13045         0.30248               0               
         C        309        GLY          0.2149        0.063341               0               0         0.30248          0.1326               
         C        310        GLU         0.67662         0.60178          1.0748         0.52392          1.8944               0               
         C        311        HIS         0.47428         0.40313         0.65376         0.41529          1.1708               0               
         C        312        ALA        0.069833        0.053489               0               0          0.1326               0               
         C        313        LYS          1.2707          1.6985          2.1202          1.8826          5.5124               0               
         C        314        ALA          0.3499         0.21369          0.1326               0         0.62811        0.085404               
         C        315        ILE         0.26778         0.28859         0.43894         0.30587         0.73665               0               
         C        316        GLY         0.33198         0.13409               0               0         0.53233         0.18408               
         C        317        ASN          0.3777         0.30015         0.65843        0.085228         0.73665               0               
         C        318        CYS         0.14372         0.11871         0.18552         0.18552         0.37104               0               
         C        319        PRO        0.084009        0.078599        0.089827        0.075214         0.18408               0               
         C        320        ILE         0.54026         0.73572            1.07         0.72177          2.2562               0               
         C        321        TRP         0.17046         0.21836         0.21986         0.23602         0.62811               0               
         C        322        VAL         0.11299         0.13496         0.26302        0.055818         0.30248               0               
         C        323        LYS          1.5234          1.8116          2.5901            1.82          5.5124       0.0019112               
         C        324        THR         0.31115         0.31919          0.5845         0.30233          1.0038               0               
         C        325        PRO         0.31094         0.24841         0.57206         0.12146         0.73665       0.0019112               
         C        326        LEU         0.42495         0.42057         0.81805         0.20843          1.1708               0               
         C        327        LYS         0.34875         0.30471         0.51632         0.31243         0.86069               0               
         C        328        LEU         0.47718         0.56546         0.94386         0.45121          1.3682               0               
         C        329        ALA         0.34907         0.20962         0.62811               0         0.62811        0.041988               
         C        330        ASN         0.64111         0.68395          1.1188         0.67564          1.8944               0               
         C        331        GLY         0.47192         0.25861               0               0         0.86069          0.1326               
         C        332        THR          0.6011          0.5216           1.047         0.43897           1.605               0               
         C        333        LYS           1.554           1.904          2.6743          1.9217          5.5124        0.041988               
         C        334        TYR         0.30186         0.31665         0.44206         0.30204          1.0038               0               
         C        335        ARG          1.3163          1.4991          2.0443            1.44          4.2099               0               
         C        336        PRO         0.47758          0.4026          0.7891         0.42269          1.3682        0.041988               
         C        337        PRO         0.92394         0.37343          1.2366          0.3665           1.605         0.53233               
         C        338        ALA          2.1679         0.91596               0               0          3.3416          1.0038               
