pdb_id: 
analysis type: unbound
radii_file: F:\psiafrombintisolah\PSAIA-1.0\amac_data\chothia.radii
CX_sRadius: 5
CX_vAtom: 20.1

  chain id|    res id|  res name|     average CX|       s_avg CX|    s-ch avg CX|  s-ch s_avg CX|         max CX|         min CX|               
         R          3        PRO         0.84377         0.60719          1.3569         0.35086           1.605               0               
         R          4        PRO         0.36016         0.30592         0.52605         0.39269          1.0038        0.041988               
         R          5        GLY         0.21349        0.046707               0               0         0.24046          0.1326               
         R          6        LYS         0.39244         0.16976         0.53446        0.057265         0.62811          0.1326               
         R          7        PRO        0.025486        0.045989        0.044198        0.062506          0.1326               0               
         R          8        GLU         0.51395         0.52173          0.8898         0.41206           1.605               0               
         R          9        ILE         0.21861         0.13288          0.3262        0.096713         0.44721        0.041988               
         R         10        PHE         0.21451         0.21769         0.20053         0.20223         0.62811               0               
         R         11        LYS         0.35644          0.5991         0.69154         0.70135          1.8944               0               
         R         12        CYS         0.08499        0.096315         0.21227        0.028192         0.24046               0               
         R         13        ARG         0.44038         0.42207         0.68603         0.33735          1.3682               0               
         R         14        SER               0               0               0               0               0               0               
         R         15        PRO         0.23291         0.17909         0.38128         0.11938         0.53233               0               
         R         16        ASN         0.17862         0.22794         0.30439         0.26818         0.73665               0               
         R         17        LYS         0.21237           0.172         0.32158         0.15679         0.53233               0               
         R         18        GLU          0.4425         0.50834         0.78811         0.44287          1.3682               0               
         R         19        THR          0.1816         0.19164         0.38128         0.11938         0.53233               0               
         R         20        PHE         0.07064        0.084893         0.11101         0.08273         0.24046               0               
         R         21        THR        0.012474        0.029781        0.029105        0.039817        0.085404               0               
         R         22        CYS        0.072513         0.11367         0.21754        0.084945         0.30248               0               
         R         23        TRP         0.21395         0.36993         0.29953         0.40738          1.3682               0               
         R         24        TRP        0.043609        0.084079        0.061053        0.093979         0.24046               0               
         R         25        ARG         0.62037         0.58571         0.96287         0.46502          1.8944               0               
         R         26        PRO         0.32483         0.13188         0.36248          0.1423         0.53233         0.18408               
         R         27        GLY          0.4013         0.29615               0               0         0.73665               0               
         R         28        THR         0.53627         0.32912         0.75334         0.17711          1.0038       0.0019112               
         R         29        ASP         0.27246         0.30154         0.43698         0.33798          1.0038       0.0019112               
         R         30        GLY         0.64912         0.18041               0               0         0.86069         0.37104               
         R         31        GLY         0.74052        0.082323               0               0         0.86069         0.62811               
         R         34        THR         0.34854         0.33501        0.028468         0.04026          1.0038               0               
         R         35        ASN         0.86991          1.0678          1.6853         0.97322          3.3416               0               
         R         36        TYR         0.31026         0.13767         0.33538         0.15437         0.62811          0.1326               
         R         37        SER         0.13293          0.1009         0.24046               0         0.24046               0               
         R         38        LEU        0.068694         0.08441         0.12689        0.084533         0.24046               0               
         R         39        THR          0.1759         0.19292         0.39643        0.035906         0.44721               0               
         R         40        TYR         0.11395         0.21207         0.16568         0.24345         0.73665               0               
         R         41        HIS        0.078608         0.12371         0.13101         0.13653         0.37104               0               
         R         42        ARG         0.41269         0.39873         0.64251          0.3231          1.0038               0               
         R         43        GLU         0.63933         0.63972          1.0338         0.61106          1.8944               0               
         R         44        GLY         0.52276         0.13305               0               0         0.62811         0.30248               
         R         45        GLU         0.26571         0.14766         0.33517        0.088343         0.44721               0               
         R         46        THR         0.58307         0.45518         0.89343         0.50853           1.605        0.085404               
         R         47        LEU         0.57857         0.53142         0.86647         0.61303          1.8944        0.041988               
         R         48        MET         0.50413         0.48835         0.94125         0.29994          1.3682               0               
         R         49        HIS         0.26382         0.31081          0.4327         0.29914         0.86069               0               
         R         50        GLU          0.5423         0.67062         0.88473         0.73507          2.2562        0.041988               
         R         51        CYS        0.037677        0.067243               0               0         0.18408               0               
         R         52        PRO         0.28881         0.23404        0.080154         0.11335         0.73665               0               
         R         53        ASP        0.056876         0.12006         0.10326         0.15555         0.37104               0               
         R         54        TYR          0.2866         0.23941         0.38129         0.24261         0.73665               0               
         R         55        ILE         0.84333          1.0443          1.5615          1.0696          3.3416               0               
         R         56        THR         0.40232         0.24255         0.37358        0.059109         0.86069               0               
         R         57        GLY         0.29482         0.17353               0               0         0.53233        0.041988               
         R         58        GLY          0.2285         0.13977               0               0         0.37104               0               
         R         59        PRO         0.71009         0.50226          1.2122         0.30525           1.605        0.085404               
         R         60        ASN         0.24299         0.25145         0.45283         0.18732         0.62811               0               
         R         61        SER        0.022099        0.049415               0               0          0.1326               0               
         R         62        CYS        0.036333        0.053158        0.066298        0.066298          0.1326               0               
         R         63        HIS        0.076901         0.11217         0.12817            0.12         0.30248               0               
         R         64        PHE        0.049302         0.10521        0.077475         0.12333         0.37104               0               
         R         65        GLY        0.079168        0.081233               0               0         0.18408               0               
         R         66        LYS         0.91428         0.92666          1.5059         0.86855          2.7214        0.085404               
         R         67        GLN         0.76032          0.6968          1.1808         0.68359          2.2562          0.1326               
         R         68        TYR         0.35802         0.42958         0.53655         0.42566          1.3682               0               
         R         69        THR         0.11757         0.12599               0               0         0.30248               0               
         R         70        SER         0.27705         0.18119         0.41741         0.11493         0.53233               0               
         R         71        MET         0.47345         0.45319         0.72665         0.52142           1.605        0.085404               
         R         72        TRP         0.75603         0.59089         0.95885         0.56877          1.8944        0.041988               
         R         73        ARG         0.34597         0.42617         0.49979         0.46737           1.605               0               
         R         74        THR         0.14182          0.1794          0.3018         0.16886         0.53233               0               
         R         75        TYR         0.17002         0.16162         0.24955         0.14159         0.44721               0               
         R         76        ILE       0.0002389      0.00063206               0               0       0.0019112               0               
         R         77        MET         0.18611         0.26782         0.37174           0.273         0.73665               0               
         R         78        MET         0.35107         0.39805         0.67029         0.33441          1.0038               0               
         R         79        VAL       0.0059982        0.014693        0.013996        0.019793        0.041988               0               
         R         80        ASN        0.091451          0.1245          0.1724         0.13252         0.37104               0               
         R         81        ALA         0.11819         0.13616          0.1326               0         0.37104               0               
         R         82        THR         0.40488         0.44367         0.88654         0.22231          1.1708               0               
         R         83        ASN        0.038934        0.062063               0               0         0.18408               0               
         R         84        GLN         0.94918         0.88071          1.5302         0.79086          2.2562        0.085404               
         R         85        MET         0.50251         0.37627         0.78316         0.33794          1.1708        0.041988               
         R         86        GLY         0.27803         0.21894               0               0         0.53233               0               
         R         87        SER         0.36499         0.15984          0.3864         0.14594         0.62811         0.18408               
         R         88        SER         0.22132         0.19099         0.35821         0.17413         0.53233               0               
         R         89        PHE         0.81114         0.90838            1.24         0.88582          2.7214               0               
         R         90        SER        0.061359        0.086775               0               0         0.18408               0               
         R         91        ASP          0.9797           1.027          1.7445         0.95923          3.3416       0.0019112               
         R         92        GLU         0.81468          0.6412          1.2207         0.60371          1.8944         0.18408               
         R         93        LEU         0.37912         0.44445         0.69812          0.4251          1.3682               0               
         R         94        TYR         0.58513         0.53073         0.83171         0.48577           1.605               0               
         R         95        VAL         0.11599         0.11358         0.22518        0.070194         0.30248               0               
         R         96        ASP         0.14212         0.10988         0.21795        0.090851         0.37104               0               
         R         97        VAL         0.13674         0.11918         0.21351         0.11845         0.37104               0               
         R         98        THR         0.12078         0.14077         0.28181        0.029238         0.30248               0               
         R         99        TYR         0.71806          1.0089          1.0771          1.0677          3.3416               0               
         R        100        ILE        0.037811         0.10004        0.075621         0.13098         0.30248               0               
         R        101        VAL        0.038497        0.066337        0.061359        0.086775         0.18408               0               
         R        102        GLN         0.35257          0.4508         0.59103         0.48503          1.1708               0               
         R        103        PRO          0.1395        0.089647         0.12262        0.085192         0.24046               0               
         R        104        ASP        0.037986         0.04591        0.032326        0.034931          0.1326               0               
         R        105        PRO        0.087641         0.10328         0.15902         0.10798         0.30248               0               
         R        106        PRO        0.050698        0.065987               0               0         0.18408               0               
         R        107        LEU         0.44054         0.61324         0.84794         0.64566          1.8944               0               
         R        108        GLU           1.268          1.2582          2.0536          1.2025          4.2099        0.085404               
         R        109        LEU         0.21542         0.14425          0.1747         0.14204         0.37104       0.0019112               
         R        110        ALA         0.21105         0.27255         0.73665               0         0.73665               0               
         R        111        VAL         0.32498         0.12948         0.23012         0.10233         0.53233        0.085404               
         R        112        GLU         0.45593         0.41828          0.7952         0.23438          1.0038               0               
         R        113        VAL         0.27328         0.19717         0.40774         0.23755         0.73665          0.1326               
         R        114        LYS         0.57883          1.0387          1.0419          1.2081          3.3416               0               
         R        115        GLN          0.4335         0.43816         0.62811         0.50445           1.605        0.085404               
         R        116        PRO         0.36964         0.25479         0.37484         0.27075         0.73665               0               
         R        117        GLU          1.0948           1.297          1.8615          1.2996          4.2099               0               
         R        118        ASP         0.55268         0.48868          0.9576         0.38271           1.605        0.085404               
         R        119        ARG          1.3594          1.3947          2.1048          1.2357          4.2099               0               
         R        120        LYS          1.2221          1.3499          2.0381          1.3331          4.2099          0.1326               
         R        121        PRO        0.094174         0.13897        0.080791         0.11291         0.37104               0               
         R        122        TYR          0.1534         0.29213          0.2301          0.3322          1.0038               0               
         R        123        LEU         0.12885         0.18866         0.25723         0.19551         0.44721               0               
         R        124        TRP         0.20784         0.25815         0.29098         0.26288         0.62811               0               
         R        125        ILE        0.073882        0.084121         0.14776        0.056881         0.24046               0               
         R        126        LYS         0.51847         0.66093         0.93324         0.63183          1.8944               0               
         R        127        TRP               0               0               0               0               0               0               
         R        128        SER         0.12672         0.19265         0.35821         0.17413         0.53233               0               
         R        129        PRO         0.29274         0.27201          0.5786         0.15331         0.73665       0.0019112               
         R        130        PRO       0.0059982        0.014693        0.013996        0.019793        0.041988               0               
         R        131        THR         0.28018          0.2771         0.59618        0.045147         0.62811               0               
         R        132        LEU         0.30542         0.17424         0.39856         0.20633         0.73665         0.18408               
         R        133        ILE         0.51824         0.19536         0.37804         0.17249         0.73665        0.085404               
         R        136        LYS         0.94204          0.3539         0.73665               0           1.605         0.62811               
         R        137        THR          1.0607         0.55684           1.495         0.57674          2.2562         0.44721               
         R        138        GLY         0.49137         0.31041               0               0         0.86069         0.18408               
         R        139        TRP         0.56664         0.23271         0.64835         0.21869          1.0038         0.18408               
         R        140        PHE         0.39429         0.26758         0.52338         0.22395          1.0038               0               
         R        141        THR         0.32791         0.21192         0.53588        0.073895         0.62811               0               
         R        142        LEU           0.197         0.16108         0.25827         0.15962         0.53233               0               
         R        143        LEU         0.33802         0.39879         0.67557         0.30032          1.1708               0               
         R        144        TYR        0.062415        0.094122        0.093622         0.10182         0.24046               0               
         R        145        GLU        0.033609        0.095062        0.060497         0.12099         0.30248               0               
         R        146        ILE        0.099699         0.10464          0.1994        0.044916         0.24046               0               
         R        147        ARG        0.038768         0.08267        0.060648         0.09707         0.24046               0               
         R        148        LEU         0.13878         0.15372         0.27756         0.09348         0.37104               0               
         R        149        LYS         0.13825         0.31508         0.24886          0.3888          1.0038               0               
         R        150        PRO         0.10249         0.14995          0.2385         0.14175         0.37104               0               
         R        151        GLU         0.68158          1.0018          1.1635          1.1308          3.3416               0               
         R        152        LYS          1.7482           2.279          2.7989           2.614          7.6832         0.18408               
         R        153        ALA         0.27349         0.20405               0               0         0.53233               0               
         R        154        ALA         0.82746         0.17813          1.0038               0          1.0038         0.53233               
         R        155        GLU          1.2343          1.1579          2.0236         0.99527          3.3416               0               
         R        156        TRP         0.18354         0.15165         0.17835         0.16145         0.44721               0               
         R        157        GLU         0.67836         0.99871          1.1945          1.0924          3.3416               0               
         R        158        ILE         0.31566         0.24052         0.47985         0.23198         0.86069        0.085404               
         R        159        HIS         0.29575         0.37762          0.4926         0.37522          1.0038               0               
         R        160        PHE         0.51491         0.34256         0.66942         0.34059          1.1708          0.1326               
         R        161        ALA         0.21327         0.15201               0               0         0.44721               0               
         R        162        GLY         0.23634         0.22326               0               0         0.53233               0               
         R        163        GLN         0.90165          1.0098          1.5142         0.99392          3.3416        0.085404               
         R        164        GLN         0.64476         0.69719          1.1351         0.57705          1.8944               0               
         R        165        THR         0.23422         0.46737         0.51805          0.6057          1.3682               0               
         R        166        GLU         0.51422         0.70671         0.92559         0.71987          2.2562               0               
         R        167        PHE         0.26765         0.29546         0.42059         0.26991         0.86069               0               
         R        168        LYS         0.49187         0.69895          0.8428          0.7754          2.2562               0               
         R        169        ILE         0.15522         0.14114         0.28861        0.053905         0.37104               0               
         R        170        LEU         0.74252         0.63599          1.1872         0.63159          2.2562          0.1326               
         R        171        SER         0.70006         0.73752          1.5585         0.69776          2.2562          0.1326               
         R        172        LEU        0.097212        0.086544        0.042345        0.030197         0.24046               0               
         R        173        HIS         0.69701         0.88218          1.1323         0.90637          2.7214               0               
         R        174        PRO         0.35498         0.27249         0.51957           0.307         0.73665               0               
         R        175        GLY         0.22057         0.16916               0               0         0.44721               0               
         R        176        GLN         0.60993         0.84276          1.0891         0.87269          2.7214               0               
         R        177        LYS          0.7106         0.98893          1.2423           1.058          2.7214               0               
         R        178        TYR        0.022143        0.041599        0.033215        0.047201          0.1326               0               
         R        179        LEU         0.21506         0.33144         0.43013         0.35665          1.0038               0               
         R        180        VAL         0.12198         0.14597         0.28399        0.061554         0.37104               0               
         R        181        GLN        0.066781        0.088767         0.11982        0.088613         0.24046               0               
         R        182        VAL       0.0062713        0.014596        0.014633        0.019358        0.041988               0               
         R        183        ARG        0.086063         0.18204         0.13524         0.21312         0.62811               0               
         R        184        CYS               0               0               0               0               0               0               
         R        185        LYS         0.24163         0.45375         0.43493         0.53528          1.1708               0               
         R        186        PRO        0.049881        0.055126        0.058194        0.055332          0.1326               0               
         R        187        ASP         0.22046          0.1445         0.25331         0.18865         0.53233               0               
         R        188        HIS         0.67124         0.64218          1.0684          0.5404          1.8944        0.041988               
         R        189        GLY        0.044124         0.05376               0               0          0.1326               0               
         R        190        TYR         0.25889         0.33052         0.38309         0.34268         0.86069               0               
         R        191        TRP         0.10467         0.14526          0.1223         0.15537         0.37104               0               
         R        192        SER        0.047075        0.087834               0               0         0.24046               0               
         R        193        ALA         0.43497         0.34799          1.0038               0          1.0038               0               
         R        194        TRP        0.078608         0.11126        0.073236         0.11765         0.30248               0               
         R        195        SER        0.036095        0.047064               0               0          0.1326               0               
         R        196        PRO         0.58884         0.44626          1.0362         0.25883          1.3682               0               
         R        197        ALA         0.21793         0.16816        0.085404               0         0.44721       0.0019112               
         R        198        THR         0.22515         0.21548          0.4198         0.18231         0.62811               0               
         R        199        PHE         0.40886         0.32309         0.56078         0.30543          1.1708               0               
         R        200        ILE         0.21644         0.20901         0.34676         0.19366         0.62811               0               
         R        201        GLN         0.26455         0.27273          0.4322         0.26094         0.73665               0               
         R        202        ILE        0.069642        0.093867         0.13928        0.089006         0.24046               0               
         R        203        PRO          0.1604          0.1299         0.22924         0.10245         0.37104               0               
         R        204        SER         0.65263         0.60745          1.3776         0.51686          1.8944        0.085404               
         R        205        ASP         0.50406          0.5214         0.90198         0.46408           1.605               0               
         R        206        PHE         0.13149         0.14269         0.20635         0.12877         0.37104               0               
         R        207        THR         0.38756         0.31455         0.74181        0.095023         0.86069        0.085404               
         R        208        MET         0.33902         0.24981         0.49562         0.24762         0.73665        0.041988               
         R        209        ASN         0.27822         0.25977         0.47631         0.22368         0.86069       0.0019112               
         R        210        ASP         0.39663         0.37524         0.73828         0.21203         0.86069               0               
         R        211        THR         0.81399         0.45729           1.186         0.18217          1.3682         0.24046               
