pdb_id: 
analysis type: unbound
radii_file: F:\psiafrombintisolah\PSAIA-1.0\amac_data\chothia.radii
CX_sRadius: 5
CX_vAtom: 20.1

  chain id|    res id|  res name|     average CX|       s_avg CX|    s-ch avg CX|  s-ch s_avg CX|         max CX|         min CX|               
         A         13        ALA         0.70316         0.67372         0.86069               0          1.8944               0               
         A         14        VAL         0.66153         0.43088          1.0919         0.26379          1.3682         0.18408               
         A         15        ILE         0.15269         0.16097         0.27354         0.14616         0.44721               0               
         A         16        THR         0.77828         0.40871          1.2366         0.09303          1.3682         0.30248               
         A         17        ASP         0.36319         0.25054         0.52614         0.23014         0.73665        0.041988               
         A         18        TRP        0.082177         0.11133        0.064684        0.084252         0.37104               0               
         A         19        ARG         0.71232         0.87116          1.1194         0.85847          2.2562               0               
         A         20        PRO        0.037884          0.0599        0.044198        0.062506          0.1326               0               
         A         21        GLU         0.35198         0.22736         0.40595         0.22922         0.73665        0.085404               
         A         22        ASP         0.21028         0.27184         0.39956         0.27512         0.86069               0               
         A         23        PRO          0.3558         0.34371         0.74181        0.095023         0.86069               0               
         A         24        ALA         0.19064         0.27642         0.73665               0         0.73665               0               
         A         25        PHE        0.028489         0.05561        0.044768        0.064271         0.18408               0               
         A         26        TRP         0.08936          0.1173          0.1251         0.12163         0.37104               0               
         A         27        GLN         0.58108         0.41326          0.8286          0.2708          1.1708               0               
         A         28        GLN         0.83766         0.82665          1.4124         0.68997          2.2562               0               
         A         29        ARG         0.81495         0.97997          1.2746         0.96322          2.7214               0               
         A         30        GLY               0               0               0               0               0               0               
         A         31        GLN         0.66151         0.91647          1.1907         0.93899          2.7214               0               
         A         32        ARG         0.66793         0.63006          1.0374         0.49763          1.8944               0               
         A         33        ILE         0.04622        0.078892        0.092441        0.090417         0.24046               0               
         A         34        ALA               0               0               0               0               0               0               
         A         35        SER         0.31679         0.49615         0.90768         0.46047          1.3682               0               
         A         36        ARG         0.32673         0.30814         0.51343         0.23097          1.0038               0               
         A         37        ASN      0.00047779      0.00082756      0.00047779      0.00082756       0.0019112               0               
         A         38        LEU         0.19661          0.2577         0.39322         0.23559         0.62811               0               
         A         39        TRP         0.89593         0.81669          1.2501         0.70329          2.2562               0               
         A         40        ILE         0.23869         0.26199         0.45602         0.20356         0.73665               0               
         A         41        SER        0.076073         0.13555         0.22822         0.14282         0.37104               0               
         A         42        VAL         0.13611         0.17951         0.31695         0.13401         0.44721               0               
         A         43        PRO        0.093093        0.099658         0.15902         0.10798         0.30248               0               
         A         44        CYS         0.07983         0.11001         0.21754        0.084945         0.30248               0               
         A         45        LEU        0.080984        0.095499         0.15147         0.08929         0.30248               0               
         A         46        LEU         0.31022         0.52233         0.62044          0.5943           1.605               0               
         A         47        LEU         0.17222         0.18938         0.34444          0.1114         0.53233               0               
         A         48        ALA       0.0083975        0.016795        0.041988               0        0.041988               0               
         A         49        PHE        0.085911          0.1074           0.135         0.10724         0.30248               0               
         A         50        CYS               0               0               0               0               0               0               
         A         51        VAL         0.10587         0.13468          0.2464        0.088134         0.37104               0               
         A         52        TRP        0.090914         0.10606         0.12709         0.10568         0.30248               0               
         A         53        MET         0.13642         0.17456         0.27237         0.15486         0.53233               0               
         A         54        LEU         0.17787         0.18508         0.34524         0.11022         0.44721               0               
         A         55        PHE           0.146         0.15054         0.22916         0.12882         0.44721               0               
         A         56        SER         0.13258         0.17691      0.00095558      0.00095558         0.44721               0               
         A         57        ALA         0.14248          0.1635         0.44721               0         0.44721               0               
         A         58        VAL         0.12481         0.16154         0.29058         0.11312         0.44721               0               
         A         59        ALA      0.00076447      0.00093628       0.0019112               0       0.0019112               0               
         A         60        VAL         0.12472         0.12622         0.26302        0.055818         0.30248               0               
         A         61        ASN         0.20835          0.2829          0.4167         0.27064         0.86069               0               
         A         62        LEU        0.079886         0.12451         0.15977         0.13506         0.37104               0               
         A         63        PRO         0.17919         0.29637         0.38836         0.35582         0.86069               0               
         A         64        LYS         0.73108         0.55159          1.0833         0.45744           1.605       0.0019112               
         A         65        VAL         0.36909         0.22863         0.45146         0.27195         0.73665        0.085404               
         A         66        GLY         0.18242         0.12019               0               0         0.37104        0.041988               
         A         67        PHE        0.055298        0.088558        0.086624        0.098107         0.30248               0               
         A         68        ASN          0.8337         0.53744            1.31         0.34425          1.8944         0.24046               
         A         69        PHE           0.238         0.17311          0.2925         0.17926         0.53233               0               
         A         70        THR         0.22996           0.232         0.43101          0.2146         0.62811               0               
         A         71        THR          0.4341         0.47974         0.97043         0.17881          1.1708               0               
         A         72        ASP          0.2721         0.34627         0.54372         0.30372          1.0038               0               
         A         73        GLN          0.1197         0.26519         0.21545         0.32551         0.86069               0               
         A         74        LEU        0.063564        0.088677         0.12713        0.087443         0.24046               0               
         A         75        PHE        0.045495        0.074889        0.071493        0.083394         0.24046               0               
         A         76        MET         0.41686         0.62819         0.83373          0.6646          1.8944               0               
         A         77        LEU        0.070309        0.099114         0.14062        0.098795         0.30248               0               
         A         78        THR         0.01302        0.029564      0.00063706      0.00090093        0.085404               0               
         A         79        ALA               0               0               0               0               0               0               
         A         80        LEU         0.15559         0.17165         0.31069         0.10397         0.44721               0               
         A         81        PRO       0.0062713        0.014596        0.014633        0.019358        0.041988               0               
         A         82        SER        0.028786         0.04004        0.085404               0        0.085404               0               
         A         83        VAL         0.21102         0.33849          0.4639         0.39193          1.0038               0               
         A         84        SER       0.0069979        0.015648        0.020994        0.020994        0.041988               0               
         A         85        GLY               0               0               0               0               0               0               
         A         86        ALA      0.00076447      0.00093628       0.0019112               0       0.0019112               0               
         A         87        LEU         0.71829         0.80194          1.3698         0.65799          2.2562               0               
         A         88        LEU         0.12234         0.19914         0.24467         0.22221         0.62811               0               
         A         89        ARG        0.058586        0.084654        0.092064        0.090439         0.24046               0               
         A         90        VAL         0.35454         0.43403         0.81326         0.26623          1.1708               0               
         A         91        PRO         0.15983          0.2888         0.34383         0.36547         0.86069               0               
         A         92        TYR        0.089291         0.12274         0.13394         0.12891         0.30248               0               
         A         93        SER          0.1455         0.12475         0.30248               0         0.30248               0               
         A         94        PHE         0.68951         0.76612          1.0835         0.70387          2.2562               0               
         A         95        MET         0.24977         0.47001         0.49954         0.56307          1.3682               0               
         A         96        VAL        0.044429        0.057465         0.10239        0.042713          0.1326               0               
         A         97        PRO         0.38876         0.33789         0.51269         0.40926          1.0038               0               
         A         98        ILE         0.55158         0.62007         0.93822         0.65122          1.8944               0               
         A         99        PHE         0.55146         0.71771         0.86058         0.73924          2.2562               0               
         A        100        GLY        0.046497        0.079436               0               0         0.18408               0               
         A        101        GLY        0.043646         0.05414               0               0          0.1326               0               
         A        102        ARG         0.12004         0.15238         0.18864         0.15345         0.37104               0               
         A        103        ARG         0.56792         0.65424         0.89245         0.61887           1.605               0               
         A        104        TRP         0.08419         0.10685         0.11787          0.1096         0.37104               0               
         A        105        THR          0.2051           0.242         0.47857        0.076037         0.53233               0               
         A        106        ALA               0               0               0               0               0               0               
         A        107        PHE          0.4073          0.4586         0.64005         0.42606          1.1708               0               
         A        108        SER      0.00031853      0.00071225               0               0       0.0019112               0               
         A        109        THR        0.062154         0.10826         0.14503          0.1238         0.30248               0               
         A        110        GLY        0.042702        0.042702               0               0        0.085404               0               
         A        111        ILE         0.23693          0.2004         0.41327         0.08571         0.53233               0               
         A        112        LEU        0.094656         0.14469         0.17881         0.16546         0.44721               0               
         A        113        ILE          0.2303         0.30078         0.46013         0.27441         0.86069               0               
         A        114        ILE         0.61706         0.86125          1.2128         0.87886          2.7214               0               
         A        115        PRO        0.024947        0.038244        0.029742        0.039359        0.085404               0               
         A        116        CYS         0.11461         0.17272         0.34383         0.10337         0.44721               0               
         A        117        VAL         0.20899         0.25737         0.48764         0.13664         0.62811               0               
         A        118        TRP         0.45841          0.3844         0.64178         0.29865          1.0038               0               
         A        119        LEU         0.24224         0.29666         0.48399         0.24315         0.86069               0               
         A        120        GLY               0               0               0               0               0               0               
         A        121        PHE         0.67011         0.65446          1.0346         0.55419          1.8944               0               
         A        122        ALA        0.017177         0.02027        0.041988               0        0.041988               0               
         A        123        VAL         0.12118         0.10603         0.18162         0.12957         0.30248               0               
         A        124        GLN         0.87569         0.78368          1.3509         0.72967          2.2562       0.0019112               
         A        125        ASP          0.1843         0.15638         0.33676        0.034276         0.37104               0               
         A        126        THR         0.45224         0.42033         0.87394         0.30936          1.1708        0.085404               
         A        127        SER         0.45193          0.2991         0.86069               0         0.86069          0.1326               
         A        128        THR        0.068159         0.10252        0.028468         0.04026         0.30248               0               
         A        129        PRO         0.32335         0.21592         0.47558        0.040131         0.53233               0               
         A        130        TYR          0.2355          0.2288          0.3201         0.23422         0.62811               0               
         A        131        SER         0.60121         0.79456          1.5585         0.69776          2.2562       0.0019112               
         A        132        VAL         0.23117         0.29262          0.5114         0.24856         0.86069               0               
         A        133        PHE          0.2351          0.2396         0.36945         0.20145         0.62811               0               
         A        134        ILE         0.29675         0.34875          0.5935         0.25911          1.0038               0               
         A        135        ILE         0.37221         0.45296         0.74395         0.36602          1.3682               0               
         A        136        ILE        0.038397        0.056048        0.076795        0.057742          0.1326               0               
         A        137        SER               0               0               0               0               0               0               
         A        138        LEU         0.27141         0.51351         0.54282         0.61649           1.605               0               
         A        139        LEU         0.29408          0.3577         0.58817         0.28797         0.86069               0               
         A        140        CYS        0.022736        0.049138        0.067253        0.065342          0.1326               0               
         A        141        GLY               0               0               0               0               0               0               
         A        142        PHE         0.41924         0.54052         0.65854         0.54922           1.605               0               
         A        143        ALA      0.00038223      0.00076447               0               0       0.0019112               0               
         A        144        GLY               0               0               0               0               0               0               
         A        145        ALA               0               0               0               0               0               0               
         A        146        ASN        0.096126         0.11782         0.19225        0.096335         0.30248               0               
         A        147        PHE          0.1934          0.1917         0.30392         0.15543         0.53233               0               
         A        148        ALA        0.042559        0.038195        0.085404               0        0.085404               0               
         A        149        SER               0               0               0               0               0               0               
         A        150        SER        0.051051         0.11245          0.1522         0.15029         0.30248               0               
         A        151        MET        0.095104         0.14322         0.19021         0.15145         0.37104               0               
         A        152        ALA        0.034917        0.051475          0.1326               0          0.1326               0               
         A        153        ASN         0.13677         0.17143         0.27354         0.14616         0.44721               0               
         A        154        ILE         0.08807           0.105         0.17614        0.080863         0.30248               0               
         A        155        SER        0.061677        0.086552         0.18408               0         0.18408               0               
         A        156        PHE         0.30884         0.36975         0.46611         0.38073          1.1708               0               
         A        157        PHE        0.063702         0.11991          0.1001         0.13766         0.37104               0               
         A        158        PHE         0.18934         0.26228         0.29754         0.27551         0.86069               0               
         A        159        PRO        0.018199        0.031026        0.028468         0.04026        0.085404               0               
         A        160        LYS         0.18937         0.27127         0.30556         0.31586         0.86069               0               
         A        161        GLN         0.84361         0.55509          1.8944               0          1.8944         0.30248               
         A        162        LYS         0.92387          1.2833          1.6061          1.3818          4.2099               0               
         A        163        GLN        0.068165          0.0981         0.12193           0.104         0.30248               0               
         A        164        GLY         0.30074         0.14218               0               0         0.53233         0.18408               
         A        165        GLY         0.26671         0.22701               0               0         0.53233       0.0019112               
         A        166        ALA        0.070119        0.059789          0.1326               0          0.1326               0               
         A        167        LEU         0.21787         0.28942         0.43574         0.26943         0.86069               0               
         A        168        GLY        0.080124        0.080302               0               0         0.18408       0.0019112               
         A        169        LEU         0.60071         0.73968          1.2014         0.61037          1.8944               0               
         A        170        ASN        0.027728        0.048389        0.055455        0.056083          0.1326               0               
         A        171        GLY        0.021829        0.036713               0               0        0.085404               0               
         A        172        GLY         0.10376        0.092332               0               0         0.24046               0               
         A        173        LEU         0.50201         0.57321         0.97086          0.4628           1.605               0               
         A        174        GLY               0               0               0               0               0               0               
         A        175        ASN         0.10073         0.14665         0.20147         0.15072         0.44721               0               
         A        176        MET         0.42371         0.66939         0.83692         0.74455          1.8944               0               
         A        177        GLY               0               0               0               0               0               0               
         A        178        VAL         0.12523         0.16175         0.29156          0.1124         0.37104               0               
         A        179        SER      0.00063706      0.00090093       0.0019112               0       0.0019112               0               
         A        180        VAL         0.25077         0.35029          0.5845         0.30233          1.0038               0               
         A        181        MET         0.02301        0.060878        0.046019        0.079708         0.18408               0               
         A        182        GLN         0.12848         0.14766         0.23127          0.1244         0.37104               0               
         A        183        LEU         0.35253         0.47724         0.70458         0.45568          1.3682               0               
         A        184        VAL         0.22478         0.25736         0.51049         0.10608         0.62811               0               
         A        185        ALA        0.056872        0.093184         0.24046               0         0.24046               0               
         A        186        PRO         0.10747         0.10418        0.080154         0.11335         0.24046               0               
         A        187        LEU         0.74319         0.74267          1.3319         0.61663          2.2562               0               
         A        188        VAL        0.086828         0.10064          0.1293         0.12733         0.30248               0               
         A        189        VAL         0.34386         0.30909         0.60735         0.28206          1.0038               0               
         A        190        SER          1.2838         0.52869          1.6313         0.26313          1.8944         0.37104               
         A        211        TYR         0.95642         0.82003          1.8944               0          1.8944               0               
         A        212        LEU         0.24555         0.15646         0.30507         0.15234         0.44721               0               
         A        213        ALA        0.056872        0.093184       0.0019112               0         0.24046               0               
         A        214        ASN         0.26974         0.34064         0.52899         0.31197          1.0038               0               
         A        215        ALA         0.13119         0.10015         0.30248               0         0.30248        0.041988               
         A        216        SER        0.014314         0.01958      0.00095558      0.00095558        0.041988               0               
         A        217        TRP         0.23872         0.31236         0.32567         0.33104          1.0038               0               
         A        218        ILE         0.43033         0.58803         0.82703         0.61119           1.605               0               
         A        219        TRP         0.21466         0.20527         0.30052         0.18218         0.62811               0               
         A        220        VAL         0.18139         0.27146         0.40861          0.2849         0.73665               0               
         A        221        PRO          0.1926         0.27959         0.35956         0.35487         0.86069               0               
         A        222        PHE         0.91483          1.1374          1.4376          1.1321          3.3416               0               
         A        223        LEU          0.1047         0.13391         0.20939         0.11807         0.37104               0               
         A        224        ALA         0.15214         0.24346         0.62811               0         0.62811               0               
         A        225        ILE         0.51257         0.75735          1.0251         0.78849          2.2562               0               
         A        226        PHE         0.47316          0.6075         0.74354         0.61555          1.8944               0               
         A        227        THR        0.088521         0.18355         0.20655         0.23287         0.53233               0               
         A        228        ILE          0.4715         0.57417         0.94299         0.46339           1.605               0               
         A        229        ALA        0.026901        0.052852          0.1326               0          0.1326               0               
         A        230        ALA      0.00038223      0.00076447               0               0       0.0019112               0               
         A        231        TRP         0.36319          0.4179         0.50847         0.41307          1.3682               0               
         A        232        PHE          0.5895         0.51653         0.79618         0.50116          1.8944               0               
         A        233        GLY         0.12511        0.073905               0               0         0.24046        0.041988               
         A        234        MET        0.050559        0.065717        0.090143        0.071989         0.18408               0               
         A        235        ASN        0.070309        0.099114         0.14062        0.098795         0.30248               0               
         A        236        ASP       0.0054873         0.01381        0.010497        0.018181        0.041988               0               
         A        237        LEU         0.37192         0.27949         0.31215         0.33535         0.86069               0               
         A        238        ALA          1.6801         0.99156          1.0038               0          3.3416         0.62811               
         A        256        LEU          1.2883         0.83358          1.7587         0.66927          2.2562          0.1326               
         A        257        TRP         0.71755         0.48863         0.96087         0.34772           1.605               0               
         A        258        ILE         0.58305         0.66225          1.1116         0.56139          1.8944               0               
         A        259        MET         0.17967         0.19074         0.35934        0.090561         0.44721               0               
         A        260        SER        0.014234        0.031828        0.042702        0.042702        0.085404               0               
         A        261        LEU         0.70667          1.0677          1.4133          1.1319          3.3416               0               
         A        262        LEU         0.16886         0.19901         0.33771         0.14895         0.44721               0               
         A        263        TYR        0.058594         0.09367        0.087891         0.10289         0.30248               0               
         A        264        LEU          0.1479          0.2211          0.2958         0.23242         0.62811               0               
         A        265        ALA      0.00038223      0.00076447               0               0       0.0019112               0               
         A        266        THR               0               0               0               0               0               0               
         A        267        PHE        0.084864          0.1267         0.13336         0.13696         0.37104               0               
         A        268        GLY               0               0               0               0               0               0               
         A        269        SER      0.00031853      0.00071225      0.00095558      0.00095558       0.0019112               0               
         A        270        PHE         0.12926         0.18415         0.20312         0.19567         0.62811               0               
         A        271        ILE         0.06082         0.10942         0.12164         0.12864         0.30248               0               
         A        272        GLY               0               0               0               0               0               0               
         A        273        PHE         0.12238         0.12114         0.19231        0.098038         0.30248               0               
         A        274        SER        0.037677        0.067243               0               0         0.18408               0               
         A        275        ALA        0.098077         0.12433       0.0019112               0         0.30248               0               
         A        276        GLY        0.075494         0.03743               0               0          0.1326        0.041988               
         A        277        PHE         0.17659         0.14428         0.26529         0.10145         0.44721               0               
         A        278        ALA          0.1236         0.16625         0.44721               0         0.44721               0               
         A        279        MET        0.085552         0.12352         0.14975         0.14458         0.37104               0               
         A        280        LEU         0.13021         0.14199         0.26042        0.080097         0.37104               0               
         A        281        SER        0.030679        0.068601        0.092038        0.092038         0.18408               0               
         A        282        LYS         0.33141         0.38839         0.59655         0.33669          1.1708               0               
         A        283        THR         0.23082         0.16652         0.27338         0.19446         0.44721               0               
         A        284        GLN         0.16617         0.19908          0.2907          0.1902         0.62811               0               
         A        285        PHE        0.046532        0.082675        0.072849        0.093999         0.24046               0               
         A        286        PRO         0.32418         0.33265         0.62413         0.31165          1.0038        0.041988               
         A        287        ASP         0.64252         0.44513         0.90198         0.46408           1.605         0.18408               
         A        288        VAL         0.22428         0.14446         0.33411         0.11055         0.44721               0               
         A        289        GLN         0.78359         0.72255          1.2887         0.58957          2.2562       0.0019112               
         A        290        ILE         0.10769         0.11619         0.18223         0.11222         0.30248               0               
         A        291        LEU         0.32675         0.30148         0.59804          0.1773         0.86069       0.0019112               
         A        292        GLN          1.0944          1.1486          1.9089         0.93834          3.3416       0.0019112               
         A        293        TYR         0.68142         0.90494          1.0221         0.93815          2.7214               0               
         A        294        ALA        0.072114        0.073797        0.041988               0         0.18408               0               
         A        295        PHE         0.16585          0.2372         0.26062         0.25242         0.73665               0               
         A        296        PHE         0.53351         0.60762         0.83838         0.56972          1.8944               0               
         A        297        GLY               0               0               0               0               0               0               
         A        298        PRO       0.0059982        0.014693        0.013996        0.019793        0.041988               0               
         A        299        PHE         0.47803         0.54429         0.75119         0.51023           1.605               0               
         A        300        ILE         0.21817         0.23669         0.42585         0.15956         0.62811               0               
         A        301        GLY               0               0               0               0               0               0               
         A        302        ALA        0.034258        0.031481        0.041988               0        0.085404               0               
         A        303        LEU         0.56337          0.6711          1.1058         0.55852          1.8944               0               
         A        304        ALA       0.0083975        0.016795               0               0        0.041988               0               
         A        305        ARG         0.28093         0.27432         0.44118         0.21823         0.73665               0               
         A        306        SER         0.32075         0.23935         0.63449         0.10216         0.73665        0.041988               
         A        307        ALA         0.23547         0.32094         0.86069               0         0.86069               0               
         A        308        GLY               0               0               0               0               0               0               
         A        309        GLY        0.010497        0.018181               0               0        0.041988               0               
         A        310        ALA         0.19254         0.28033         0.73665               0         0.73665               0               
         A        311        LEU         0.63216         0.89527          1.2638         0.89719          2.7214               0               
         A        312        SER               0               0               0               0               0               0               
         A        313        ASP         0.36736         0.24767           0.535        0.064013         0.62811               0               
         A        314        ARG          1.5612          1.6324          2.3386          1.5777          4.2099               0               
         A        315        LEU         0.58226         0.45434         0.92553         0.40264          1.3682        0.041988               
         A        316        GLY         0.20067         0.25139               0               0         0.62811               0               
         A        317        GLY        0.070612        0.099549               0               0         0.24046               0               
         A        318        THR         0.25889         0.24788         0.49545          0.1805         0.73665               0               
         A        319        ARG          1.5915          1.6482          2.4947          1.4231          4.2099               0               
         A        320        VAL         0.13507         0.18051         0.28607         0.18529         0.53233               0               
         A        321        THR        0.077946         0.12789         0.18187         0.13878         0.37104               0               
         A        322        LEU         0.36332         0.51764         0.72665         0.52142           1.605               0               
         A        323        VAL         0.42886         0.53273               1         0.30214          1.3682               0               
         A        324        ASN        0.080317        0.090121         0.16063        0.057809         0.24046               0               
         A        325        PHE        0.087776         0.11735         0.13793         0.12133         0.30248               0               
         A        326        ILE         0.31672         0.33217         0.62294         0.18112         0.86069               0               
         A        327        LEU         0.39909         0.57167         0.79819         0.57884          1.3682               0               
         A        328        MET        0.063206        0.087339         0.12641         0.08524         0.24046               0               
         A        329        ALA        0.048475        0.095996         0.24046               0         0.24046               0               
         A        330        ILE          0.5311         0.73058          1.0409         0.73921          2.2562               0               
         A        331        PHE           0.487          0.8059         0.76529         0.89869          2.7214               0               
         A        332        SER        0.029734        0.048386        0.087291        0.045304          0.1326               0               
         A        333        GLY        0.031848        0.035354               0               0        0.085404               0               
         A        334        LEU         0.53109         0.61963          1.0512         0.47593           1.605               0               
         A        335        LEU         0.17804         0.24448         0.35609         0.23695         0.73665               0               
         A        336        PHE         0.24939         0.23038          0.3859         0.17879         0.53233               0               
         A        337        LEU         0.76253         0.69902          1.2884         0.60723          1.8944       0.0019112               
         A        338        THR      0.00081907      0.00094578      0.00063706      0.00090093       0.0019112               0               
         A        339        LEU         0.22142         0.10932         0.30716        0.076374         0.37104        0.041988               
         A        340        PRO          0.1147         0.10945        0.013996        0.019793         0.30248               0               
         A        341        THR         0.78914         0.67843          1.5011         0.37093          1.8944       0.0019112               
         A        342        ASP          1.1138          0.5569          1.5507         0.44422          2.2562         0.44721               
         A        343        GLY         0.66231         0.12103               0               0         0.86069         0.53233               
         A        344        GLN         0.92262         0.42816          1.2089         0.36518           1.605         0.44721               
         A        345        GLY         0.52017         0.22342               0               0         0.86069         0.24046               
         A        346        GLY         0.52017         0.22342               0               0         0.86069         0.24046               
         A        347        SER         0.37507         0.27849         0.59193         0.14472         0.73665               0               
         A        348        PHE         0.24715         0.28341         0.38238         0.27521         0.86069               0               
         A        349        MET          1.6061          2.0033          3.1551          1.7949          5.5124               0               
         A        350        ALA         0.11492         0.16913         0.44721               0         0.44721               0               
         A        351        PHE        0.079579        0.093022         0.12505        0.088944         0.30248               0               
         A        352        PHE         0.29364         0.30066         0.46143         0.25422         0.86069               0               
         A        353        ALA         0.14771         0.29447         0.73665               0         0.73665               0               
         A        354        VAL         0.12013         0.21039         0.25183         0.26666         0.62811               0               
         A        355        PHE          0.1742         0.21527         0.27374         0.21348         0.62811               0               
         A        356        LEU         0.30139         0.40958         0.60277         0.39222          1.1708               0               
         A        357        ALA        0.026519        0.053038          0.1326               0          0.1326               0               
         A        358        LEU        0.073882        0.084121         0.14776        0.056881         0.24046               0               
         A        359        PHE        0.020339        0.042997        0.031962        0.050335          0.1326               0               
         A        360        LEU         0.55678         0.68349          1.1136         0.56065           1.605               0               
         A        361        THR               0               0               0               0               0               0               
         A        362        ALA               0               0               0               0               0               0               
         A        363        GLY               0               0               0               0               0               0               
         A        364        LEU         0.28062         0.44979         0.56124         0.49712          1.3682               0               
         A        365        GLY               0               0               0               0               0               0               
         A        366        SER               0               0               0               0               0               0               
         A        367        GLY               0               0               0               0               0               0               
         A        368        SER      0.00031853      0.00071225      0.00095558      0.00095558       0.0019112               0               
         A        369        THR        0.018199        0.031026        0.042464        0.034868        0.085404               0               
         A        370        PHE         0.50526          0.5324         0.79398         0.46495           1.605               0               
         A        371        GLN         0.10617         0.11738         0.19111        0.092553         0.30248               0               
         A        372        MET         0.13444         0.16279         0.26889         0.12981         0.44721               0               
         A        373        ILE         0.14607          0.1592         0.29215        0.089523         0.44721               0               
         A        374        SER          0.1288         0.20069          0.3864         0.14594         0.53233               0               
         A        375        VAL         0.20938         0.29687         0.48855         0.26314         0.86069               0               
         A        376        ILE         0.30684         0.31927         0.61321         0.12705         0.73665               0               
         A        377        PHE         0.26002         0.37234          0.4086         0.39641          1.1708               0               
         A        378        ARG         0.64094         0.78163          1.0069         0.76924          2.7214               0               
         A        379        LYS          1.1934          1.4966          2.1397          1.4201          4.2099               0               
         A        380        LEU         0.45401         0.61386         0.90755         0.58503          1.8944               0               
         A        381        THR      0.00027302      0.00066877               0               0       0.0019112               0               
         A        382        MET          0.3639         0.42775         0.72732         0.31904          1.0038               0               
         A        383        ASP          0.3871         0.38485         0.75236         0.16744          1.0038               0               
         A        384        ARG         0.62684         0.62884         0.97904         0.52925           1.605               0               
         A        385        VAL        0.012201        0.029885        0.028468         0.04026        0.085404               0               
         A        386        LYS          1.1944          1.5005           2.089          1.4961          4.2099               0               
         A        387        ALA         0.40804          0.2584         0.73665               0         0.73665       0.0019112               
         A        388        GLU         0.38056         0.34791          0.4667         0.37753          1.1708        0.041988               
         A        389        GLY          0.5585         0.39582               0               0          1.1708          0.1326               
         A        390        GLY         0.42972         0.29607               0               0         0.86069        0.085404               
         A        391        SER         0.32082         0.21933         0.45169        0.080649         0.53233               0               
         A        392        ASP         0.71873         0.77202           1.383         0.55352          2.2562               0               
         A        393        GLU         0.71303         0.81678          1.2834         0.68464          2.2562               0               
         A        394        ARG         0.31561         0.32041         0.49596          0.2681          1.0038               0               
         A        395        ALA      0.00038223      0.00076447       0.0019112               0       0.0019112               0               
         A        396        MET         0.64113         0.80033          1.2613         0.71519          2.2562               0               
         A        397        ARG         0.42348         0.46325         0.66547         0.41976          1.3682               0               
         A        398        GLU         0.25251         0.25927         0.45452         0.17084         0.62811               0               
         A        399        ALA      0.00038223      0.00076447               0               0       0.0019112               0               
         A        400        ALA       0.0087798         0.01662               0               0        0.041988               0               
         A        401        THR         0.31691         0.54358         0.73882         0.61477           1.605               0               
         A        402        ASP         0.27346         0.37948         0.54692          0.3721          1.0038               0               
         A        403        THR         0.15758         0.29876         0.36705          0.3626         0.86069               0               
         A        404        ALA         0.15462         0.12401         0.37104               0         0.37104               0               
         A        405        ALA         0.32833         0.18892         0.62811               0         0.62811        0.085404               
         A        406        ALA        0.062294        0.068613         0.18408               0         0.18408               0               
         A        407        LEU         0.29549         0.31041         0.59097         0.13449         0.73665               0               
         A        408        GLY        0.066298        0.066298               0               0          0.1326               0               
         A        409        PHE         0.41296          0.3606         0.64839         0.22783         0.86069               0               
         A        410        ILE         0.16447         0.18511         0.32894         0.12013         0.53233               0               
         A        411        SER      0.00063706      0.00090093       0.0019112               0       0.0019112               0               
         A        412        ALA       0.0087798         0.01662       0.0019112               0        0.041988               0               
         A        413        ILE         0.25998         0.27071         0.47631         0.22368         0.86069               0               
         A        414        GLY               0               0               0               0               0               0               
         A        415        ALA        0.009162        0.016435               0               0        0.041988               0               
         A        416        ILE          0.6131         0.76241           1.183         0.71494          2.2562               0               
         A        417        GLY        0.079168        0.081233               0               0         0.18408               0               
         A        418        GLY      0.00095558      0.00095558               0               0       0.0019112               0               
         A        419        PHE          0.3406          0.3877         0.53523         0.36336          1.0038               0               
         A        420        PHE          0.8052         0.87159          1.2653         0.78203          2.7214               0               
         A        421        ILE        0.039172        0.061916        0.078345         0.06781         0.18408               0               
         A        422        PRO               0               0               0               0               0               0               
         A        423        LYS         0.37078         0.44958          0.6674         0.40725          1.1708               0               
         A        424        ALA        0.034162        0.041839        0.085404               0        0.085404               0               
         A        425        PHE         0.18591         0.22578         0.29215         0.22151         0.73665               0               
         A        426        GLY               0               0               0               0               0               0               
         A        427        SER         0.33695          0.4132         0.85157         0.31924          1.1708               0               
         A        428        SER               0               0               0               0               0               0               
         A        429        LEU         0.20222         0.31917         0.39395          0.3604          1.0038               0               
         A        430        ALA         0.44954         0.26882         0.62811               0         0.86069        0.085404               
         A        431        LEU         0.86794         0.89104          1.5567         0.78162          2.7214               0               
         A        432        THR         0.53192          0.4872         0.78856         0.61171           1.605        0.041988               
         A        433        GLY          0.2903         0.27261               0               0         0.73665               0               
         A        434        SER          0.1264         0.19286         0.35821         0.17413         0.53233               0               
         A        435        PRO        0.097176        0.081264         0.16855        0.050849         0.24046               0               
         A        436        VAL         0.17904         0.23212         0.62811               0         0.62811               0               
         A        437        GLY         0.13597        0.063332               0               0         0.24046        0.085404               
         A        438        ALA        0.017081        0.034162               0               0        0.085404               0               
         A        439        MET         0.09826         0.13115         0.19652         0.12283         0.37104               0               
         A        440        LYS          1.0588          1.4288          1.9059          1.4354          4.2099               0               
         A        441        VAL         0.28641         0.37141         0.66765         0.25984          1.0038               0               
         A        442        PHE         0.12299          0.1445         0.19327         0.13867         0.37104               0               
         A        443        LEU         0.36944         0.51296         0.73889         0.50328           1.605               0               
         A        444        ILE          0.5009         0.56596          1.0013         0.37388          1.3682               0               
         A        445        PHE         0.42841         0.42976         0.67321         0.35416          1.1708               0               
         A        446        TYR         0.11564         0.18359         0.17345         0.20133         0.62811               0               
         A        447        ILE         0.39696         0.45415         0.79344         0.31322          1.1708               0               
         A        448        ALA         0.12562         0.25124         0.62811               0         0.62811               0               
         A        449        CYS        0.014552        0.031693        0.043657        0.041746        0.085404               0               
         A        450        VAL         0.19983         0.40124         0.46562           0.502          1.1708               0               
         A        451        VAL          0.3889         0.54948         0.89343         0.50853           1.605               0               
         A        452        ILE         0.52498          0.7581            1.05         0.77345          2.2562               0               
         A        453        THR        0.079575         0.13482         0.18504         0.15148         0.37104               0               
         A        454        TRP         0.72577          0.7286          1.0161          0.6695          2.2562               0               
         A        455        ALA         0.38184         0.35705         0.53233               0          1.0038               0               
         A        456        VAL         0.28413         0.21128         0.50396        0.040131         0.53233               0               
         A        457        TYR         0.46179         0.33695         0.47976          0.2505          1.1708               0               
         A        458        GLY         0.93973          0.3787               0               0          1.3682         0.44721               
