pdb_id: 
analysis type: unbound
radii_file: F:\psiafrombintisolah\PSAIA-1.0\amac_data\chothia.radii
CX_sRadius: 5
CX_vAtom: 20.1

  chain id|    res id|  res name|     average CX|       s_avg CX|    s-ch avg CX|  s-ch s_avg CX|         max CX|         min CX|               
         A       1834        GLY         0.36323         0.41228               0               0          1.0038               0               
         A       1835        LEU         0.35888         0.28849         0.53249         0.29856         0.86069       0.0019112               
         A       1836        ILE         0.38546         0.32362         0.68944         0.12247         0.86069               0               
         A       1837        TYR         0.51783         0.44376         0.70288         0.42809          1.3682       0.0019112               
         A       1838        ILE         0.35589         0.31315         0.62518         0.18782         0.86069               0               
         A       1839        ASN         0.87941          0.7154          1.5402         0.37691          1.8944        0.085404               
         A       1840        ASP         0.93269         0.66367          1.4915          0.4488          2.2562        0.085404               
         A       1841        SER         0.15185         0.11455         0.24328        0.059204         0.30248               0               
         A       1842        LEU        0.063982        0.091004         0.12749        0.092181         0.24046               0               
         A       1843        TYR         0.15646         0.27942         0.23445         0.31443          1.0038               0               
         A       1844        TYR         0.22306         0.40312          0.3346         0.45436          1.3682               0               
         A       1845        PHE         0.25385         0.32831         0.39291         0.34061          1.1708               0               
         A       1846        LYS          1.1485          1.8499          2.0586          2.0727          5.5124               0               
         A       1847        PRO          0.6212         0.25249         0.87858         0.17711          1.0038         0.37104               
         A       1848        PRO         0.41009         0.16631         0.40667         0.12256         0.73665         0.24046               
         A       1849        VAL         0.70021         0.59358          1.3007         0.41983          1.8944        0.085404               
         A       1850        ASN         0.93297         0.70618          1.5583         0.45631          2.2562         0.24046               
         A       1851        ASN         0.21169         0.31145         0.35709         0.38383          1.0038               0               
         A       1852        LEU         0.28507         0.28059         0.48141         0.27588         0.86069               0               
         A       1853        ILE          0.2181         0.16369          0.1848         0.13118         0.53233               0               
         A       1854        THR         0.28171         0.22029          0.3397         0.29215         0.73665        0.041988               
         A       1855        GLY        0.046975         0.07916               0               0         0.18408               0               
         A       1856        PHE         0.32184         0.20785         0.36034          0.1742         0.73665       0.0019112               
         A       1857        VAL         0.15834         0.15548         0.20726         0.17365         0.44721               0               
         A       1858        THR         0.27772         0.26691         0.40172         0.34152         0.86069        0.041988               
         A       1859        VAL         0.32226          0.3059         0.51965         0.35077          1.0038               0               
         A       1860        GLY         0.41102           0.188               0               0         0.73665         0.30248               
         A       1861        ASP          1.0746         0.86225          1.8061         0.61839          2.7214          0.1326               
         A       1862        ASP         0.28083         0.30361         0.46962         0.32342          1.0038               0               
         A       1863        LYS         0.60652          1.0558          1.0833          1.2225          3.3416               0               
         A       1864        TYR         0.12683         0.19403         0.19025         0.21072         0.62811               0               
         A       1865        TYR        0.083725         0.20329         0.12559         0.23819         0.73665               0               
         A       1866        PHE        0.015572         0.02723         0.02447         0.03078        0.085404               0               
         A       1867        ASN        0.054385         0.10333         0.10877         0.12425         0.30248               0               
         A       1868        PRO         0.28425         0.24793         0.43882         0.24667         0.73665               0               
         A       1869        ILE         0.65002         0.72982          1.1232         0.76943          2.2562        0.041988               
         A       1870        ASN         0.46282         0.50457         0.82512         0.49201           1.605               0               
         A       1871        GLY          0.3403        0.077089               0               0         0.44721         0.24046               
         A       1872        GLY               0               0               0               0               0               0               
         A       1873        ALA       0.0083975        0.016795        0.041988               0        0.041988               0               
         A       1874        ALA         0.14918         0.18115       0.0019112               0         0.37104               0               
         A       1875        SER         0.12645         0.15653        0.020994        0.020994         0.44721               0               
         A       1876        ILE         0.51713         0.48303         0.77384         0.57308           1.605         0.18408               
         A       1877        GLY        0.042702        0.042702               0               0        0.085404               0               
         A       1878        GLU         0.25965         0.15508         0.34131          0.1297         0.53233       0.0019112               
         A       1879        THR         0.17359           0.159         0.30122         0.15574         0.44721               0               
         A       1880        ILE          0.4719         0.27743         0.67069         0.26778          1.0038         0.24046               
         A       1881        ILE        0.037514        0.039354        0.053199        0.035462        0.085404               0               
         A       1882        ASP          0.7557          0.5439          1.2793           0.188           1.605          0.1326               
         A       1883        ASP          1.0793         0.86976          1.8479         0.56626          2.7214         0.18408               
         A       1884        LYS         0.39977         0.55615         0.69269         0.60091           1.605               0               
         A       1885        ASN          0.2845         0.32628          0.5585         0.24986         0.73665               0               
         A       1886        TYR        0.062591         0.12295        0.093886         0.14048         0.44721               0               
         A       1887        TYR         0.24309         0.52348         0.36464         0.60558          1.8944               0               
         A       1888        PHE        0.015572         0.02723         0.02447         0.03078        0.085404               0               
         A       1889        ASN         0.11885         0.17401         0.20456         0.20633         0.44721               0               
         A       1890        GLN         0.81008         0.66602          1.3464         0.37972          1.8944        0.085404               
         A       1891        SER          0.4308         0.31135         0.81596         0.18786          1.0038          0.1326               
         A       1892        GLY      0.00047779      0.00082756               0               0       0.0019112               0               
         A       1893        VAL        0.019215        0.046292        0.044835         0.06206          0.1326               0               
         A       1894        LEU         0.09289        0.096272         0.15215        0.090812         0.24046               0               
         A       1895        GLN         0.34335         0.48204         0.59151         0.52636           1.605               0               
         A       1896        THR         0.30201         0.15844         0.36152         0.22166         0.62811        0.085404               
         A       1897        GLY        0.043646         0.05414               0               0          0.1326               0               
         A       1898        VAL         0.14024        0.095113        0.061359        0.086775         0.24046               0               
         A       1899        PHE         0.12554         0.22323         0.18481         0.26053         0.73665               0               
         A       1900        SER         0.46335         0.29445         0.86069               0         0.86069          0.1326               
         A       1901        THR         0.06964        0.067724               0               0         0.18408               0               
         A       1902        GLU          1.2627          1.0668          1.8892          1.0441          3.3416         0.24046               
         A       1903        ASP         0.47362         0.43999         0.71472         0.49089          1.3682       0.0019112               
         A       1904        GLY        0.081466        0.098194               0               0         0.24046               0               
         A       1905        PHE         0.18122         0.16522         0.27257         0.13845         0.44721               0               
         A       1906        LYS         0.13852         0.14697         0.24896         0.10695         0.44721               0               
         A       1907        TYR         0.14004         0.19703         0.18706         0.22006         0.53233               0               
         A       1908        PHE        0.007764        0.024552        0.012201        0.029885        0.085404               0               
         A       1909        ALA               0               0               0               0               0               0               
         A       1910        PRO          0.1753         0.22447         0.39441         0.18203         0.62811               0               
         A       1911        ALA        0.095413          0.1143          0.1326               0         0.30248               0               
         A       1912        ASN         0.43852         0.43225         0.74395         0.36602          1.3682               0               
         A       1913        THR         0.20689         0.19667         0.10147         0.14214         0.53233               0               
         A       1914        LEU         0.27821         0.32032         0.53507         0.26812         0.86069               0               
         A       1915        ASP         0.87572         0.64029          1.4004         0.49878          2.2562         0.18408               
         A       1916        GLU          1.1951          1.1332           1.973         0.96036          3.3416        0.041988               
         A       1917        ASN       0.0002389      0.00063206               0               0       0.0019112               0               
         A       1918        LEU          0.5031         0.62378         0.97434          0.5769          1.8944               0               
         A       1919        GLU         0.43669         0.34816         0.71696         0.20155          1.0038        0.041988               
         A       1920        GLY               0               0               0               0               0               0               
         A       1921        GLU         0.16454         0.31177         0.29618         0.36875          1.0038               0               
         A       1922        ALA         0.12138         0.14788       0.0019112               0         0.30248               0               
         A       1923        ILE          0.1397         0.12921        0.043646         0.05414         0.37104               0               
         A       1924        ASP         0.34667         0.35981         0.61321         0.33225          1.1708       0.0019112               
         A       1925        PHE         0.16538         0.29765         0.25988         0.33862          1.0038               0               
         A       1926        THR         0.31233         0.39967         0.61363         0.46095          1.1708        0.041988               
         A       1927        GLY        0.020994        0.020994               0               0        0.041988               0               
         A       1928        LYS          1.0705          1.0334          1.7413         0.95064          3.3416          0.1326               
         A       1929        LEU        0.068081        0.079086         0.13568        0.058035         0.18408               0               
         A       1930        ILE         0.41769         0.25565         0.54676         0.30738          1.0038         0.18408               
         A       1931        ILE         0.52513         0.54519         0.97917         0.41511           1.605               0               
         A       1932        ASP         0.81159         0.65376          1.4086         0.31746          1.8944               0               
         A       1933        GLU          1.0126         0.97142          1.7225         0.74841          2.7214               0               
         A       1934        ASN         0.22541         0.32319         0.42983          0.3534          1.0038               0               
         A       1935        ILE         0.15277         0.18654          0.2842         0.18354         0.44721               0               
         A       1936        TYR        0.093789          0.1484         0.14068          0.1626         0.44721               0               
         A       1937        TYR         0.16797          0.3256         0.25171         0.37147          1.1708               0               
         A       1938        PHE        0.020166        0.043074        0.031689        0.050502          0.1326               0               
         A       1939        ASP         0.31476         0.36527         0.62952         0.26211         0.86069               0               
         A       1940        ASP         0.91881         0.83737          1.6899         0.45838          2.2562        0.085404               
         A       1941        ASN         0.39903         0.48491          0.7048         0.52263          1.3682               0               
         A       1942        TYR         0.30369         0.53414         0.45554         0.59899          1.8944               0               
         A       1943        ARG         0.17825         0.30648          0.2801         0.34508          1.0038               0               
         A       1944        GLY         0.18552         0.18552               0               0         0.37104               0               
         A       1945        ALA         0.27202         0.15489        0.085404               0         0.44721        0.085404               
         A       1946        VAL         0.32846         0.32534         0.40727         0.42226          1.0038        0.085404               
         A       1947        GLU         0.79298          1.1564          1.4274          1.2255          3.3416               0               
         A       1948        TRP         0.24237         0.23023         0.26749          0.2306         0.73665               0               
         A       1949        LYS         0.48226         0.68629         0.81417         0.77156          2.2562               0               
         A       1950        GLU         0.65806         0.97702          1.0391          1.1753          3.3416               0               
         A       1951        LEU         0.12144         0.15748         0.24192          0.1434         0.44721               0               
         A       1952        ASP          1.0317         0.74881           1.605         0.66909          2.2562         0.30248               
         A       1953        GLY         0.46434         0.16534               0               0         0.73665         0.30248               
         A       1954        GLU         0.49125         0.70901         0.87547          0.7566          2.2562               0               
         A       1955        MET         0.27995         0.42822         0.52806         0.49232          1.3682               0               
         A       1956        HIS        0.052431        0.094281        0.087384         0.10845         0.30248               0               
         A       1957        TYR        0.052766         0.12925         0.07891         0.15168         0.44721               0               
         A       1958        PHE        0.053992        0.080033        0.084845        0.086301         0.24046               0               
         A       1959        SER       0.0069979        0.015648        0.020994        0.020994        0.041988               0               
         A       1960        PRO         0.24902         0.18173         0.35498         0.19376         0.53233        0.041988               
         A       1961        GLU         0.85384          1.0107          1.4042          1.0655          3.3416        0.041988               
         A       1962        THR         0.16616         0.25103         0.32634         0.30604         0.73665               0               
         A       1963        GLY               0               0               0               0               0               0               
         A       1964        LYS         0.35308         0.53673         0.63555         0.58226           1.605               0               
         A       1965        ALA         0.08529          0.1052       0.0019112               0         0.24046               0               
         A       1966        PHE         0.18997         0.18637         0.25519         0.20391         0.53233               0               
         A       1967        LYS         0.48351         0.34489         0.68469         0.34166          1.0038          0.1326               
         A       1968        GLY        0.042702        0.042702               0               0        0.085404               0               
         A       1969        LEU         0.40708         0.39703         0.67152         0.40438          1.1708        0.041988               
         A       1970        ASN         0.12748         0.16562         0.17579         0.20879         0.53233               0               
         A       1971        GLN          0.4585         0.44332         0.71281          0.4477           1.605        0.041988               
         A       1972        ILE         0.08742         0.10037        0.042702        0.042702         0.30248               0               
         A       1973        GLY         0.33354         0.20184               0               0         0.53233        0.085404               
         A       1974        ASP         0.86362         0.79488          1.4915          0.6806          2.2562        0.085404               
         A       1975        TYR         0.67662         0.97548          1.0149          1.0411          3.3416               0               
         A       1976        LYS         0.55554         0.78104          0.9829         0.82826          2.2562               0               
         A       1977        TYR        0.070509         0.17314         0.10576         0.20307         0.62811               0               
         A       1978        TYR         0.26997         0.53091         0.40496         0.60674          1.8944               0               
         A       1979        PHE        0.022034        0.069075        0.034625        0.084035         0.24046               0               
         A       1980        ASN         0.14717         0.27816         0.29434         0.33381         0.86069               0               
         A       1981        SER          0.8444         0.90202          1.9461         0.77529          2.7214         0.18408               
         A       1982        ASP         0.76007         0.80432          1.4191         0.64855          2.2562       0.0019112               
         A       1983        GLY               0               0               0               0               0               0               
         A       1984        VAL        0.038293        0.062273        0.089351        0.066982         0.18408               0               
         A       1985        MET         0.10351         0.12791         0.18602         0.13661         0.37104               0               
         A       1986        GLN         0.31496          0.4276         0.50625         0.49493          1.3682               0               
         A       1987        LYS         0.61409          0.3126         0.75229         0.34145          1.1708          0.1326               
         A       1988        GLY        0.079168        0.081233               0               0         0.18408               0               
         A       1989        PHE         0.37667         0.24725         0.46384          0.2558         0.86069          0.1326               
         A       1990        VAL        0.089895        0.076267         0.10113        0.022246         0.24046               0               
         A       1991        SER         0.35623         0.25811         0.65395         0.20674         0.86069        0.085404               
         A       1992        ILE          0.1287         0.16497         0.23641         0.17547         0.44721               0               
         A       1993        ASN          0.7805         0.62714          1.3593         0.33478          1.8944        0.085404               
         A       1994        ASP          1.0089         0.81737          1.7809         0.33171          2.2562        0.041988               
         A       1995        ASN         0.20139         0.23515          0.3354         0.26252         0.73665               0               
         A       1996        LYS          0.4559         0.45788         0.76672          0.3942          1.1708               0               
         A       1997        HIS        0.031195        0.054264        0.044994        0.064894         0.18408               0               
         A       1998        TYR          0.1277         0.27975         0.19155         0.32428          1.0038               0               
         A       1999        PHE        0.007764        0.024552        0.012201        0.029885        0.085404               0               
         A       2000        ASP        0.065299         0.10141         0.10877         0.12425         0.30248               0               
         A       2001        ASP         0.80193         0.67942          1.4504         0.26872          1.8944        0.041988               
         A       2002        SER         0.38791         0.40612         0.89946         0.27135          1.1708               0               
         A       2003        GLY               0               0               0               0               0               0               
         A       2004        VAL        0.046825        0.084322         0.10926        0.098838         0.24046               0               
         A       2005        MET         0.10064         0.10944         0.20081        0.062352         0.30248               0               
         A       2006        LYS         0.74825          1.2879          1.2673          1.5417          4.2099               0               
         A       2007        VAL         0.38791         0.36605         0.50509         0.48259          1.1708        0.041988               
         A       2008        GLY        0.021829        0.036713               0               0        0.085404               0               
         A       2009        TYR         0.10469        0.069097        0.094441        0.063354         0.18408               0               
         A       2010        THR         0.11189         0.09048         0.12435        0.098341         0.24046               0               
         A       2011        GLU         0.32281         0.26721         0.47269         0.24941         0.86069               0               
         A       2012        ILE         0.12458         0.17061         0.20504         0.20585         0.44721               0               
         A       2013        ASP          1.1199         0.93068          1.9383         0.59465          2.7214        0.041988               
         A       2014        GLY         0.42957         0.25774               0               0         0.86069         0.18408               
         A       2015        LYS         0.52365         0.74324         0.92511         0.79412          2.2562               0               
         A       2016        HIS         0.12252         0.20438          0.2042         0.23009         0.62811               0               
         A       2017        PHE        0.048307        0.061902        0.075911        0.062658         0.18408               0               
         A       2018        TYR         0.13547         0.28965          0.2032         0.33479          1.0038               0               
         A       2019        PHE        0.016045        0.038749        0.025213        0.046133          0.1326               0               
         A       2020        ALA        0.054278        0.072734         0.18408               0         0.18408               0               
         A       2021        GLU          1.4368          1.3262          2.3927          1.0529          4.2099         0.18408               
         A       2022        ASN         0.31211         0.26717         0.46156         0.30447         0.73665       0.0019112               
         A       2023        GLY               0               0               0               0               0               0               
         A       2024        GLU         0.32325         0.41935         0.58186         0.40751          1.0038               0               
         A       2025        MET         0.22468         0.22454         0.38306         0.21511         0.73665               0               
         A       2026        GLN         0.32196          0.4457         0.54422         0.49407          1.3682               0               
         A       2027        ILE         0.13439        0.096545        0.092038        0.092038         0.24046               0               
         A       2028        GLY               0               0               0               0               0               0               
         A       2029        VAL        0.072645        0.091254               0               0         0.24046               0               
         A       2030        PHE         0.12154         0.22049         0.17205          0.2598         0.62811               0               
         A       2031        ASN         0.40586         0.35783         0.62164         0.34545          1.1708       0.0019112               
         A       2032        THR        0.019488        0.046183               0               0          0.1326               0               
         A       2033        GLU          0.6247         0.47866         0.88185         0.47757           1.605        0.041988               
         A       2034        ASP          0.4654         0.27281         0.61669          0.2529          1.0038        0.085404               
         A       2035        GLY         0.06737        0.075867               0               0         0.18408               0               
         A       2036        PHE        0.089892         0.12906         0.14099         0.13783         0.37104               0               
         A       2037        LYS         0.13519         0.18242         0.22627         0.20035         0.53233               0               
         A       2038        TYR         0.15353         0.26851          0.2303         0.30078         0.86069               0               
         A       2039        PHE       0.0038171        0.012071       0.0059982        0.014693        0.041988               0               
         A       2040        ALA        0.025478        0.034091        0.041988               0        0.085404               0               
         A       2041        HIS           0.545         0.52546         0.86342          0.4504           1.605               0               
         A       2042        HIS         0.28207         0.25057         0.42304          0.2199         0.62811               0               
         A       2043        ASN         0.13222         0.15237         0.26396         0.10827         0.44721               0               
         A       2044        GLU           1.406          1.5088          2.4144          1.3353          4.2099               0               
         A       2045        ASP         0.64267         0.83912          1.2057          0.8762          2.7214               0               
         A       2046        LEU         0.68887         0.52488          0.8466         0.65126          1.8944         0.18408               
         A       2047        GLY         0.54945         0.38104               0               0          1.1708          0.1326               
         A       2048        ASN          0.1086         0.12252        0.060115         0.10412         0.30248               0               
         A       2049        GLU         0.71855         0.76103          1.2301         0.66972          1.8944               0               
         A       2050        GLU         0.41811         0.38107         0.65436         0.36567          1.1708        0.041988               
         A       2051        GLY               0               0               0               0               0               0               
         A       2052        GLU         0.18374         0.36249         0.33073         0.43348          1.1708               0               
         A       2053        GLU         0.12096          0.1374         0.18356         0.15396         0.37104               0               
         A       2054        ILE         0.18355         0.12854         0.25372         0.13149         0.44721               0               
         A       2055        SER         0.32689         0.21407         0.58022        0.047885         0.62811        0.041988               
         A       2056        TYR         0.21077         0.28952         0.31568         0.30449         0.73665               0               
         A       2057        SER         0.48365         0.43694         0.99813         0.37002          1.3682        0.085404               
         A       2058        GLY          0.0545        0.056997               0               0          0.1326               0               
         A       2059        ILE         0.25416         0.20486         0.39552         0.19857         0.73665       0.0019112               
         A       2060        LEU       0.0002389      0.00063206      0.00047779      0.00082756       0.0019112               0               
         A       2061        ASN          0.4772         0.30395         0.75236         0.16744          1.0038          0.1326               
         A       2062        PHE         0.28128         0.26923         0.42975         0.23033         0.73665               0               
         A       2063        ASN          0.7529          0.7366          1.3136         0.66875          2.2562        0.041988               
         A       2064        ASN          1.1497         0.92913          1.9877         0.53402          2.7214          0.1326               
         A       2065        LYS         0.44546         0.65207         0.74793         0.74492          1.8944               0               
         A       2066        ILE         0.25616         0.31429         0.45782         0.33611          1.0038               0               
         A       2067        TYR        0.064243         0.10624        0.096365         0.11762         0.30248               0               
         A       2068        TYR         0.22795         0.45013         0.34193         0.51473           1.605               0               
         A       2069        PHE      0.00052123      0.00085116      0.00081907      0.00094578       0.0019112               0               
         A       2070        ASP         0.15833         0.18537         0.29482         0.17353         0.53233               0               
         A       2071        ASP          0.8553         0.85085          1.5585         0.67142          2.7214               0               
         A       2072        SER         0.18647         0.30388         0.47305         0.38764         0.86069               0               
         A       2073        PHE         0.20098         0.30669         0.31582         0.33397         0.86069               0               
         A       2074        THR        0.012474        0.029781        0.029105        0.039817        0.085404               0               
         A       2075        ALA        0.063334        0.079258               0               0         0.18408               0               
         A       2076        VAL          0.2708          0.2028         0.31493         0.22245         0.62811               0               
         A       2077        VAL         0.45466         0.38968         0.59756         0.54538          1.3682         0.18408               
         A       2078        GLY        0.010975        0.017922               0               0        0.041988               0               
         A       2079        TRP         0.34366         0.26554         0.37585         0.28779         0.86069               0               
         A       2080        LYS         0.58918          1.0065          1.0169          1.1871          3.3416               0               
         A       2081        ASP         0.54077          0.5562         0.96923         0.49691           1.605               0               
         A       2082        LEU         0.28548         0.25017         0.42602         0.22866         0.73665               0               
         A       2083        GLU          1.3098          0.9877          2.0202         0.77757          3.3416         0.24046               
         A       2084        ASP         0.61114         0.35157         0.84732         0.32354          1.3682         0.18408               
         A       2085        GLY        0.032326        0.034931               0               0        0.085404               0               
         A       2086        SER         0.04803        0.087325         0.14122        0.099237         0.24046               0               
         A       2087        LYS         0.42007          0.6475         0.75613          0.7075          1.8944               0               
         A       2088        TYR         0.19318         0.28433         0.28977         0.30541         0.86069               0               
         A       2089        TYR         0.16589         0.25572         0.24883         0.27829         0.86069               0               
         A       2090        PHE        0.032262        0.058015        0.050698        0.065987         0.18408               0               
         A       2091        ASP        0.015924         0.02964        0.031848        0.035354        0.085404               0               
         A       2092        GLU         0.42855         0.33762         0.68878          0.1829          1.0038               0               
         A       2093        ASP         0.63942         0.62946          1.1329         0.53687          1.8944        0.041988               
         A       2094        THR        0.088521         0.18355         0.20591         0.23343         0.53233               0               
         A       2095        ALA               0               0               0               0               0               0               
         A       2096        GLU         0.18081          0.2651         0.32545         0.28182         0.62811               0               
         A       2097        ALA         0.11102         0.14827               0               0         0.37104               0               
         A       2098        TYR         0.50544         0.39846         0.59458         0.42827          1.1708        0.041988               
         A       2099        ILE         0.38498         0.34354         0.63451         0.30299          1.0038               0               
         A       2100        LEU         0.30434         0.26929         0.34826          0.3671         0.86069               0               
         A       2101        GLU         0.62737         0.70162          1.1209         0.58124          1.8944               0               
         A       2102        HIS          0.6697         0.40646         0.95234         0.20511          1.1708        0.085404               
         A       2103        HIS         0.59396         0.43907         0.75233         0.47375           1.605          0.1326               
         A       2104        HIS          1.4189         0.32228               0               0           1.605         0.86069               
