pdb_id: 
analysis type: unbound
radii_file: F:\psiafrombintisolah\PSAIA-1.0\amac_data\chothia.radii
CX_sRadius: 5
CX_vAtom: 20.1

  chain id|    res id|  res name|     average CX|       s_avg CX|    s-ch avg CX|  s-ch s_avg CX|         max CX|         min CX|               
         A          3        CYS         0.58007         0.36473         0.86959         0.49856          1.3682         0.37104               
         A          4        PRO         0.10453        0.086309         0.12435        0.098341         0.24046               0               
         A          5        PRO          0.5764         0.44813          1.0362         0.25883          1.3682               0               
         A          6        ARG         0.70366         0.49331         0.93023         0.48776          1.8944         0.18408               
         A          7        CYS         0.13435          0.1519               0               0         0.37104               0               
         A          8        GLU         0.86912         0.84232          1.4723         0.67264          2.7214       0.0019112               
         A          9        CYS         0.38287         0.20663         0.22456         0.22265         0.62811       0.0019112               
         A         10        SER         0.31024         0.33991         0.59395         0.40987          1.0038               0               
         A         11        ALA         0.65728         0.64416          1.8944               0          1.8944          0.1326               
         A         12        GLN          1.1653          1.0642          1.8977         0.90617          3.3416         0.18408               
         A         13        ASP         0.59981         0.83853          1.0972         0.95126          2.7214        0.041988               
         A         14        ARG         0.53566         0.84675         0.84175         0.93222          2.7214               0               
         A         15        ALA        0.082254        0.087842         0.24046               0         0.24046               0               
         A         16        VAL         0.27327         0.20802         0.48212         0.10781         0.62811               0               
         A         17        LEU         0.48438         0.71032         0.94692         0.76148          2.2562               0               
         A         18        CYS        0.093174        0.097641         0.18653        0.053933         0.24046               0               
         A         19        HIS         0.27453         0.23748         0.41987         0.19333         0.73665               0               
         A         20        ARG         0.57801          0.5315         0.88935         0.41888           1.605               0               
         A         21        LYS          0.1663         0.36317         0.29933          0.4445          1.1708               0               
         A         22        ARG          1.1353         0.97261          1.6148          0.9204          3.3416          0.1326               
         A         23        PHE         0.11211         0.16115         0.17617         0.17182         0.53233               0               
         A         24        VAL         0.61764         0.58236          1.2599         0.25337           1.605        0.085404               
         A         25        ALA         0.33831         0.35342          1.0038               0          1.0038               0               
         A         26        VAL         0.35584         0.08523         0.38128         0.11938         0.53233         0.24046               
         A         27        PRO          0.2421         0.11293         0.20639        0.071128         0.44721        0.085404               
         A         28        GLU          1.2433          1.0674          2.0057         0.84982          3.3416        0.085404               
         A         29        GLY         0.15977         0.13506               0               0         0.37104        0.041988               
         A         30        ILE         0.20216        0.075211         0.20615         0.10337         0.37104        0.085404               
         A         31        PRO         0.27532         0.21287         0.43859         0.15837         0.62811               0               
         A         32        THR         0.44731         0.46986         0.97043         0.17881          1.1708               0               
         A         33        GLU         0.48156          0.5766         0.84029         0.55341          1.8944               0               
         A         34        THR        0.019761        0.046073        0.044835         0.06206          0.1326               0               
         A         35        ARG         0.31858         0.40005         0.50062         0.40045          1.3682               0               
         A         36        LEU          0.3771         0.60071         0.74322         0.67326          1.8944               0               
         A         37        LEU         0.19207         0.21207         0.38366         0.12858         0.53233               0               
         A         38        ASP         0.19697         0.32209         0.39395          0.3604          1.0038               0               
         A         39        LEU         0.24628         0.23089         0.47073        0.067236         0.53233               0               
         A         40        GLY               0               0               0               0               0               0               
         A         41        LYS         0.35839         0.55672          0.6451         0.61068          1.3682               0               
         A         42        ASN       0.0002389      0.00063206               0               0       0.0019112               0               
         A         43        ARG         0.89153         0.94747           1.401         0.83483          2.7214               0               
         A         44        ILE        0.082466         0.17249         0.16493         0.21426         0.53233               0               
         A         45        LYS           1.358          1.9576          2.4443          2.0597          5.5124               0               
         A         46        THR         0.27915         0.17625         0.43859         0.15837         0.62811          0.1326               
         A         47        LEU         0.28336         0.30336         0.55575           0.188         0.73665               0               
         A         48        ASN         0.22466         0.25845         0.44884         0.18187         0.73665               0               
         A         49        GLN         0.73585         0.90038          1.2764         0.89052          2.7214               0               
         A         50        ASP         0.28779         0.27385         0.52861         0.16654         0.73665               0               
         A         51        GLU         0.19678          0.2598         0.31021         0.29997         0.86069               0               
         A         52        PHE         0.19287         0.17439         0.29709         0.13317         0.53233               0               
         A         53        ALA        0.099109        0.074448         0.18408               0         0.18408               0               
         A         54        SER         0.31801          0.3366         0.72551         0.27831          1.0038        0.041988               
         A         55        PHE        0.094237         0.15672         0.14781         0.17522         0.53233               0               
         A         56        PRO         0.22322          0.2354         0.44817         0.19079         0.62811               0               
         A         57        HIS         0.67792         0.90543          1.1153          0.9419          2.7214               0               
         A         58        LEU        0.059872         0.10135         0.11927         0.11613         0.30248               0               
         A         59        GLU         0.53998         0.69113         0.97158         0.66382          1.8944               0               
         A         60        GLU         0.48632          0.6375         0.87422         0.62688           1.605               0               
         A         61        LEU         0.13275         0.12295         0.22185         0.10689         0.30248               0               
         A         62        GLU         0.18792         0.25387         0.33788         0.25577         0.73665               0               
         A         63        LEU         0.20864         0.22163          0.4168         0.10758         0.53233               0               
         A         64        ASN        0.026838        0.036387        0.053199        0.035462        0.085404               0               
         A         65        GLU          0.4691         0.58914         0.83598         0.56713          1.8944               0               
         A         66        ASN       0.0002389      0.00063206               0               0       0.0019112               0               
         A         67        ILE          0.1182         0.17137         0.23641         0.17547         0.44721               0               
         A         68        VAL        0.012201        0.029885        0.028468         0.04026        0.085404               0               
         A         69        SER         0.30169         0.28016         0.30248               0         0.86069               0               
         A         70        ALA         0.30855         0.25035         0.73665               0         0.73665               0               
         A         71        VAL         0.25189         0.12046         0.25297         0.12175         0.44721        0.085404               
         A         72        GLU         0.60786          1.0128          1.0502          1.1848          3.3416               0               
         A         73        PRO         0.27931         0.13007         0.42182        0.035906         0.44721          0.1326               
         A         74        GLY        0.033149        0.057415               0               0          0.1326               0               
         A         75        ALA      0.00038223      0.00076447               0               0       0.0019112               0               
         A         76        PHE         0.32177         0.30308         0.47395         0.28083          1.0038       0.0019112               
         A         77        ASN         0.37734         0.39193         0.66704         0.36938          1.1708               0               
         A         78        ASN         0.38428         0.43666         0.72491         0.38257          1.3682               0               
         A         79        LEU        0.077098        0.058695         0.12187        0.040756         0.18408               0               
         A         80        PHE         0.48649         0.37517         0.68136         0.34127          1.1708          0.1326               
         A         81        ASN         0.50506         0.58155         0.95514         0.51775           1.605               0               
         A         82        LEU        0.094437         0.20378         0.18887         0.25538         0.62811               0               
         A         83        ARG         0.36681         0.37437         0.57642          0.3153          1.1708               0               
         A         84        THR         0.06459        0.077544         0.13671        0.066982         0.18408               0               
         A         85        LEU         0.18134         0.17545         0.30568         0.15805         0.53233               0               
         A         86        GLY        0.010497        0.018181               0               0        0.041988               0               
         A         87        LEU         0.25575         0.26429         0.50052         0.13983         0.73665               0               
         A         88        ARG         0.30127         0.35281         0.47342          0.3378          1.0038               0               
         A         89        SER        0.090491         0.12922         0.27147        0.031012         0.30248               0               
         A         90        ASN               0               0               0               0               0               0               
         A         91        ARG         0.77993          1.0088          1.2256          1.0262          3.3416               0               
         A         92        LEU         0.16063         0.16517         0.32125        0.054397         0.37104               0               
         A         93        LYS          1.2886          1.7772          2.2939           1.847          5.5124       0.0019112               
         A         94        LEU         0.87297         0.96091          1.4228          1.1119          3.3416         0.24046               
         A         95        ILE         0.37943         0.22792         0.52614         0.23014         0.73665        0.085404               
         A         96        PRO         0.36598         0.19016         0.47477          0.2035         0.73665        0.085404               
         A         97        LEU          1.1286         0.86729          1.8785         0.60746          2.7214         0.24046               
         A         98        GLY         0.10877         0.12425               0               0         0.30248               0               
         A         99        VAL        0.077807        0.079946         0.10556        0.077543         0.18408               0               
         A        100        PHE         0.23964         0.21822         0.36438         0.17681         0.62811               0               
         A        101        THR         0.43485         0.28356         0.66112         0.24481          1.0038       0.0019112               
         A        102        GLY         0.37648        0.084461               0               0         0.44721         0.24046               
         A        103        LEU         0.23586         0.17524         0.36512         0.12824         0.53233               0               
         A        104        SER         0.34529         0.24937         0.68238         0.05427         0.73665        0.041988               
         A        105        ASN         0.28184          0.3348         0.49632         0.35557          1.0038               0               
         A        106        LEU        0.035545        0.078645         0.07109        0.099213         0.24046               0               
         A        107        THR        0.072849        0.093999         0.16998        0.064082         0.24046               0               
         A        108        LYS         0.87519          1.4399          1.5753          1.6214          4.2099               0               
         A        109        LEU         0.14834         0.16754         0.29619         0.11141         0.44721               0               
         A        110        ASP        0.028258        0.060476        0.056516        0.075616         0.18408               0               
         A        111        ILE         0.19888         0.21285         0.39776         0.10725         0.53233               0               
         A        112        SER               0               0               0               0               0               0               
         A        113        GLU         0.43377         0.45683         0.78078         0.32358          1.1708               0               
         A        114        ASN               0               0               0               0               0               0               
         A        115        LYS         0.50329         0.75304         0.90593         0.80992          2.2562               0               
         A        116        ILE         0.10913         0.24108         0.21827           0.304         0.73665               0               
         A        117        VAL         0.25551         0.29651         0.59618        0.045147         0.62811               0               
         A        118        ILE         0.19996          0.2642         0.35709         0.29891         0.86069       0.0019112               
         A        119        LEU         0.22496         0.22808         0.44945        0.057072         0.53233               0               
         A        120        LEU         0.66519          1.0585          1.3194          1.1767          3.3416               0               
         A        121        ASP         0.19745          0.3218          0.3188         0.40072          1.0038               0               
         A        122        TYR         0.40852         0.36204          0.5962         0.29881          1.1708               0               
         A        123        MET         0.20678          0.1809         0.28344         0.20381         0.62811               0               
         A        124        PHE         0.23155         0.21509         0.34493         0.18832         0.73665               0               
         A        125        GLN         0.67585         0.79039          1.1372          0.8022          2.2562        0.041988               
         A        126        ASP         0.24115          0.2289         0.36304         0.24819         0.73665               0               
         A        127        LEU        0.091232        0.084627         0.13976        0.088259         0.24046               0               
         A        128        TYR         0.46099         0.49225         0.69125         0.45212           1.605               0               
         A        129        ASN         0.27026         0.31357         0.53002         0.24774         0.86069               0               
         A        130        LEU        0.010914        0.028161        0.021829        0.036713        0.085404               0               
         A        131        LYS          0.6341         0.96557          1.1414          1.0484          2.7214               0               
         A        132        SER        0.053097        0.075888         0.15834        0.025741         0.18408               0               
         A        133        LEU         0.10957         0.15687         0.21914         0.15876         0.37104               0               
         A        134        GLU         0.31046         0.42898         0.55844         0.43918          1.1708               0               
         A        135        VAL         0.17259         0.15384         0.33005        0.086624         0.44721               0               
         A        136        GLY       0.0014334      0.00082756               0               0       0.0019112               0               
         A        137        ASP       0.0052485        0.013886        0.010497        0.018181        0.041988               0               
         A        138        ASN         0.64445         0.74425          1.2561         0.59868          2.2562       0.0019112               
         A        139        ASP         0.34216         0.60127         0.66333         0.71854          1.8944               0               
         A        140        LEU        0.035306         0.07875        0.070612        0.099549         0.24046               0               
         A        141        VAL         0.40766         0.44281         0.81449         0.39841          1.3682               0               
         A        142        TYR         0.31589         0.30057         0.46316         0.26413         0.86069               0               
         A        143        ILE         0.19637         0.20422         0.37079         0.14889         0.53233       0.0019112               
         A        144        SER        0.022736        0.049138        0.066298        0.066298          0.1326               0               
         A        145        HIS          0.5223         0.58374         0.86985         0.51568          1.3682               0               
         A        146        ARG         0.91845          1.3029          1.4433          1.3821          4.2099               0               
         A        147        ALA       0.0083975        0.016795               0               0        0.041988               0               
         A        148        PHE         0.29123         0.38221          0.4571          0.3923          1.3682               0               
         A        149        SER         0.19766         0.17282         0.12119         0.11928         0.53233       0.0019112               
         A        150        GLY         0.26001         0.27586               0               0         0.73665        0.085404               
         A        151        LEU         0.12237        0.099548         0.17844        0.095584         0.30248               0               
         A        152        ASN         0.50266         0.39332         0.81631          0.3267          1.3682        0.085404               
         A        153        SER         0.15297         0.15631         0.18647         0.18456         0.37104               0               
         A        154        LEU       0.0054873         0.01381        0.010497        0.018181        0.041988               0               
         A        155        GLU         0.51129         0.65164         0.92033         0.62281          1.8944               0               
         A        156        GLN         0.49891         0.72454         0.89804         0.76583          2.2562               0               
         A        157        LEU         0.14643         0.18938         0.28236          0.1856         0.53233               0               
         A        158        THR        0.036875        0.042032        0.057573        0.039359        0.085404               0               
         A        159        LEU         0.40065         0.41517         0.75766         0.29477          1.1708               0               
         A        160        GLU         0.20837         0.26028         0.37469         0.24434         0.73665               0               
         A        161        LYS         0.42877         0.60708         0.77102         0.63232          1.8944               0               
         A        162        CYS        0.053097        0.075888               0               0         0.18408               0               
         A        163        ASN         0.69688         0.85934             1.3         0.85984          2.7214               0               
         A        164        LEU         0.29847          0.1998         0.43428         0.19382         0.62811        0.041988               
         A        165        THR         0.88265         0.61946          1.5567         0.29737          1.8944         0.30248               
         A        166        SER         0.45776         0.40055          1.0038               0          1.0038        0.041988               
         A        167        ILE         0.19509         0.11459          0.2249           0.125         0.37104        0.041988               
         A        168        PRO         0.23658         0.15608         0.32751        0.061554         0.37104               0               
         A        169        THR        0.096144         0.12033         0.18187         0.13878         0.37104               0               
         A        170        GLU         0.28854          0.3118         0.49286         0.28005          1.0038               0               
         A        171        ALA       0.0087798         0.01662        0.041988               0        0.041988               0               
         A        172        LEU         0.20952         0.22668         0.41904         0.12234         0.53233               0               
         A        173        SER               0               0               0               0               0               0               
         A        174        HIS         0.19737         0.27932         0.32196         0.30168         0.73665               0               
         A        175        LEU        0.061407        0.071277         0.12281         0.05118         0.18408               0               
         A        176        HIS         0.50658         0.40229         0.71137          0.4044          1.3682          0.1326               
         A        177        GLY        0.056994        0.075262               0               0         0.18408               0               
         A        178        LEU        0.010975        0.017922        0.021472        0.020527        0.041988               0               
         A        179        ILE         0.20525         0.26561         0.41051         0.23841         0.73665               0               
         A        180        VAL        0.053567        0.088899         0.12435        0.098341         0.24046               0               
         A        181        LEU         0.11659         0.13199         0.23271        0.088736         0.30248               0               
         A        182        ARG         0.44356         0.60606         0.69702         0.63287          1.8944               0               
         A        183        LEU         0.21334         0.24737          0.4157          0.2004         0.73665               0               
         A        184        ARG         0.30556         0.37758         0.48017         0.37443          1.0038               0               
         A        185        HIS         0.29868         0.33046         0.47657         0.31947         0.86069               0               
         A        186        LEU        0.084001         0.20611         0.16752         0.26647         0.62811               0               
         A        187        ASN         0.51192         0.39342          0.8609         0.24488          1.1708        0.085404               
         A        188        ILE         0.11193         0.10698         0.13012         0.11028         0.30248               0               
         A        189        ASN          0.4276         0.49764         0.85473         0.36114          1.1708               0               
         A        190        ALA         0.11533         0.04816        0.085404               0         0.18408        0.041988               
         A        191        ILE         0.16055         0.14214         0.25479         0.13508         0.44721               0               
         A        192        ARG         0.99654         0.97429           1.554         0.79802          2.7214               0               
         A        193        ASP        0.095327         0.20597          0.1575          0.2717         0.62811               0               
         A        194        TYR         0.46094         0.49162         0.66292         0.48716          1.8944               0               
         A        195        SER      0.00031853      0.00071225               0               0       0.0019112               0               
         A        196        PHE         0.26584         0.20057         0.37917         0.15858         0.62811       0.0019112               
         A        197        LYS         0.74364         0.67069          1.1794         0.60675          2.2562               0               
         A        198        ARG         0.97621         0.96816          1.4966         0.85252          2.7214       0.0019112               
         A        199        LEU         0.18042         0.13994         0.24203         0.13844         0.37104       0.0019112               
         A        200        TYR         0.53404          0.2814         0.65524         0.26714          1.1708         0.18408               
         A        201        ARG         0.76596         0.80741          1.1504         0.78248          2.7214               0               
         A        202        LEU        0.021823        0.044066        0.043646         0.05414          0.1326               0               
         A        203        LYS         0.32705         0.39291         0.58868         0.35194          1.1708               0               
         A        204        VAL         0.10537         0.13248         0.24585        0.080087         0.30248               0               
         A        205        LEU         0.14607         0.15731         0.28069         0.11375         0.44721               0               
         A        206        GLU         0.22622         0.30358          0.3988         0.31403          1.0038               0               
         A        207        ILE         0.10889         0.24119         0.21779         0.30435         0.73665               0               
         A        208        SER        0.014552        0.031693        0.043657        0.041746        0.085404               0               
         A        209        HIS         0.22932          0.2913          0.3822         0.28809         0.86069               0               
         A        210        TRP        0.052132        0.078299        0.072985         0.08403         0.24046               0               
         A        211        PRO         0.35839         0.30098         0.63274         0.26239          1.0038       0.0019112               
         A        212        TYR         0.82109          1.0544          1.2314          1.0782          3.3416               0               
         A        213        LEU        0.067868         0.11857         0.13574          0.1375         0.30248               0               
         A        214        ASP         0.42939         0.48111         0.72665         0.52142           1.605               0               
         A        215        THR         0.31519         0.29485         0.59709         0.22894         0.86069               0               
         A        216        MET          0.3918         0.29225         0.58159          0.2791         0.86069       0.0019112               
         A        217        THR        0.085589        0.092406         0.09415         0.10487         0.24046               0               
         A        218        PRO         0.25965          0.3033          0.5257         0.27627         0.86069               0               
         A        219        ASN         0.14376         0.22603         0.28752         0.24667         0.53233               0               
         A        220        CYS               0               0               0               0               0               0               
         A        221        LEU         0.20956         0.20459         0.39776         0.10725         0.53233               0               
         A        222        TYR         0.83018          1.0215          1.2223          1.0492          3.3416               0               
         A        223        GLY         0.46142         0.22426               0               0         0.73665         0.24046               
         A        224        LEU         0.15049        0.079587         0.13568        0.058035         0.30248        0.041988               
         A        225        ASN         0.50504         0.38732         0.87411         0.15358          1.0038        0.085404               
         A        226        LEU        0.038403         0.05047         0.04318        0.042229          0.1326               0               
         A        227        THR         0.12453         0.16175         0.29058         0.11312         0.44721               0               
         A        228        SER        0.068837         0.13601         0.20651         0.16452         0.37104               0               
         A        229        LEU         0.19881         0.24488         0.39715         0.20313         0.73665               0               
         A        230        SER        0.068307        0.082307         0.14122        0.099237         0.24046               0               
         A        231        ILE         0.20728         0.29909         0.41455         0.30492         0.86069               0               
         A        232        THR         0.04921         0.10441         0.11482          0.1338         0.30248               0               
         A        233        HIS         0.19878         0.24182         0.33098         0.23189         0.62811               0               
         A        234        CYS        0.014552        0.031693               0               0        0.085404               0               
         A        235        ASN         0.42671         0.57098         0.83207         0.56749           1.605               0               
         A        236        LEU         0.13878         0.15372         0.27756         0.09348         0.37104               0               
         A        237        THR         0.46004         0.49164          0.9885         0.27319          1.3682        0.041988               
         A        238        ALA         0.29062         0.36178          1.0038               0          1.0038               0               
         A        239        VAL        0.081982          0.1106         0.16282         0.12363         0.30248               0               
         A        240        PRO         0.23685         0.15567         0.34819        0.032316         0.37104               0               
         A        241        TYR        0.043139         0.08254        0.059461        0.096202         0.30248               0               
         A        242        LEU         0.78898         0.90828          1.5214          0.7558          2.7214               0               
         A        243        ALA        0.017177         0.02027               0               0        0.041988               0               
         A        244        VAL         0.14543         0.15783         0.32534        0.032316         0.37104               0               
         A        245        ARG         0.46171         0.39353         0.66005         0.36176          1.1708               0               
         A        246        HIS         0.18803          0.2019          0.2466         0.23851         0.53233               0               
         A        247        LEU        0.033984        0.059349        0.057472        0.074904         0.18408               0               
         A        248        VAL         0.26253         0.22341         0.50396        0.040131         0.53233               0               
         A        249        TYR         0.41053          0.5447          0.6158         0.56449          1.8944               0               
         A        250        LEU        0.010675        0.028245        0.021351        0.036981        0.085404               0               
         A        251        ARG         0.80808         0.98592          1.2698         0.97011          2.7214               0               
         A        252        PHE         0.17427         0.17613         0.27385         0.14655         0.53233               0               
         A        253        LEU         0.21432         0.27988         0.42816         0.25535         0.86069               0               
         A        254        ASN        0.067259         0.17578         0.13452         0.22968         0.53233               0               
         A        255        LEU         0.17476         0.19714         0.34951         0.12904         0.44721               0               
         A        256        SER               0               0               0               0               0               0               
         A        257        TYR         0.28997         0.52228         0.43496          0.5883          1.8944               0               
         A        258        ASN       0.0054873         0.01381               0               0        0.041988               0               
         A        259        PRO         0.11939         0.17557         0.20591         0.23343         0.53233               0               
         A        260        ILE       0.0002389      0.00063206      0.00047779      0.00082756       0.0019112               0               
         A        261        SER          0.2115         0.30486         0.63449         0.10216         0.73665               0               
         A        262        THR         0.20999         0.22888         0.36037         0.28653         0.73665        0.041988               
         A        263        ILE         0.25396         0.32632         0.47608         0.33623          1.0038               0               
         A        264        GLU         0.46816         0.53528         0.84154         0.44951          1.3682               0               
         A        265        GLY         0.15545         0.17513               0               0         0.44721               0               
         A        266        SER         0.28244         0.22004         0.48855         0.24809         0.73665        0.041988               
         A        267        MET         0.29364         0.37369         0.50977         0.42671          1.0038        0.041988               
         A        268        LEU         0.38293         0.29981         0.64422         0.16335         0.86069               0               
         A        269        HIS         0.32179         0.32403           0.529         0.25968          1.0038               0               
         A        270        GLU         0.45605         0.55457         0.82013         0.50531          1.3682               0               
         A        271        LEU         0.11811         0.14086          0.2144          0.1407         0.37104               0               
         A        272        LEU         0.59118         0.68779          1.0693         0.69557          2.2562        0.041988               
         A        273        ARG         0.40321         0.41488         0.58912         0.41565          1.1708               0               
         A        274        LEU        0.079388         0.15144          0.1583         0.18279         0.44721               0               
         A        275        GLN         0.32636         0.45117         0.58745         0.46154          1.1708               0               
         A        276        GLU         0.38126         0.55991         0.68588         0.59625           1.605               0               
         A        277        ILE         0.21423          0.1963         0.39613        0.098361         0.53233               0               
         A        278        GLN          0.2505         0.34052          0.4509         0.34403          1.0038               0               
         A        279        LEU         0.16619         0.18978         0.33237         0.12959         0.44721               0               
         A        280        VAL        0.059003         0.12821         0.13767          0.1659         0.37104               0               
         A        281        GLY         0.14347         0.11219               0               0         0.30248       0.0019112               
         A        282        GLY        0.033627        0.057145               0               0          0.1326               0               
         A        283        GLN         0.53801         0.76629         0.96804         0.80055          2.2562               0               
         A        284        LEU        0.045982        0.079028        0.091963        0.090898         0.24046               0               
         A        285        ALA         0.17923         0.23294         0.62811               0         0.62811               0               
         A        286        VAL         0.31554         0.37053          0.5941         0.41126          1.1708               0               
         A        287        VAL         0.22854         0.12655         0.29409         0.12858         0.44721        0.041988               
         A        288        GLU         0.44471         0.56864          0.8001         0.54575           1.605               0               
         A        289        PRO         0.22026         0.22309         0.43859         0.15837         0.62811               0               
         A        290        TYR         0.57709         0.79112         0.86564         0.83007          2.7214               0               
         A        291        ALA        0.026519        0.053038               0               0          0.1326               0               
         A        292        PHE         0.19098         0.18918         0.28791          0.1721         0.62811               0               
         A        293        ARG         0.66523         0.73693          1.0212         0.71027          2.2562               0               
         A        294        GLY        0.056994        0.075262               0               0         0.18408               0               
         A        295        LEU        0.089843         0.07554         0.12519        0.075271         0.18408               0               
         A        296        ASN         0.31509         0.43576         0.63017         0.42569          1.1708               0               
         A        297        TYR          0.5868         0.75119         0.87996          0.7672          2.7214               0               
         A        298        LEU         0.14464         0.15213         0.25613         0.13464         0.37104               0               
         A        299        ARG         0.50708         0.54474         0.79685         0.48519          1.3682               0               
         A        300        VAL        0.044768        0.064271         0.10382        0.059452         0.18408               0               
         A        301        LEU         0.17074          0.1578         0.27086         0.14086         0.44721               0               
         A        302        ASN         0.13508         0.27832         0.27015         0.34415         0.86069               0               
         A        303        VAL         0.13848         0.19207         0.32247          0.1638         0.53233               0               
         A        304        SER        0.084257         0.13703         0.25182         0.11922         0.37104               0               
         A        305        GLY        0.033149        0.057415               0               0          0.1326               0               
         A        306        ASN               0               0               0               0               0               0               
         A        307        GLN          0.4097         0.51849         0.72906         0.50413          1.3682               0               
         A        308        LEU        0.089586         0.14873         0.17917          0.1679         0.44721               0               
         A        309        THR         0.35758         0.39048         0.78952         0.15788          1.0038               0               
         A        310        THR         0.16315         0.10284        0.075355        0.078766         0.30248               0               
         A        311        LEU         0.31386         0.21823         0.48148         0.15057         0.73665               0               
         A        312        GLU         0.55022         0.60925         0.96349         0.53031           1.605               0               
         A        313        GLU         0.46926          0.5634         0.83588         0.51833           1.605               0               
         A        314        SER         0.19335         0.14734         0.24328        0.059204         0.37104               0               
         A        315        VAL       0.0059982        0.014693        0.013996        0.019793        0.041988               0               
         A        316        PHE         0.14439         0.11824         0.18627         0.10733         0.30248               0               
         A        317        HIS         0.30446         0.29454          0.3423         0.34771         0.86069               0               
         A        318        SER         0.11904         0.11189        0.063696        0.021708         0.30248       0.0019112               
         A        319        VAL         0.26818         0.16713         0.35088         0.19737         0.62811        0.085404               
         A        320        GLY         0.41904         0.12234               0               0         0.53233         0.24046               
         A        321        ASN         0.35836         0.36715         0.63525         0.32653          1.1708               0               
         A        322        LEU        0.096365         0.11762         0.18223         0.11222         0.30248               0               
         A        323        GLU         0.47714          0.6843         0.85045         0.72735          2.2562               0               
         A        324        THR         0.10386         0.12404         0.24234        0.048358         0.30248               0               
         A        325        LEU          0.1338         0.13047         0.23575         0.10958         0.37104               0               
         A        326        ILE         0.13211         0.15362         0.25372         0.13149         0.44721               0               
         A        327        LEU         0.20102         0.17343         0.35934        0.090561         0.44721               0               
         A        328        ASP        0.094091         0.17091         0.17721         0.21043         0.53233               0               
         A        329        SER         0.33098          0.3898         0.77092         0.39989          1.1708        0.041988               
         A        330        ASN       0.0054873         0.01381               0               0        0.041988               0               
         A        331        PRO         0.22517         0.29684         0.41058         0.35249         0.86069               0               
         A        332        LEU        0.027489         0.04852        0.054978        0.056544          0.1326               0               
         A        333        ALA        0.057254        0.092953         0.24046               0         0.24046               0               
         A        334        CYS        0.052867        0.066059        0.092994        0.091083         0.18408       0.0019112               
         A        335        ASP        0.033149        0.057415        0.033149        0.057415          0.1326               0               
         A        336        CYS         0.11877         0.11283         0.24328        0.059204         0.30248               0               
         A        337        ARG         0.31983         0.35276         0.45925         0.37522          1.1708               0               
         A        338        LEU         0.12117         0.12428         0.24187        0.041887         0.30248               0               
         A        339        LEU         0.32439         0.40765         0.64878         0.34914          1.1708               0               
         A        340        TRP        0.062424        0.087228        0.087394        0.092032         0.30248               0               
         A        341        VAL        0.053551         0.12962         0.12495         0.17401         0.37104               0               
         A        342        PHE        0.066578         0.11413         0.10462         0.12841         0.30248               0               
         A        343        ARG         0.76592         0.70438           1.163         0.58354          2.2562               0               
         A        344        ARG         0.33274         0.39675         0.52287         0.38464          1.1708               0               
         A        345        ARG       0.0041645        0.011983       0.0062713        0.014596        0.041988               0               
         A        346        TRP         0.42465         0.26401         0.47666         0.14188          1.0038               0               
         A        347        ARG         0.60769          0.7369         0.92454         0.75929          2.2562               0               
         A        348        LEU        0.016163        0.029518        0.031848        0.035354        0.085404               0               
         A        349        ASN         0.38645         0.39308         0.62636         0.43843          1.3682        0.085404               
         A        350        PHE        0.095487         0.11568         0.13785         0.12374         0.37104               0               
         A        351        ASN          0.6356         0.65528          1.0655         0.69252          2.2562        0.085404               
         A        352        ARG          1.3769          1.2157          2.0424          1.0506          3.3416         0.18408               
         A        353        GLN         0.66776          1.0125          1.1845          1.1151          3.3416               0               
         A        354        GLN         0.10153         0.14933         0.14593         0.17498         0.44721               0               
         A        355        PRO       0.0065443        0.014494        0.013996        0.019793        0.041988               0               
         A        356        THR         0.10517         0.12797         0.23012         0.10233         0.30248               0               
         A        357        CYS        0.014552        0.031693        0.043657        0.041746        0.085404               0               
         A        358        ALA         0.08674          0.1122         0.30248               0         0.30248       0.0019112               
         A        359        THR         0.21115         0.24818         0.44721         0.20467         0.73665               0               
         A        360        PRO         0.26611          0.1727         0.39643        0.035906         0.44721               0               
         A        361        GLU         0.58658         0.52313           1.605               0           1.605         0.18408               
         A        362        PHE         0.53614         0.31227         0.69973         0.26874          1.1708         0.18408               
         A        363        VAL         0.12524          0.1314         0.24803         0.09749         0.37104               0               
         A        364        GLN          0.9136          1.0421          1.5359          1.0336          2.7214               0               
         A        365        GLY         0.30782         0.15659               0               0         0.44721        0.041988               
         A        366        LYS         0.15706         0.12946         0.24046               0         0.30248               0               
         A        367        GLU         0.43267         0.55088         0.74199         0.57087           1.605               0               
         A        368        PHE         0.12269         0.14768         0.19253         0.14442         0.44721               0               
         A        369        LYS          0.4726          0.6512         0.82415         0.69469          1.8944               0               
         A        370        ASP         0.32507         0.24175         0.45917          0.2335         0.86069               0               
         A        371        PHE         0.23553         0.25383         0.37012         0.22678         0.73665               0               
         A        372        PRO         0.37838         0.26987         0.60399         0.11939         0.73665               0               
         A        373        ASP         0.67681         0.67029          1.1786         0.62424          2.2562          0.1326               
         A        374        VAL         0.60596         0.50997          1.1809         0.14891          1.3682        0.085404               
         A        375        LEU         0.40908         0.20946         0.46237         0.28018         0.86069        0.085404               
         A        376        LEU         0.65954         0.69721          1.1718         0.65453          1.8944               0               
         A        377        PRO         0.57777          0.4327               1         0.30214          1.3682        0.041988               
         A        378        ASN          0.6797         0.77589          1.2916         0.67052          2.2562               0               
         A        379        TYR         0.38641         0.47321         0.56894         0.48503           1.605               0               
         A        380        PHE         0.04007        0.055873        0.062694        0.059141         0.18408               0               
         A        381        THR         0.11259        0.095499         0.20451        0.050849         0.24046               0               
         A        382        CYS         0.23578         0.13383        0.092038        0.092038         0.44721               0               
         A        383        ARG         0.48293         0.56803         0.73995         0.56877          1.8944               0               
         A        384        ARG         0.35991         0.34738         0.50989         0.34509          1.1708               0               
         A        385        ALA       0.0087798         0.01662               0               0        0.041988               0               
         A        386        ARG         0.50777         0.49677         0.77163         0.43898           1.605               0               
         A        387        ILE        0.093886         0.14048          0.1663           0.169         0.44721               0               
         A        388        ARG         0.98312         0.89881          1.3635         0.92741          3.3416          0.1326               
         A        389        ASP         0.52288         0.45088         0.92553         0.26052          1.3682               0               
         A        390        ARG         0.29197         0.15896         0.32942         0.15735         0.62811        0.085404               
         A        391        LYS          1.4223          1.7645           2.396          1.8609          5.5124          0.1326               
         A        392        ALA         0.39573         0.11894         0.24046               0         0.53233         0.24046               
         A        393        GLN         0.31112          0.2853           0.473         0.27422          1.0038               0               
         A        394        GLN         0.45383         0.48498         0.65285         0.55929           1.605               0               
         A        395        VAL         0.25607         0.24179         0.45598         0.22567         0.73665               0               
         A        396        PHE         0.28497         0.19579         0.38852         0.16088         0.62811               0               
         A        397        VAL         0.14583         0.19269         0.27891         0.21719         0.53233               0               
         A        398        ASP         0.70552          1.0668          1.3779          1.1699          3.3416               0               
         A        399        GLU         0.59196          0.8012         0.95076         0.92506          2.7214       0.0019112               
         A        400        GLY        0.043646         0.05414               0               0          0.1326               0               
         A        401        HIS         0.60719         0.78286          1.0117         0.78259          2.2562               0               
         A        402        THR         0.34915         0.51968         0.62339         0.69408           1.605       0.0019112               
         A        403        VAL         0.13053         0.15775         0.22442         0.16787         0.44721               0               
         A        404        GLN         0.86102          1.2247           1.401          1.4244          4.2099               0               
         A        405        PHE        0.084427         0.12062          0.1324         0.12858         0.37104               0               
         A        406        VAL         0.24514         0.23432         0.44938         0.21001         0.73665               0               
         A        407        CYS         0.15551        0.083507         0.24046               0         0.24046        0.041988               
         A        408        ARG          1.3028          1.3381           1.898          1.3513          4.2099               0               
         A        409        ALA         0.27387         0.20354        0.085404               0         0.53233       0.0019112               
         A        410        ASP         0.34158         0.27804         0.57703         0.17911         0.73665               0               
         A        411        GLY        0.033149        0.057415               0               0          0.1326               0               
         A        412        ASP         0.48193         0.75132         0.96387         0.81514          2.2562               0               
         A        413        PRO        0.069913        0.067446         0.11829        0.046515         0.18408               0               
         A        414        PRO          0.5101         0.35892         0.88654         0.22231          1.1708         0.18408               
         A        415        PRO         0.13722         0.15336        0.027992        0.019793         0.37104               0               
         A        416        ALA          0.3143         0.35788          1.0038               0          1.0038               0               
         A        417        ILE          0.2612         0.16006         0.25723         0.19551         0.44721       0.0019112               
         A        418        LEU         0.28439          0.3088         0.54743         0.22575         0.73665               0               
         A        419        TRP       0.0059982        0.014693       0.0083975        0.016795        0.041988               0               
         A        420        LEU         0.24685         0.26046         0.47187         0.18183         0.62811               0               
         A        421        SER               0               0               0               0               0               0               
         A        422        PRO        0.091091        0.085243        0.028468         0.04026         0.18408               0               
         A        423        ARG         0.52983         0.46794         0.78782         0.39802          1.3682       0.0019112               
         A        424        LYS          1.1626          1.6327          1.9513          1.8338          5.5124               0               
         A        425        HIS         0.46239         0.55318         0.75642         0.54126           1.605               0               
         A        426        LEU         0.73639         0.81971          1.2154         0.93941          2.7214          0.1326               
         A        427        VAL         0.10295         0.07175        0.073303        0.054033         0.18408               0               
         A        428        SER         0.18343         0.18459          0.3864         0.14594         0.53233               0               
         A        429        ALA         0.34406         0.26445         0.86069               0         0.86069          0.1326               
         A        430        LYS         0.54654         0.34559          1.1708               0          1.1708         0.18408               
         A        431        SER         0.11688         0.09981         0.13474        0.049337         0.30248       0.0019112               
         A        432        ASN         0.87307         0.35666          1.0515         0.33322           1.605         0.44721               
         A        433        GLY         0.45359        0.093908               0               0         0.53233         0.30248               
         A        434        ARG         0.37166         0.38791         0.50794          0.4073          1.3682               0               
         A        435        LEU          0.2353         0.26893         0.41048         0.26913         0.73665               0               
         A        436        THR         0.23082         0.22992         0.48212         0.10781         0.62811               0               
         A        437        VAL       0.0062713        0.014596               0               0        0.041988               0               
         A        438        PHE         0.37247         0.39132         0.58504         0.34113          1.1708               0               
         A        439        PRO         0.70708         0.28976         0.97043         0.17881          1.1708         0.30248               
         A        440        ASP         0.48543         0.43228         0.74185         0.48834          1.3682       0.0019112               
         A        441        GLY               0               0               0               0               0               0               
         A        442        THR        0.012269        0.018806        0.028629        0.018892        0.041988               0               
         A        443        LEU        0.028497        0.060368        0.056994        0.075262         0.18408               0               
         A        444        GLU         0.20733         0.32664         0.37281         0.36115          1.0038               0               
         A        445        VAL          0.1025         0.11657         0.22518        0.070194         0.30248               0               
         A        446        ARG         0.67858          1.0104          1.0663          1.0913          3.3416               0               
         A        447        TYR         0.57683          0.6444         0.86524           0.611          2.2562               0               
         A        448        ALA        0.036815        0.073631         0.18408               0         0.18408               0               
         A        449        GLN         0.30762         0.49906         0.55372          0.5586           1.605               0               
         A        450        VAL          0.5908         0.63032          1.2116         0.49497          1.8944               0               
         A        451        GLN         0.78059          1.2458          1.3527          1.4337          4.2099       0.0019112               
         A        452        ASP        0.042995         0.04384        0.075494         0.03743          0.1326               0               
         A        453        ASN         0.28959         0.34732         0.47305         0.40285          1.1708               0               
         A        454        GLY        0.093264         0.10076               0               0         0.24046               0               
         A        455        THR         0.22592          0.2465          0.3977         0.26654         0.73665       0.0019112               
         A        456        TYR        0.069284         0.11646         0.10393          0.1294         0.37104               0               
         A        457        LEU          0.1504         0.23853         0.30079         0.26183         0.73665               0               
         A        458        CYS        0.014234        0.031828        0.042702        0.042702        0.085404               0               
         A        459        ILE           0.257          0.3283           0.514         0.28891          1.0038               0               
         A        460        ALA        0.069659         0.11748         0.30248               0         0.30248               0               
         A        461        ALA         0.18423         0.17501         0.53233               0         0.53233        0.085404               
         A        462        ASN        0.066834        0.071245               0               0         0.18408               0               
         A        463        ALA         0.53349          0.1788         0.53233               0         0.86069         0.37104               
         A        464        GLY         0.31165         0.25157               0               0         0.73665        0.085404               
         A        465        GLY        0.066775        0.065823               0               0          0.1326               0               
         A        466        ASN         0.97174         0.84141          1.6746         0.64118          2.7214        0.085404               
         A        467        ASP        0.080556         0.08991          0.0545        0.056997         0.24046               0               
         A        468        SER         0.31896         0.27508         0.58159          0.2791         0.86069        0.085404               
         A        469        MET        0.084416        0.077205         0.15834        0.025741         0.18408               0               
         A        470        PRO         0.25949         0.28402         0.51612         0.25785         0.86069               0               
         A        471        ALA               0               0               0               0               0               0               
         A        472        HIS         0.24589         0.32826         0.40982         0.33527         0.86069               0               
         A        473        LEU        0.066834        0.071245         0.13367        0.034903         0.18408               0               
         A        474        HIS         0.15606         0.29138          0.2601          0.3383         0.73665               0               
         A        475        VAL         0.15393         0.13205        0.061996        0.086328         0.37104               0               
         A        476        ARG         0.53413         0.62563          0.7727         0.67305          2.2562               0               
         A        477        SER          1.6134         0.75288         0.86069               0          2.7214         0.86069               
