pdb_id: 
analysis type: unbound
radii_file: F:\psiafrombintisolah\PSAIA-1.0\amac_data\chothia.radii
CX_sRadius: 5
CX_vAtom: 20.1

  chain id|    res id|  res name|     average CX|       s_avg CX|    s-ch avg CX|  s-ch s_avg CX|         max CX|         min CX|               
         A         21        HIS          1.4871         0.89366          2.1218         0.56666          2.7214         0.44721               
         A         22        THR         0.24438         0.21247         0.13403        0.040296         0.73665        0.085404               
         A         23        ARG         0.28684         0.28741         0.41981         0.28257          1.0038               0               
         A         24        PRO         0.10616        0.095831         0.18571        0.044051         0.24046               0               
         A         25        VAL        0.060921        0.096902         0.14151         0.10268         0.24046               0               
         A         26        ILE         0.12902         0.13657         0.24755        0.094221         0.37104               0               
         A         27        LEU         0.24169         0.26618         0.48339         0.15771         0.73665               0               
         A         28        VAL        0.088582        0.064039        0.056936         0.04026         0.18408               0               
         A         29        PRO        0.046825        0.084322        0.028468         0.04026         0.24046               0               
         A         30        GLY        0.010497        0.018181               0               0        0.041988               0               
         A         31        CYS          0.4127         0.15626         0.58022        0.047885         0.62811         0.24046               
         A         32        LEU          0.1758         0.31926         0.34062         0.38626          1.0038               0               
         A         33        GLY               0               0               0               0               0               0               
         A         34        ASN        0.010914        0.028161      0.00047779      0.00082756        0.085404               0               
         A         35        GLN        0.097579         0.15911         0.16686         0.18578         0.53233               0               
         A         36        LEU        0.084443         0.11718         0.16889          0.1149         0.30248               0               
         A         37        GLU         0.25239         0.43711          0.4543         0.50218          1.3682               0               
         A         38        ALA               0               0               0               0               0               0               
         A         39        LYS         0.36244         0.73906         0.65239         0.89108          2.2562               0               
         A         40        LEU        0.077962         0.14608         0.15592         0.17471         0.44721               0               
         A         41        ASP         0.49994         0.61354         0.97889          0.5419          1.8944               0               
         A         42        LYS         0.15438         0.19366          0.2524         0.21187         0.53233               0               
         A         43        PRO         0.53565         0.25683         0.64152         0.34135          1.0038         0.18408               
         A         44        ASP         0.40682         0.38983         0.74303         0.26068          1.1708               0               
         A         45        VAL         0.11031        0.076867        0.044835         0.06206         0.18408               0               
         A         46        VAL         0.56561         0.45457         0.86804         0.53155           1.605         0.18408               
         A         47        ASN        0.091451          0.1245         0.10373         0.15524         0.37104               0               
         A         48        TRP         0.54021         0.35098         0.67768         0.31668          1.3682        0.041988               
         A         49        MET         0.33944         0.33154         0.52716         0.35585          1.0038               0               
         A         50        CYS        0.057254        0.039813        0.042702        0.042702        0.085404               0               
         A         51        TYR          1.1753          1.0165          1.6334         0.95813          3.3416         0.18408               
         A         52        ARG         0.58518         0.72584         0.85741         0.78439          2.7214               0               
         A         53        LYS         0.66583         0.79967          1.0468         0.89709          2.7214        0.041988               
         A         54        THR        0.092064        0.090439         0.14151         0.10268         0.24046               0               
         A         55        GLU         0.69016         0.51027          1.1234         0.20795          1.3682        0.041988               
         A         56        ASP         0.70956          0.7558          1.3646          0.5301          2.2562               0               
         A         57        PHE         0.15672         0.17842         0.15124         0.18337         0.44721               0               
         A         58        PHE         0.20647         0.16563         0.28983         0.13356         0.44721               0               
         A         59        THR         0.31052         0.28775         0.55762         0.28069         0.86069               0               
         A         60        ILE         0.15692         0.21127         0.27114          0.2477         0.62811               0               
         A         61        TRP        0.095882         0.17443         0.13423         0.19351         0.62811               0               
         A         62        LEU        0.048964        0.099761         0.09745          0.1233         0.30248               0               
         A         63        ASP         0.30999         0.25475         0.52671         0.16033         0.73665               0               
         A         64        LEU         0.48453         0.45442         0.91586         0.19911          1.1708               0               
         A         65        ASN          0.5031         0.58711         0.98474         0.47439           1.605               0               
         A         66        MET        0.049609        0.061792        0.099218        0.052101         0.18408               0               
         A         67        PHE          0.5344         0.45585         0.72522         0.45055           1.605               0               
         A         68        LEU         0.57124         0.64517          1.0415         0.62107          1.8944       0.0019112               
         A         69        PRO         0.61677         0.36709         0.95232         0.30899          1.3682         0.24046               
         A         70        LEU         0.29905         0.27454         0.50113         0.23191         0.86069               0               
         A         71        GLY          0.0545        0.056997               0               0          0.1326               0               
         A         72        VAL         0.26485         0.30423         0.60399         0.11939         0.73665               0               
         A         73        ASP         0.45855         0.71414          0.9066         0.78624          2.2562               0               
         A         74        CYS        0.090626         0.13101         0.22822         0.14282         0.37104               0               
         A         75        TRP         0.10385         0.10462         0.14538        0.096352         0.30248               0               
         A         76        ILE         0.28563         0.33328         0.57125         0.24287         0.86069               0               
         A         77        ASP         0.22054         0.29509         0.44108         0.27727         0.86069               0               
         A         78        ASN         0.17587         0.23811         0.34125         0.24159         0.73665               0               
         A         79        THR         0.01302        0.029564       0.0012741      0.00090093        0.085404               0               
         A         80        ARG         0.35708         0.52802         0.54892         0.57976           1.605               0               
         A         81        VAL         0.10868        0.064713         0.12272        0.086775         0.18408               0               
         A         82        VAL         0.32361          0.3654         0.66031         0.31628          1.0038               0               
         A         83        TYR        0.084633           0.094        0.046632        0.085152         0.24046               0               
         A         84        ASN         0.30986          0.2972         0.57703         0.17911         0.73665               0               
         A         85        ARG         0.45149         0.36308         0.61124         0.35616          1.1708               0               
         A         86        SER         0.76687         0.69987          1.4964         0.75978          2.2562         0.18408               
         A         87        SER         0.16201         0.12331         0.18653        0.053933         0.37104       0.0019112               
         A         88        GLY        0.056516        0.075616               0               0         0.18408               0               
         A         89        LEU         0.39184          0.6183         0.78367         0.67641          1.8944               0               
         A         90        VAL         0.16516         0.11443         0.19903         0.13475         0.37104       0.0019112               
         A         91        SER         0.27636         0.29209         0.61586         0.24483         0.86069               0               
         A         92        ASN         0.36431         0.16466         0.47753         0.11962         0.62811          0.1326               
         A         93        ALA        0.093687        0.099585               0               0         0.24046               0               
         A         94        PRO         0.52498         0.34378         0.84666         0.22226          1.0038               0               
         A         95        GLY         0.11331        0.075518               0               0         0.24046        0.041988               
         A         96        VAL         0.11987        0.098027        0.029105        0.039817         0.30248               0               
         A         97        GLN         0.61931         0.64378          1.0798         0.51621          1.8944               0               
         A         98        ILE         0.23055         0.12339         0.20737         0.10994         0.44721        0.085404               
         A         99        ARG         0.39447          0.4381         0.59331         0.43505          1.3682               0               
         A        100        VAL         0.24942         0.14952         0.16219         0.12446         0.53233               0               
         A        101        PRO         0.21076         0.18623         0.17744         0.25094         0.53233               0               
         A        102        GLY         0.11507         0.15166               0               0         0.37104       0.0019112               
         A        103        PHE         0.23552         0.16608         0.24076         0.20719         0.53233        0.041988               
         A        104        GLY      0.00047779      0.00082756               0               0       0.0019112               0               
         A        105        LYS         0.29457         0.42443         0.52985         0.44689          1.1708               0               
         A        106        THR        0.043343        0.052124        0.056936         0.04026          0.1326               0               
         A        107        TYR         0.38346         0.28537         0.57496         0.11021         0.73665               0               
         A        108        SER        0.030679        0.068601        0.092038        0.092038         0.18408               0               
         A        109        VAL        0.088827         0.15311         0.20726         0.17365         0.44721               0               
         A        110        GLU        0.025331        0.057616        0.045595        0.071072         0.18408               0               
         A        111        TYR         0.12425         0.24361         0.18637         0.27828         0.86069               0               
         A        112        LEU         0.16854          0.2461         0.33661         0.25425         0.62811               0               
         A        113        ASP       0.0002389      0.00063206               0               0       0.0019112               0               
         A        114        SER         0.65717         0.45212          1.2695        0.098673          1.3682         0.18408               
         A        115        SER         0.17465         0.14839          0.2663          0.1809         0.44721        0.041988               
         A        116        LYS         0.67842         0.92998          1.2041         0.96642          2.7214               0               
         A        117        LEU         0.54443         0.44944         0.78042          0.4286          1.3682               0               
         A        118        ALA         0.32152          0.1996         0.53233               0         0.53233               0               
         A        119        GLY         0.30568         0.15805               0               0         0.53233        0.085404               
         A        120        TYR         0.10248         0.15527         0.14824          0.1724         0.53233               0               
         A        121        LEU        0.063743        0.091169         0.12749        0.092181         0.24046               0               
         A        122        HIS         0.20329         0.25773         0.33881         0.25454         0.73665               0               
         A        123        THR         0.23529         0.24371         0.48764         0.13664         0.62811               0               
         A        124        LEU         0.26114         0.27797         0.52181         0.13653         0.73665               0               
         A        125        VAL        0.046621        0.081185         0.10815        0.093561         0.24046               0               
         A        126        GLN         0.18389         0.21297         0.33099         0.18152         0.53233               0               
         A        127        ASN        0.080304         0.12613         0.16061         0.13754         0.37104               0               
         A        128        LEU        0.081925         0.13396         0.16385         0.14989         0.37104               0               
         A        129        VAL        0.082319         0.18428         0.19144         0.24166         0.53233               0               
         A        130        ASN         0.30811         0.27297         0.49345         0.21203         0.86069               0               
         A        131        ASN         0.28551         0.26392          0.3459         0.30806         0.86069               0               
         A        132        GLY         0.27193          0.1441               0               0         0.44721        0.085404               
         A        133        TYR        0.025757        0.049133        0.038397        0.056048          0.1326               0               
         A        134        VAL         0.26794         0.33739         0.56383         0.32237          1.0038               0               
         A        135        ARG         0.27845         0.22296         0.40527         0.17499         0.62811               0               
         A        136        ASP         0.14901         0.23454         0.25201         0.28714         0.73665               0               
         A        137        GLU         0.55951         0.78694          1.0071         0.81479          2.2562               0               
         A        138        THR        0.088044          0.1823         0.19144         0.24166         0.53233               0               
         A        139        VAL        0.062154         0.10826         0.14503          0.1238         0.30248               0               
         A        140        ARG         0.12456         0.24553         0.19547         0.28444         0.86069               0               
         A        141        ALA        0.026519        0.053038               0               0          0.1326               0               
         A        142        ALA        0.054278        0.072734        0.085404               0         0.18408               0               
         A        143        PRO         0.04921         0.10441         0.10083         0.14259         0.30248               0               
         A        144        TYR       0.0072762        0.023562        0.010914        0.028161        0.085404               0               
         A        145        ASP        0.076983          0.1043         0.13262         0.11916         0.30248               0               
         A        146        TRP        0.034752        0.054519        0.030055        0.039498         0.18408               0               
         A        147        ARG         0.12325          0.1505         0.17548         0.16546         0.44721               0               
         A        148        LEU         0.15259         0.16412         0.22683         0.19557         0.53233       0.0019112               
         A        149        GLU          0.2411         0.21016         0.36509         0.17943         0.62811               0               
         A        150        PRO      0.00027302      0.00066877               0               0       0.0019112               0               
         A        151        GLY         0.60489         0.35633               0               0          1.1708         0.18408               
         A        152        GLN         0.34044         0.24128         0.49296         0.21951         0.86069        0.041988               
         A        153        GLN        0.020878        0.057705        0.037198        0.073443         0.18408               0               
         A        154        GLU         0.41757         0.37204         0.74285         0.10406         0.86069               0               
         A        155        GLU          0.7331         0.79152          1.3188         0.59649          2.2562               0               
         A        156        TYR        0.080379        0.090997         0.12057        0.087035         0.30248               0               
         A        157        TYR        0.011253        0.025086         0.01688        0.029138        0.085404               0               
         A        158        ARG         0.50647         0.42541         0.78367         0.26886          1.1708               0               
         A        159        LYS         0.31144         0.37787          0.5606         0.34256          1.0038               0               
         A        160        LEU         0.14638         0.21576         0.29276         0.22416         0.62811               0               
         A        161        ALA       0.0083975        0.016795        0.041988               0        0.041988               0               
         A        162        GLY        0.021351        0.036981               0               0        0.085404               0               
         A        163        LEU        0.085964         0.12748         0.17193         0.13313         0.37104               0               
         A        164        VAL        0.044495        0.064456         0.10382        0.059452         0.18408               0               
         A        165        GLU         0.29421          0.3522         0.52958         0.31407          1.0038               0               
         A        166        GLU         0.61427         0.70617          1.0886         0.62474          1.8944               0               
         A        167        MET        0.033149        0.057415        0.066298        0.066298          0.1326               0               
         A        168        HIS         0.13388          0.2276         0.22314         0.25771         0.62811               0               
         A        169        ALA         0.32487         0.25655         0.62811               0         0.62811               0               
         A        170        ALA         0.20338         0.21315          0.1326               0         0.62811        0.085404               
         A        171        TYR         0.25307         0.19079         0.29056         0.19196         0.62811               0               
         A        172        GLY         0.34493         0.22919               0               0         0.62811       0.0019112               
         A        173        LYS         0.50337         0.62715          0.8722         0.63337          1.8944               0               
         A        174        PRO         0.15124         0.18337         0.27275         0.19535         0.44721               0               
         A        175        VAL        0.055482         0.10245         0.11482          0.1338         0.30248               0               
         A        176        PHE        0.037247        0.062895        0.058531        0.070501         0.18408               0               
         A        177        LEU          0.2066         0.21724         0.40271         0.13092         0.53233               0               
         A        178        ILE         0.13217         0.14939         0.25289         0.12319         0.37104               0               
         A        179        GLY        0.033149        0.057415               0               0          0.1326               0               
         A        180        HIS         0.22047         0.25794         0.36744         0.23851         0.73665               0               
         A        181        SER         0.11168         0.23146         0.33505         0.29306         0.62811               0               
         A        182        LEU         0.16527          0.1965         0.30918         0.18556         0.62811               0               
         A        183        GLY               0               0               0               0               0               0               
         A        184        CYS               0               0               0               0               0               0               
         A        185        LEU         0.08993           0.114         0.17938        0.099939         0.30248               0               
         A        186        HIS        0.044789        0.063616        0.074648        0.067201         0.18408               0               
         A        187        LEU         0.13039         0.20484         0.26079         0.22341         0.62811               0               
         A        188        LEU          0.0938         0.10394          0.1876        0.063335         0.24046               0               
         A        189        TYR         0.11739         0.16887         0.17609         0.18011         0.53233               0               
         A        190        PHE        0.057277        0.072815        0.090007        0.073389         0.18408               0               
         A        191        LEU         0.11635         0.13219         0.23271        0.088736         0.30248               0               
         A        192        LEU         0.15938         0.18865          0.1747         0.14204         0.53233               0               
         A        193        ARG         0.57471         0.50194         0.80487            0.49           1.605               0               
         A        194        GLN          0.1141         0.19078         0.17952         0.23433         0.62811               0               
         A        195        PRO         0.41709         0.37354         0.70047         0.35816          1.1708               0               
         A        196        GLN         0.33975         0.30499         0.57435         0.19635         0.86069               0               
         A        197        ALA         0.36459         0.62228           1.605               0           1.605               0               
         A        198        TRP        0.054351        0.068649        0.071893        0.073406         0.24046               0               
         A        199        LYS        0.025543        0.057525        0.045977        0.070831         0.18408               0               
         A        200        ASP         0.27345         0.20051         0.39198        0.060307         0.53233               0               
         A        201        ARG          0.7119         0.80389          1.1127         0.75733          2.2562               0               
         A        202        PHE        0.041205        0.071029        0.064751        0.080021         0.24046               0               
         A        203        ILE        0.061646        0.071074        0.090143        0.071989         0.18408               0               
         A        204        ASP        0.067804        0.078616         0.10376        0.092332         0.24046               0               
         A        205        GLY               0               0               0               0               0               0               
         A        206        PHE         0.16985         0.22231         0.26091         0.23382         0.73665               0               
         A        207        ILE        0.081466        0.098194         0.16293        0.077529         0.24046               0               
         A        208        SER        0.030679        0.068601        0.092038        0.092038         0.18408               0               
         A        209        LEU         0.21692         0.28663         0.43384         0.26497         0.86069               0               
         A        210        GLY         0.16529        0.094138               0               0         0.30248        0.041988               
         A        211        ALA       0.0087798         0.01662               0               0        0.041988               0               
         A        212        PRO        0.096625         0.11583         0.12335        0.085874         0.30248               0               
         A        213        TRP          0.1138         0.16613        0.087971        0.094071         0.62811               0               
         A        214        GLY        0.021829        0.036713               0               0        0.085404               0               
         A        215        GLY        0.031848        0.035354               0               0        0.085404               0               
         A        216        SER        0.080472         0.11313         0.24046               0         0.24046               0               
         A        217        ILE         0.11585         0.16592         0.18806          0.2042         0.53233               0               
         A        218        LYS         0.60982         0.74255          1.0893         0.68919          2.2562               0               
         A        219        PRO        0.061542        0.045847        0.085404      1.3878e-17          0.1326               0               
         A        220        MET        0.083792         0.11303         0.16758         0.10728         0.30248               0               
         A        221        LEU        0.056516        0.075616         0.11303        0.071045         0.18408               0               
         A        222        VAL         0.12964         0.14969         0.30248               0         0.30248               0               
         A        223        LEU         0.15061         0.18069         0.30074         0.14218         0.53233               0               
         A        224        ALA        0.034917        0.051475               0               0          0.1326               0               
         A        225        SER        0.059466        0.067402         0.13474        0.049337         0.18408               0               
         A        226        GLY         0.12212         0.12819               0               0         0.30248               0               
         A        227        ASP         0.54877         0.56333         0.93366         0.57577          1.8944        0.041988               
         A        228        ASN         0.80985         0.54186           1.184         0.48447          1.8944          0.1326               
         A        229        GLN         0.43615          0.5022         0.71008          0.5264          1.3682               0               
         A        230        GLY      0.00047779      0.00082756               0               0       0.0019112               0               
         A        231        ILE         0.47255         0.49576         0.87963         0.39719          1.3682       0.0019112               
         A        232        PRO         0.58406         0.36206         0.97043         0.17881          1.1708          0.1326               
         A        233        ILE         0.29929         0.30896         0.57676         0.18865         0.86069               0               
         A        234        MET         0.11677         0.10045         0.18035         0.10412         0.24046               0               
         A        235        SER          0.5181         0.20939         0.49957         0.12853         0.86069         0.18408               
         A        243        GLN         0.64086         0.43684         0.48931         0.44534          1.1708        0.041988               
         A        244        ARG         0.34251         0.19786          0.3725         0.23761         0.73665               0               
         A        245        ILE         0.39865         0.30253         0.62892         0.21922          1.0038               0               
         A        246        THR        0.070179        0.072046        0.058194        0.055332         0.18408               0               
         A        247        THR        0.031689        0.050502        0.073303        0.054033          0.1326               0               
         A        248        THR         0.17293         0.15094         0.32751        0.061554         0.37104               0               
         A        249        SER         0.23293         0.11887         0.20651         0.16452         0.37104        0.041988               
         A        250        PRO         0.13376         0.17603        0.073303        0.054033         0.53233               0               
         A        251        TRP         0.15838         0.15459         0.20313         0.15467         0.44721               0               
         A        252        MET         0.29495         0.26605         0.55628         0.04147         0.62811               0               
         A        253        PHE        0.061114         0.10326        0.096036         0.11577         0.30248               0               
         A        254        PRO        0.059292         0.08665        0.013996        0.019793         0.24046               0               
         A        255        SER         0.15967          0.1107         0.27147        0.031012         0.30248               0               
         A        256        ARG          1.0809          0.9219          1.5825         0.79999          2.7214        0.085404               
         A        257        MET         0.53631         0.36525         0.77631         0.33685          1.1708          0.1326               
         A        258        ALA       0.0087798         0.01662               0               0        0.041988               0               
         A        259        TRP        0.020448        0.061955        0.024237        0.072077         0.24046               0               
         A        260        PRO         0.58794         0.45975         0.99539         0.39591          1.3682        0.041988               
         A        261        GLU         0.53154         0.55609         0.88218         0.50933           1.605               0               
         A        262        ASP         0.71754         0.84384          1.3153         0.83429          2.7214       0.0019112               
         A        263        HIS        0.083979         0.13179         0.10363         0.16068         0.44721               0               
         A        264        VAL         0.18728         0.28841         0.42299         0.31051         0.73665               0               
         A        265        PHE        0.056241        0.064013        0.088378        0.059991         0.18408               0               
         A        266        ILE        0.063982        0.091004         0.12749        0.092181         0.24046               0               
         A        267        SER        0.083939         0.13722         0.25182         0.11922         0.37104               0               
         A        268        THR       0.0065443        0.014494       0.0012741      0.00090093        0.041988               0               
         A        269        PRO         0.49414         0.34232         0.56781         0.45125          1.1708        0.085404               
         A        270        SER         0.64084         0.36111          1.0873        0.083493          1.1708         0.18408               
         A        271        PHE         0.14517         0.24313         0.22213         0.27644         0.73665               0               
         A        272        ASN         0.46173         0.71496         0.92298         0.77255          2.2562               0               
         A        273        TYR        0.050693        0.088442        0.076039        0.099023         0.24046               0               
         A        274        THR               0               0               0               0               0               0               
         A        275        GLY      0.00047779      0.00082756               0               0       0.0019112               0               
         A        276        ARG         0.42727         0.38724         0.55399         0.37021          1.0038               0               
         A        277        ASP        0.054624         0.10321        0.076099         0.13071         0.30248               0               
         A        278        PHE         0.11833         0.12415         0.18595         0.10792         0.37104               0               
         A        279        GLN         0.29545         0.38416         0.53142         0.37463          1.1708               0               
         A        280        ARG         0.33496         0.37177         0.52037         0.34995          1.1708               0               
         A        281        PHE         0.11674         0.11385         0.18345        0.090167         0.30248               0               
         A        282        PHE        0.025677        0.068974         0.04035         0.08297         0.24046               0               
         A        283        ALA        0.082605         0.14513         0.37104               0         0.37104               0               
         A        284        ASP         0.19816         0.19707         0.34182         0.18206         0.62811               0               
         A        285        LEU        0.042762        0.036712         0.07455          0.0188        0.085404               0               
         A        286        HIS         0.54689         0.58645         0.91149         0.49079           1.605               0               
         A        287        PHE         0.17366         0.19483         0.27289         0.18047         0.62811               0               
         A        288        GLU          0.6109         0.79097          1.0992         0.76784          2.2562               0               
         A        289        GLU         0.43542         0.48205         0.72043         0.47982          1.3682               0               
         A        290        GLY               0               0               0               0               0               0               
         A        291        TRP        0.077811         0.16261         0.10894         0.18338         0.53233               0               
         A        292        TYR         0.27299         0.41473         0.40948         0.44957          1.3682               0               
         A        293        MET         0.12918         0.27881         0.25835         0.34943         0.86069               0               
         A        294        TRP         0.10377         0.17471         0.14528         0.19157         0.53233               0               
         A        295        LEU         0.12854         0.15919         0.25613         0.13464         0.37104               0               
         A        296        GLN         0.54986         0.45611         0.84689         0.39298          1.3682       0.0019112               
         A        297        SER        0.013996        0.019793        0.020994        0.020994        0.041988               0               
         A        298        ARG         0.45335         0.48796         0.58389         0.56424           1.605               0               
         A        299        ASP         0.37661         0.36163          0.6126         0.37471          1.1708        0.041988               
         A        300        LEU         0.33757         0.22629         0.42036         0.26544         0.73665        0.085404               
         A        301        LEU         0.38368         0.33684         0.65226         0.27426          1.0038       0.0019112               
         A        302        ALA         0.46949         0.17764         0.44721               0         0.73665         0.18408               
         A        303        GLY         0.41327         0.08571               0               0         0.53233         0.30248               
         A        304        LEU         0.14365         0.14422         0.24448         0.14282         0.37104       0.0019112               
         A        305        PRO         0.28001         0.26581         0.48339         0.28488         0.73665               0               
         A        306        ALA         0.12421         0.11474               0               0         0.30248               0               
         A        307        PRO        0.076042        0.065305        0.044198        0.062506          0.1326               0               
         A        308        GLY        0.010975        0.017922               0               0        0.041988               0               
         A        309        VAL        0.094082         0.14669         0.17706         0.19102         0.44721               0               
         A        310        GLU        0.082823         0.13412         0.14068         0.15679         0.44721               0               
         A        311        VAL        0.088827         0.15311         0.20726         0.17365         0.44721               0               
         A        312        TYR        0.040425        0.058046        0.060399        0.062103          0.1326               0               
         A        313        CYS         0.11925         0.15578         0.33676        0.034276         0.37104               0               
         A        314        LEU        0.092651          0.0965          0.1853        0.038156         0.24046               0               
         A        315        TYR        0.018366        0.037713        0.027549        0.043363          0.1326               0               
         A        316        GLY        0.010497        0.018181               0               0        0.041988               0               
         A        317        VAL        0.068426         0.10561         0.14566         0.12306         0.30248               0               
         A        318        GLY          0.3892         0.26192               0               0         0.73665       0.0019112               
         A        319        LEU         0.13107         0.28223         0.21565         0.37242         0.86069               0               
         A        320        PRO         0.43731         0.45013         0.84286         0.37349          1.3682               0               
         A        321        THR               0               0               0               0               0               0               
         A        322        PRO         0.15622         0.14429         0.29058         0.11312         0.44721       0.0019112               
         A        323        ARG         0.34333         0.50882         0.53352         0.55424           1.605               0               
         A        324        THR        0.011996        0.018968        0.013996        0.019793        0.041988               0               
         A        325        TYR         0.21536          0.2457         0.32257          0.2368         0.86069               0               
         A        326        ILE         0.24498         0.37208         0.48996         0.39605          1.1708               0               
         A        327        TYR        0.038405        0.071436        0.052119        0.083245         0.24046               0               
         A        328        ASP         0.11565          0.1344          0.1663           0.169         0.44721               0               
         A        329        HIS         0.55655         0.38226         0.78604         0.31434          1.3682        0.085404               
         A        330        GLY        0.031848        0.035354               0               0        0.085404               0               
         A        331        PHE         0.11269         0.11685         0.13859         0.12776         0.37104               0               
         A        332        PRO        0.044156        0.057671         0.10239        0.042713          0.1326               0               
         A        333        TYR         0.69815         0.64123         0.98617         0.59974          1.8944               0               
         A        334        THR         0.16811         0.16993          0.2388         0.22074         0.53233               0               
         A        335        ASP         0.46528         0.42418         0.81631          0.3267          1.3682        0.041988               
         A        336        PRO        0.095605         0.11792        0.042464        0.034868         0.37104               0               
         A        337        VAL         0.46563         0.28618         0.39035         0.17001          1.0038        0.085404               
         A        338        GLY        0.089665        0.072577               0               0         0.18408               0               
         A        339        VAL         0.26968         0.19854          0.3102         0.25648         0.62811               0               
         A        340        LEU         0.33747         0.50418         0.67446         0.53034          1.3682               0               
         A        341        TYR         0.28562            0.43         0.40542         0.48075          1.3682               0               
         A        342        GLU         0.12231         0.14498         0.18296         0.15656         0.37104               0               
         A        343        ASP         0.26434         0.23232         0.35675         0.23656         0.73665               0               
         A        344        GLY               0               0               0               0               0               0               
         A        345        ASP               0               0               0               0               0               0               
         A        346        ASP         0.12869         0.13333         0.25738        0.049316         0.30248               0               
         A        347        THR        0.049881        0.055126        0.088397        0.062506          0.1326               0               
         A        348        VAL        0.057508        0.067448        0.089351        0.066982         0.18408               0               
         A        349        ALA        0.053896        0.073012               0               0         0.18408               0               
         A        350        THR        0.080904         0.10496         0.16031         0.11335         0.24046               0               
         A        351        ARG         0.23582         0.21564         0.30582         0.23735         0.73665               0               
         A        352        SER      0.00031853      0.00071225               0               0       0.0019112               0               
         A        353        THR        0.018942        0.046399        0.044198        0.062506          0.1326               0               
         A        354        GLU          0.4695         0.56433         0.82802         0.53192           1.605               0               
         A        355        LEU          0.1637         0.32048         0.31595         0.39843          1.0038               0               
         A        356        CYS      0.00031853      0.00071225      0.00095558      0.00095558       0.0019112               0               
         A        357        GLY        0.088364        0.058033               0               0         0.18408        0.041988               
         A        358        LEU         0.34871         0.38055         0.64293         0.33656          1.1708               0               
         A        359        TRP        0.038767        0.068699        0.054274        0.075932         0.18408               0               
         A        360        GLN         0.59725          0.6115         0.97307         0.59033          1.8944               0               
         A        361        GLY         0.61442         0.14218               0               0         0.86069         0.53233               
         A        362        ARG         0.82607         0.76107          1.1076         0.80842          2.7214        0.041988               
         A        363        GLN        0.039273        0.058521       0.0083975        0.016795         0.18408               0               
         A        364        PRO         0.46593         0.25229         0.74181        0.095023         0.86069         0.18408               
         A        365        GLN        0.041085        0.075785        0.065173        0.093678         0.24046               0               
         A        366        PRO         0.25596         0.20402         0.45572         0.10835         0.53233               0               
         A        367        VAL         0.10058        0.048327        0.089351        0.066982         0.18408        0.041988               
         A        368        HIS           0.168         0.26417         0.25878         0.30802         0.73665               0               
         A        369        LEU         0.24428         0.17883         0.34186         0.16934         0.53233       0.0019112               
         A        370        LEU         0.16231         0.20681         0.31411         0.19777         0.62811               0               
         A        371        PRO         0.22647         0.19486         0.39441         0.18203         0.62811               0               
         A        372        LEU        0.021823        0.044066        0.043646         0.05414          0.1326               0               
         A        373        HIS         0.71746         0.49944          1.0435         0.36864           1.605        0.041988               
         A        374        GLY         0.24046               0               0               0         0.24046         0.24046               
         A        375        ILE         0.14106         0.16868         0.14406          0.2248         0.53233               0               
         A        376        GLN         0.60724         0.77352          1.0665         0.77444          1.8944               0               
         A        377        HIS          0.2245         0.27812         0.37416         0.27003         0.86069               0               
         A        378        LEU          1.1069          1.2932          2.0391          1.2658          4.2099        0.085404               
         A        379        ASN         0.47084         0.52601          0.9307         0.36071          1.3682               0               
         A        380        MET         0.26381         0.29546         0.51664         0.21545         0.86069               0               
         A        381        VAL         0.27805         0.24958         0.44908         0.29504         0.86069        0.041988               
         A        382        PHE         0.31476         0.27216         0.43562          0.2498         0.73665               0               
         A        383        SER        0.051673        0.062119        0.041988               0         0.18408               0               
         A        384        ASN         0.78748         0.92233          1.5313         0.76932          2.7214               0               
         A        385        LEU         0.33143         0.40466         0.66238         0.32931          1.1708               0               
         A        386        THR        0.062154         0.10826         0.14503          0.1238         0.30248               0               
         A        387        LEU         0.11321         0.15007         0.22642         0.13931         0.44721               0               
         A        388        GLU         0.45556         0.44306         0.82001         0.23344          1.0038               0               
         A        389        HIS         0.32295          0.3748         0.53825         0.34386          1.0038               0               
         A        390        ILE          0.1624         0.17404         0.32479        0.088525         0.44721               0               
         A        391        ASN         0.11626         0.13173         0.23204        0.088855         0.37104               0               
         A        392        ALA         0.11525         0.20916         0.53233               0         0.53233               0               
         A        393        ILE       0.0054873         0.01381        0.010975        0.017922        0.041988               0               
         A        394        LEU         0.13579         0.16866         0.26108         0.15864         0.44721               0               
         A        395        LEU         0.55823         0.57707         0.97346         0.55538           1.605               0               
         A        396        GLY         0.16758         0.10728               0               0         0.30248        0.041988               
         A        397        ALA          0.3277         0.12338         0.24046               0         0.44721          0.1326               
         A        398        TYR         0.48183         0.44739         0.57774         0.51999          1.3682        0.041988               
         A        399        ARG         0.66808         0.49781         0.43333         0.33831           1.605       0.0019112               
