pdb_id: 
analysis type: unbound
radii_file: F:\psiafrombintisolah\PSAIA-1.0\amac_data\chothia.radii
CX_sRadius: 5
CX_vAtom: 20.1

  chain id|    res id|  res name|     average CX|       s_avg CX|    s-ch avg CX|  s-ch s_avg CX|         max CX|         min CX|               
         A        229        ARG         0.85533         0.73368         0.98141         0.85181          2.7214        0.041988               
         A        230        PRO         0.68014         0.41714          1.0776         0.21363          1.3682        0.041988               
         A        231        PHE         0.13919         0.11477         0.16516         0.11443         0.37104               0               
         A        232        THR         0.32186         0.34226          0.6448         0.28656          1.0038               0               
         A        233        LEU         0.22857          0.1784         0.37079         0.14889         0.53233        0.041988               
         A        234        PRO         0.08953        0.070234        0.075355        0.078766         0.18408               0               
         A        235        ASN         0.95022         0.84229          1.6388         0.68041          2.7214          0.1326               
         A        236        LEU          0.5186         0.68241         0.99402         0.69104          1.8944               0               
         A        237        PRO         0.20745         0.25976         0.38322         0.28372         0.73665               0               
         A        238        LEU         0.11413         0.11879         0.22777        0.048892         0.30248               0               
         A        239        SER         0.23663         0.17796         0.30248               0         0.53233               0               
         A        240        SER         0.33754            0.22         0.43428         0.19382         0.62811        0.041988               
         A        241        LEU        0.052358        0.083098        0.093742         0.10032         0.24046               0               
         A        242        SER        0.022418        0.049278        0.066298        0.066298          0.1326               0               
         A        243        ASN               0               0               0               0               0               0               
         A        244        SER      0.00031853      0.00071225               0               0       0.0019112               0               
         A        245        ARG        0.038594        0.082749               0               0         0.24046               0               
         A        246        ALA        0.065555        0.093415         0.24046               0         0.24046               0               
         A        247        PRO         0.41662         0.26497         0.65612         0.20785         0.86069          0.1326               
         A        248        LEU         0.15923         0.27622         0.31799         0.31966         0.86069               0               
         A        249        PRO          0.4617         0.47665         0.95232         0.30899          1.3682               0               
         A        250        ILE        0.026838        0.036387         0.04318        0.042229        0.085404               0               
         A        251        SER          0.3469         0.22154         0.46036         0.27628         0.73665        0.085404               
         A        252        SER         0.15879         0.18437         0.40912        0.038084         0.44721               0               
         A        253        MET         0.17008          0.1551         0.25906         0.15337         0.44721               0               
         A        254        GLY        0.053199        0.035462               0               0        0.085404               0               
         A        255        ILE         0.61776         0.45699         0.94231         0.42122           1.605        0.085404               
         A        256        SER         0.14899         0.14253         0.18552         0.18552         0.37104               0               
         A        257        PRO         0.18842         0.18638         0.29814         0.21081         0.44721               0               
         A        258        ASP          1.0955          1.0238          1.9306         0.83371          3.3416         0.18408               
         A        259        ASN         0.78159         0.80272          1.2483         0.91405          2.7214         0.18408               
         A        260        VAL        0.084282         0.07831        0.061996        0.086328         0.18408               0               
         A        261        GLN          1.4088          1.4783          2.3275          1.4245          4.2099         0.18408               
         A        262        SER         0.24264         0.11972         0.22822         0.14282         0.37104        0.085404               
         A        263        VAL         0.10767         0.10651        0.088397        0.062506         0.30248               0               
         A        264        GLN         0.24627         0.40927         0.41638          0.4835          1.3682               0               
         A        265        PHE      0.00034748      0.00073713      0.00027302      0.00066877       0.0019112               0               
         A        266        GLN       0.0048776        0.013134       0.0087798         0.01662        0.041988               0               
         A        267        ASN       0.0052485        0.013886        0.010497        0.018181        0.041988               0               
         A        268        GLY         0.06737        0.075867               0               0         0.18408               0               
         A        269        ARG         0.15102         0.21582         0.21837         0.24257         0.62811               0               
         A        270        CYS        0.029734        0.048386      0.00095558      0.00095558          0.1326               0               
         A        271        THR      0.00027302      0.00066877      0.00063706      0.00090093       0.0019112               0               
         A        272        LEU        0.041032        0.077367        0.081587        0.093174         0.24046               0               
         A        273        ASP         0.29437         0.45022         0.56643           0.506          1.3682               0               
         A        274        GLY          0.0545        0.056997               0               0          0.1326               0               
         A        275        ARG         0.85772         0.83954          1.3213         0.71627          2.2562               0               
         A        276        LEU         0.29933          0.2263          0.4205         0.25405         0.73665        0.041988               
         A        277        VAL         0.16118         0.16689         0.28674         0.17584         0.44721               0               
         A        278        GLY         0.24754         0.16141               0               0         0.44721               0               
         A        279        THR        0.012747        0.029674      0.00063706      0.00090093        0.085404               0               
         A        280        THR        0.024401        0.038581               0               0        0.085404               0               
         A        281        PRO        0.073122         0.09379        0.029105        0.039817         0.24046               0               
         A        282        VAL         0.53911         0.45637          1.0595        0.078718          1.1708        0.085404               
         A        283        SER         0.16169         0.16358         0.34383         0.10337         0.44721               0               
         A        284        LEU          0.1875          0.2219         0.35304           0.208         0.62811       0.0019112               
         A        285        SER          0.2248         0.12866         0.37484         0.07236         0.44721        0.041988               
         A        286        HIS         0.41975         0.54593         0.69959          0.5486           1.605               0               
         A        287        VAL        0.031212        0.045185        0.013996        0.019793          0.1326               0               
         A        288        ALA       0.0087798         0.01662       0.0019112               0        0.041988               0               
         A        289        LYS         0.39551         0.75063         0.71192         0.88822          2.2562               0               
         A        290        ILE         0.23464           0.199          0.4019         0.13226         0.53233               0               
         A        291        ARG         0.29232         0.45564         0.42822         0.52306           1.605               0               
         A        292        GLY        0.021829        0.036713               0               0        0.085404               0               
         A        293        THR         0.20135         0.20707         0.42734        0.094881         0.53233               0               
         A        294        SER               0               0               0               0               0               0               
         A        295        ASN         0.36332         0.38049         0.52288         0.46198          1.1708               0               
         A        296        GLY         0.15172         0.15077               0               0         0.30248               0               
         A        297        THR         0.44489         0.45205         0.93425         0.22695          1.1708               0               
         A        298        VAL         0.16729         0.22294         0.39035         0.17001         0.62811               0               
         A        299        ILE        0.028258        0.060476        0.056516        0.075616         0.18408               0               
         A        300        ASN         0.55193         0.63704          1.0929         0.47544          1.8944               0               
         A        301        LEU        0.092371        0.093022        0.065474        0.048719         0.30248               0               
         A        302        THR        0.077202          0.1235         0.13767          0.1659         0.37104               0               
         A        303        GLU        0.093287         0.10031         0.16792        0.074689         0.24046               0               
         A        304        LEU         0.22375         0.16736         0.31182         0.19272         0.62811        0.041988               
         A        305        ASP         0.42602         0.34995         0.58012         0.42033          1.1708        0.041988               
         A        306        GLY         0.12591         0.15152               0               0         0.37104               0               
         A        307        THR         0.16197         0.20835         0.33372         0.21277         0.62811               0               
         A        308        PRO         0.43521         0.37037         0.77708         0.28114          1.1708        0.041988               
         A        309        PHE        0.019866        0.033057        0.018472        0.030873        0.085404               0               
         A        310        HIS         0.49303         0.53036          0.8214         0.44636           1.605               0               
         A        311        PRO         0.16874         0.19597          0.3791         0.10835         0.53233               0               
         A        312        PHE         0.57686         0.55875         0.88701         0.47352          1.8944               0               
         A        313        GLU         0.46257         0.29817         0.73665               0         0.86069        0.041988               
         A        314        GLY        0.021351        0.036981               0               0        0.085404               0               
         A        315        PRO        0.032841        0.063364        0.014633        0.019358         0.18408               0               
         A        316        ALA      0.00038223      0.00076447               0               0       0.0019112               0               
         A        317        PRO        0.024197        0.030987        0.013996        0.019793        0.085404               0               
         A        318        ILE         0.32773         0.29039          0.5809         0.20024         0.86069        0.041988               
         A        319        GLY               0               0               0               0               0               0               
         A        320        PHE        0.090564         0.11007         0.14231         0.10805         0.30248               0               
         A        321        PRO       0.0059982        0.014693        0.013996        0.019793        0.041988               0               
         A        322        ASP       0.0054873         0.01381               0               0        0.041988               0               
         A        323        LEU          0.1227         0.17029          0.2454         0.16699         0.53233               0               
         A        324        GLY               0               0               0               0               0               0               
         A        325        GLY         0.10282        0.086781               0               0         0.24046               0               
         A        326        CYS        0.040077        0.089615               0               0         0.24046               0               
         A        327        ASP        0.030058        0.079525        0.060115         0.10412         0.24046               0               
         A        328        TRP        0.057275        0.093505        0.080185           0.102         0.30248               0               
         A        329        HIS        0.018408        0.055223        0.030679        0.068601         0.18408               0               
         A        330        ILE        0.056876         0.12006         0.10326         0.15555         0.37104               0               
         A        331        ASN         0.21011          0.3011         0.42021         0.30502         0.86069               0               
         A        332        MET        0.044832        0.068144        0.089665        0.072577         0.18408               0               
         A        333        THR         0.28875         0.28048         0.60044        0.096313         0.73665               0               
         A        334        GLN         0.17946         0.13576         0.20396         0.16818         0.53233        0.085404               
         A        335        PHE         0.99185         0.66691          1.3346         0.61132          2.2562         0.30248               
         A        336        GLY           0.535        0.064013               0               0         0.62811         0.44721               
         A        337        HIS         0.52376          0.4858          0.7261          0.5328           1.605       0.0019112               
         A        338        SER         0.92961          0.4748          1.5326          0.3618          1.8944         0.62811               
         A        339        SER         0.80915         0.42461          1.3044         0.30057           1.605         0.24046               
         A        340        GLN         0.84188         0.80053          1.3131         0.80114          2.7214        0.085404               
         A        341        THR         0.38765         0.38385         0.79895         0.19737          1.0038               0               
         A        342        GLN         0.36033         0.27527         0.50854         0.28747         0.86069        0.041988               
         A        343        TYR        0.068621          0.1109         0.10293         0.12214         0.30248               0               
         A        344        ASP         0.26659         0.34939         0.51124         0.35219          1.0038       0.0019112               
         A        345        VAL         0.02494        0.046276               0               0          0.1326               0               
         A        346        ASP        0.068081        0.079086        0.092516        0.091563         0.18408               0               
         A        347        THR         0.13321         0.22734          0.3102         0.25648         0.62811               0               
         A        348        THR         0.28146         0.22589         0.30176         0.22202         0.53233               0               
         A        349        PRO         0.18355          0.1999         0.20591         0.23343         0.53233               0               
         A        350        ASP          0.7384         0.59368           1.246         0.42787          1.8944         0.18408               
         A        351        THR         0.21984         0.28712         0.45477         0.30308         0.86069               0               
         A        352        PHE          0.0432        0.088194        0.067886          0.1027         0.30248               0               
         A        353        VAL        0.018942        0.046399        0.044198        0.062506          0.1326               0               
         A        354        PRO               0               0               0               0               0               0               
         A        355        HIS        0.041504        0.077421        0.069174        0.089866         0.24046               0               
         A        356        LEU         0.70005         0.61342          1.1639         0.51628          1.8944               0               
         A        357        GLY        0.021829        0.036713               0               0        0.085404               0               
         A        358        SER         0.20072         0.27016         0.58022        0.047885         0.62811               0               
         A        359        ILE        0.046871        0.085023        0.093264         0.10076         0.24046               0               
         A        360        GLN         0.10153         0.14933         0.18275         0.15905         0.44721               0               
         A        361        ALA               0               0               0               0               0               0               
         A        362        ASN         0.69844         0.53965          1.0432         0.56715          1.8944          0.1326               
         A        363        GLY         0.54058         0.22111               0               0         0.86069         0.30248               
         A        364        ILE         0.16253        0.071703         0.15834        0.025741         0.24046       0.0019112               
         A        365        GLY         0.22057         0.16916               0               0         0.44721               0               
         A        366        SER         0.38232         0.17123         0.53233               0         0.53233        0.085404               
         A        367        GLY        0.079168        0.081233               0               0         0.18408               0               
         A        368        ASN         0.19394         0.19848         0.36653          0.1336         0.53233               0               
         A        369        TYR        0.077395         0.14598         0.11084         0.16865         0.53233               0               
         A        370        VAL           0.239         0.26321         0.48435         0.22812         0.73665               0               
         A        371        GLY      0.00047779      0.00082756               0               0       0.0019112               0               
         A        372        VAL         0.18622         0.23328         0.43388         0.14016         0.62811               0               
         A        373        LEU         0.21802         0.18531          0.3459         0.17546         0.44721       0.0019112               
         A        374        SER          0.2585         0.23531         0.46036         0.27628         0.73665       0.0019112               
         A        375        TRP        0.097754         0.18154         0.13686         0.20196         0.53233               0               
         A        376        ILE        0.052119        0.083245         0.10424        0.091797         0.24046               0               
         A        377        SER       0.0073165        0.015521        0.021949        0.020038        0.041988               0               
         A        378        PRO         0.24983         0.23506         0.48212         0.10781         0.62811               0               
         A        379        PRO       0.0062713        0.014596      0.00063706      0.00090093        0.041988               0               
         A        380        SER         0.28878         0.19753         0.53766         0.09045         0.62811        0.085404               
         A        381        HIS         0.47962         0.56829         0.79905         0.53213           1.605               0               
         A        382        PRO         0.29063         0.31647         0.61994         0.19998         0.86069               0               
         A        383        SER         0.80785          0.5183          1.4866         0.11841           1.605        0.085404               
         A        384        GLY         0.65843        0.085228               0               0         0.73665         0.53233               
         A        385        SER         0.18162         0.14062           0.109        0.023596         0.44721               0               
         A        386        GLN         0.79184          0.5942          1.2637         0.34327           1.605       0.0019112               
         A        387        VAL         0.23446         0.15153          0.1293         0.12733         0.44721               0               
         A        388        ASP         0.17051         0.19254         0.30918         0.18556         0.62811               0               
         A        389        LEU         0.11867          0.1098         0.22637        0.024415         0.24046               0               
         A        390        TRP          0.1598         0.18121         0.18927         0.19124         0.62811               0               
         A        391        LYS         0.71785          1.0887          1.2751          1.1974          2.7214               0               
         A        392        ILE         0.15099         0.12727         0.19097         0.16247         0.44721               0               
         A        393        PRO        0.070179        0.072046        0.044198        0.062506         0.18408               0               
         A        394        ASN         0.66533         0.67788          1.1323         0.67011          2.2562       0.0019112               
         A        395        TYR        0.086566         0.12969         0.11327         0.14643         0.44721               0               
         A        396        GLY        0.068326         0.07502               0               0         0.18408       0.0019112               
         A        397        SER         0.14652        0.082447        0.087291        0.045304         0.30248        0.041988               
         A        398        SER         0.64017         0.28539         0.95373         0.21708          1.1708         0.30248               
         A        399        ILE         0.62828         0.55347         0.97434          0.5769          1.8944          0.1326               
         A        400        THR         0.38866         0.40022         0.83087         0.15483          1.0038               0               
         A        401        GLU          1.0495          1.0479          1.7456         0.93729          3.3416        0.041988               
         A        402        ALA         0.10151        0.091065               0               0         0.24046               0               
         A        403        THR         0.22103         0.19569         0.37071         0.17192         0.53233               0               
         A        404        HIS          0.4081         0.46146         0.57308         0.53352          1.3682       0.0019112               
         A        405        LEU         0.40395         0.46349          0.6126          0.5735           1.605        0.041988               
         A        406        ALA        0.027284        0.052663               0               0          0.1326               0               
         A        407        PRO         0.41339         0.41274         0.82623         0.29641          1.1708               0               
         A        408        SER         0.13501         0.11189          0.1522         0.15029         0.30248               0               
         A        409        VAL         0.10462         0.12841         0.21565          0.1228         0.30248               0               
         A        410        TYR         0.57188         0.62652         0.84189         0.60781          2.2562               0               
         A        411        PRO         0.27211         0.13875          0.3018         0.16886         0.53233        0.085404               
         A        412        PRO         0.24623         0.19713        0.044198        0.062506         0.53233               0               
         A        413        GLY         0.10877         0.12425               0               0         0.30248               0               
         A        414        PHE         0.34304         0.20948          0.3307         0.24465         0.62811               0               
         A        415        GLY         0.25899         0.20635               0               0         0.53233               0               
         A        416        GLU        0.030367        0.060448        0.054278        0.072734         0.18408               0               
         A        417        VAL         0.23919         0.22908         0.48212         0.10781         0.62811               0               
         A        418        LEU         0.07369         0.12007          0.1364         0.14369         0.37104               0               
         A        419        VAL        0.070186        0.067165        0.073303        0.054033         0.18408               0               
         A        420        PHE        0.019345        0.033349        0.024401        0.038581        0.085404               0               
         A        421        PHE         0.12643         0.16258         0.19867         0.16487         0.44721               0               
         A        422        MET        0.070612        0.099549         0.14122        0.099237         0.24046               0               
         A        423        SER       0.0073165        0.015521               0               0        0.041988               0               
         A        424        LYS          1.5844          1.8789          2.6687          1.9251          5.5124          0.1326               
         A        425        MET        0.085566        0.086438        0.079168        0.081233         0.24046               0               
         A        426        PRO         0.36447         0.23753         0.52382         0.17735         0.73665               0               
         A        427        GLY         0.15215        0.090812               0               0         0.24046               0               
         A        428        PRO         0.51208         0.30702         0.58354         0.43467          1.1708          0.1326               
         A        429        GLY         0.12567        0.074476               0               0         0.18408       0.0019112               
         A        430        ALA         0.80025         0.56556          1.8944               0          1.8944         0.37104               
         A        431        TYR        0.056046         0.10065         0.06082         0.10942         0.30248               0               
         A        432        ASN         0.43284         0.30407         0.69809         0.18079          1.0038        0.041988               
         A        433        LEU        0.043646         0.05414        0.076795        0.057742          0.1326               0               
         A        434        PRO        0.012201        0.029885               0               0        0.085404               0               
         A        435        CYS      0.00031853      0.00071225      0.00095558      0.00095558       0.0019112               0               
         A        436        LEU         0.16798         0.14221         0.30412        0.046194         0.37104               0               
         A        437        LEU         0.17124         0.18706         0.33198         0.13409         0.53233               0               
         A        438        PRO      0.00027302      0.00066877               0               0       0.0019112               0               
         A        439        GLN        0.029678        0.055015         0.05342         0.06465          0.1326               0               
         A        440        GLU         0.24641         0.29288         0.40635         0.30299         0.86069               0               
         A        441        TYR         0.15373         0.14477          0.2306         0.11709         0.37104               0               
         A        442        ILE        0.033685        0.063345         0.06737        0.075867         0.18408               0               
         A        443        SER         0.20132         0.24796         0.53766         0.09045         0.62811               0               
         A        444        HIS        0.058952         0.11137        0.098253         0.12965         0.37104               0               
         A        445        LEU         0.10102         0.11338         0.20203        0.072819         0.30248               0               
         A        446        ALA        0.074994        0.097249          0.1326               0         0.24046               0               
         A        447        SER         0.39482         0.46787         0.95024         0.41791          1.3682       0.0019112               
         A        448        GLU         0.24531         0.30286         0.43316         0.29231         0.86069               0               
         A        449        GLN         0.81939          1.0793          1.3879           1.165          3.3416               0               
         A        450        ALA        0.094658         0.11071               0               0         0.30248               0               
         A        451        PRO         0.48921         0.40623          0.8257          0.3762          1.1708        0.041988               
         A        452        THR         0.18828         0.11808         0.22518        0.070194         0.37104       0.0019112               
         A        453        VAL         0.40019         0.34636         0.52382         0.17735          1.0038               0               
         A        454        GLY        0.042823        0.029531               0               0        0.085404       0.0019112               
         A        455        GLU         0.64449         0.77206         0.96447         0.91582          2.7214          0.1326               
         A        456        ALA       0.0083975        0.016795               0               0        0.041988               0               
         A        457        ALA       0.0083975        0.016795               0               0        0.041988               0               
         A        458        LEU        0.073868         0.12191         0.14774         0.13715         0.37104               0               
         A        459        LEU        0.023248        0.060791        0.046497        0.079436         0.18408               0               
         A        460        HIS         0.27986         0.38066         0.46643         0.39303          1.0038               0               
         A        461        TYR        0.037796        0.069474        0.056695         0.07854         0.18408               0               
         A        462        VAL        0.018472        0.030873        0.043101        0.034095        0.085404               0               
         A        463        ASP        0.066576         0.14656         0.13315         0.18464         0.44721               0               
         A        464        PRO         0.19538         0.25064         0.24555         0.34726         0.73665               0               
         A        465        ASP         0.51885          0.3996         0.83962         0.27443          1.1708        0.041988               
         A        466        THR         0.39063         0.34464         0.48431         0.40987          1.0038       0.0019112               
         A        467        GLY         0.25058         0.17348               0               0         0.44721               0               
         A        468        ARG         0.98484           1.029          1.5091         0.95118          2.7214               0               
         A        469        ASN         0.17128         0.12993         0.21867         0.15942         0.37104               0               
         A        470        LEU         0.22001         0.14348         0.20081        0.062352         0.53233               0               
         A        471        GLY        0.064997        0.049346               0               0          0.1326               0               
         A        472        GLU         0.18727         0.21007         0.24542         0.23094         0.62811               0               
         A        473        PHE        0.089995         0.13417         0.14142         0.14497         0.44721               0               
         A        474        LYS        0.014367         0.02829        0.025478        0.034091        0.085404               0               
         A        475        ALA        0.025478        0.034091        0.085404               0        0.085404               0               
         A        476        TYR         0.10541         0.14888         0.15287         0.16225         0.44721               0               
         A        477        PRO         0.31272          0.3437         0.62413         0.31165          1.0038               0               
         A        478        ASP         0.82556         0.88807          1.5486         0.72454          2.7214               0               
         A        479        GLY         0.15287         0.15969               0               0         0.37104               0               
         A        480        PHE         0.13474         0.14537         0.18031         0.16021         0.53233               0               
         A        481        LEU         0.27819         0.26513         0.52276         0.13305         0.62811               0               
         A        482        THR      0.00027302      0.00066877               0               0       0.0019112               0               
         A        483        CYS         0.05223        0.066554        0.092994        0.091083         0.18408               0               
         A        484        VAL        0.051783        0.070169        0.061996        0.086328         0.18408               0               
         A        485        PRO         0.22971        0.084928          0.2464        0.088134         0.37104        0.085404               
         A        486        ASN         0.99235         0.61259          1.4463         0.51893          1.8944          0.1326               
         A        488        ALA          1.0831         0.68166         0.30248               0          2.2562         0.30248               
         A        489        SER          1.0429         0.51651          1.7497         0.14472          1.8944         0.53233               
         A        490        SER         0.35775         0.32628         0.72551         0.27831          1.0038        0.041988               
         A        491        GLY        0.077867        0.068352               0               0         0.18408               0               
         A        492        PRO         0.18082         0.19806          0.2992         0.23604         0.62811               0               
         A        493        GLN          1.0547          1.0955          1.7549          1.0099          2.7214               0               
         A        494        GLN         0.37332         0.20973         0.37104               0         0.73665        0.085404               
         A        495        LEU         0.24575         0.24056         0.34266         0.30419         0.86069        0.085404               
         A        496        PRO         0.42585         0.29659         0.68151         0.17325         0.86069               0               
         A        497        ILE         0.18167          0.2549         0.29596         0.31315         0.73665               0               
         A        498        ASN         0.48802         0.60533         0.92142         0.59572          1.8944       0.0019112               
         A        499        GLY               0               0               0               0               0               0               
         A        500        VAL        0.044768        0.064271        0.075355        0.078766         0.18408               0               
         A        501        PHE        0.089213        0.098977         0.13365        0.098929         0.30248               0               
         A        502        VAL         0.33163         0.36664         0.61478         0.39417          1.1708               0               
         A        503        PHE        0.084823        0.098992        0.072645        0.091254         0.24046               0               
         A        504        VAL         0.17856         0.23624         0.20937         0.29609         0.62811               0               
         A        505        SER         0.19345         0.25075         0.53766         0.09045         0.62811               0               
         A        506        TRP        0.064425         0.10049        0.035633        0.054563         0.37104               0               
         A        507        VAL          0.1147         0.10945         0.09415         0.10487         0.30248               0               
         A        508        SER         0.25248         0.19751         0.45169        0.080649         0.53233               0               
         A        509        ARG         0.68155         0.76874          1.0707         0.71563          1.8944               0               
         A        510        PHE         0.45389         0.38813         0.66977         0.31433          1.1708               0               
         A        511        TYR         0.38749         0.49614         0.57599         0.51233          1.3682               0               
         A        512        GLN         0.50668         0.33684         0.79318         0.12851          1.0038        0.041988               
         A        513        LEU         0.05032        0.065896        0.046019        0.079708         0.18408               0               
         A        514        LYS         0.82466         0.95296           1.373         0.97564          2.7214               0               
         A        515        PRO          0.1653         0.15176         0.26135         0.15512         0.37104               0               
         A        516        VAL         0.17736         0.14061         0.15551        0.083507         0.44721       0.0019112               
         A        517        GLY         0.75204         0.37857               0               0          1.3682         0.37104               
         A        518        THR         0.69454         0.23491         0.58022        0.047885          1.0038         0.37104               
