pdb_id: 
analysis type: unbound
radii_file: F:\psiafrombintisolah\PSAIA-1.0\amac_data\chothia.radii
CX_sRadius: 7
CX_vAtom: 20.1

  chain id|    res id|  res name|     average CX|       s_avg CX|    s-ch avg CX|  s-ch s_avg CX|         max CX|         min CX|               
         E          2        GLU           3.484          1.6875          4.4679          1.5148           6.148          1.2338               
         E          3        GLU          1.3805         0.65141           1.843         0.37054          2.4038         0.37462               
         E          4        LEU         0.11621         0.10749        0.018082         0.02097         0.29964               0               
         E          5        GLN         0.83812         0.73306          1.3615         0.59043          2.1078         0.13461               
         E          6        MET        0.059388         0.08465        0.005287       0.0091573         0.25404               0               
         E          7        ILE         0.43512         0.29729         0.69505         0.19431         0.88106        0.083036               
         E          8        GLN        0.096366         0.12696       0.0013531       0.0027062         0.37462               0               
         E          9        PRO         0.87845         0.42163         0.67184         0.28513          1.6474         0.34869               
         E         10        GLU         0.57939         0.26446         0.71009         0.26917          1.1661         0.19134               
         E         11        LYS          1.3985          1.0812          2.1491         0.91372          3.2047         0.40158               
         E         12        LEU         0.54918         0.21604         0.72467         0.15362         0.98557         0.29964               
         E         13        LEU         0.24073         0.16427         0.26726         0.22195         0.62455        0.051182               
         E         14        LEU          0.3906        0.093589          0.3186        0.036407         0.58845         0.27643               
         E         15        VAL         0.15079        0.089777        0.078648        0.062502         0.29964               0               
         E         16        THR         0.21771        0.063685         0.19807       0.0095187         0.32371         0.13461               
         E         17        VAL         0.61478         0.21891         0.77547        0.076566         0.88106         0.29964               
         E         18        GLY         0.53881        0.049639               0               0         0.58845         0.48917               
         E         19        LYS         0.93089         0.87885          1.4732         0.85095          2.7621         0.15291               
         E         20        THR         0.38623         0.10703         0.49307        0.076342         0.58845         0.27643               
         E         21        ALA         0.14729        0.044206         0.13461               0         0.19134        0.066871               
         E         22        THR         0.28302         0.11355         0.37084        0.084248         0.48917         0.13461               
         E         23        LEU        0.028625        0.031472       0.0069783       0.0086345        0.083036               0               
         E         24        HIS         0.40743         0.40531         0.67905         0.29892          1.1661               0               
         E         25        CYS        0.011145        0.024921               0               0        0.066871               0               
         E         26        THR         0.16149         0.12168         0.29328        0.043035         0.32371               0               
         E         27        VAL        0.084741         0.12067        0.017061        0.024127         0.32371               0               
         E         28        THR         0.43209         0.20767         0.40614        0.079135         0.88106         0.17181               
         E         29        SER         0.32303        0.067368         0.33101        0.098594         0.42961         0.23242               
         E         30        LEU         0.61728         0.18998         0.70296         0.23117          1.0423         0.40158               
         E         31        LEU          1.0982         0.59358          1.6082         0.39682          2.2491         0.37462               
         E         32        PRO          0.4316        0.091888         0.37143        0.088327         0.55392         0.27643               
         E         33        VAL         0.97986         0.49076           1.487         0.22691          1.6474         0.34869               
         E         34        GLY         0.36382        0.055221               0               0         0.42961         0.27643               
         E         35        PRO         0.21642         0.04878         0.21993        0.043124         0.27643         0.15291               
         E         36        VAL        0.062094        0.058278        0.096621        0.053551         0.17181               0               
         E         37        LEU        0.078991         0.11464         0.15798          0.1175         0.32371               0               
         E         38        TRP      0.00048325       0.0017424      0.00067655       0.0020296       0.0067655               0               
         E         39        PHE        0.071561         0.10641         0.11245         0.11487         0.27643               0               
         E         40        ARG         0.30394         0.32661         0.45578         0.31894          1.0423               0               
         E         41        GLY         0.14366        0.071827               0               0         0.23242        0.051182               
         E         42        VAL          1.1291         0.55057          1.6733         0.41233          2.2491         0.52086               
         E         43        GLY          1.0958         0.13241               0               0          1.2338         0.88106               
         E         44        PRO          2.2779         0.68396          3.0042         0.36552          3.4675          1.4648               
         E         45        GLY          1.3561         0.34467               0               0          1.7492         0.98557               
         E         46        ARG          0.4706         0.24358          0.4796         0.28894          1.0423         0.19134               
         E         47        GLU         0.69216         0.47605          1.0599         0.31416          1.4648        0.099698               
         E         48        LEU         0.34602         0.11933         0.36856         0.13946         0.58845         0.21153               
         E         49        ILE          0.1141        0.072821        0.083696        0.088372         0.23242               0               
         E         50        TYR         0.12634         0.15195         0.18153         0.15938         0.48917               0               
         E         51        ASN         0.17696         0.14114         0.24279         0.14264         0.45878               0               
         E         52        GLN          0.3536         0.12302         0.32264        0.070704         0.62455         0.19134               
         E         53        LYS          1.1579         0.28204          1.3319         0.16093          1.5529         0.55392               
         E         54        GLU            1.61         0.89578          2.2436         0.71637          3.2047         0.55392               
         E         55        GLY         0.80352        0.096885               0               0          0.9319         0.66233               
         E         56        HIS          1.5638         0.37777          1.8256         0.24337          2.1078          1.0423               
         E         57        PHE         0.31745          0.1927          0.1922        0.091303         0.70191         0.11688               
         E         58        PRO           1.113         0.20855          1.2777         0.20927          1.4648         0.88106               
         E         59        ARG         0.55886         0.16825         0.61394         0.16272          0.9319         0.32371               
         E         60        VAL          0.1381         0.14239        0.017061        0.024127         0.42961               0               
         E         61        THR         0.48484         0.31667          0.7624         0.29729          1.1661         0.21153               
         E         62        THR         0.30905         0.16129          0.3216         0.14115         0.55392        0.066871               
         E         63        VAL          0.4665         0.39549          0.3302          0.2638          1.3058         0.11688               
         E         64        SER         0.44665         0.16781         0.31189         0.17728         0.62455         0.13461               
         E         65        ASP         0.78938         0.42489          1.1286         0.34927          1.6474         0.32371               
         E         66        LEU         0.22203         0.12509         0.11746        0.075355         0.40158        0.035947               
         E         67        THR          1.2081          0.3444           1.589         0.11888          1.7492         0.78701               
         E         68        LYS          1.2201         0.99741          1.7785          1.0383          3.4675         0.34869               
         E         69        ARG          3.1083          2.4853          4.4406          2.1962           7.935         0.74342               
         E         70        ASN          1.4043         0.62398          1.9486         0.42435           2.574         0.74342               
         E         71        ASN         0.25942         0.10466         0.19462        0.063996         0.48917         0.13461               
         E         72        MET         0.40508         0.19771         0.52711          0.2174         0.83283         0.23242               
         E         73        ASP         0.19443         0.15552         0.28391         0.16287         0.55392       0.0067655               
         E         74        PHE         0.07804        0.092509         0.12263        0.089327         0.27643               0               
         E         75        SER        0.024984         0.03564        0.074953       0.0080824        0.083036               0               
         E         76        ILE               0               0               0               0               0               0               
         E         77        ARG         0.62412         0.71542         0.96153         0.69949          2.2491               0               
         E         78        ILE        0.052691        0.050107        0.063864        0.055209         0.13461               0               
         E         79        SER         0.29251         0.16913         0.49959         0.12497         0.62455        0.099698               
         E         80        SER         0.54126         0.36669         0.98408         0.32174          1.3058         0.23242               
         E         81        ILE        0.048295        0.072812       0.0016914       0.0029295         0.21153               0               
         E         82        THR         0.44642         0.20709         0.66667        0.086358         0.78701         0.15291               
         E         83        PRO         0.95917         0.29221          1.2657         0.14084          1.4648         0.55392               
         E         84        ALA         0.92086         0.13981          1.1661               0          1.1661         0.78701               
         E         85        ASP         0.26138        0.075131         0.23801        0.082477         0.37462         0.11688               
         E         86        VAL         0.44463         0.16617         0.54023         0.11688         0.70191         0.21153               
         E         87        GLY         0.19432        0.059716               0               0         0.25404         0.13461               
         E         88        THR         0.23342         0.21319         0.42655         0.19677         0.70191        0.035947               
         E         89        TYR        0.029658        0.056617        0.044487         0.06441         0.17181               0               
         E         90        TYR         0.17877         0.25302         0.26815         0.26844         0.83283               0               
         E         91        CYS               0               0               0               0               0               0               
         E         92        VAL               0               0               0               0               0               0               
         E         93        LYS        0.019006        0.030845        0.034211        0.034531        0.083036               0               
         E         94        PHE        0.065428        0.099723         0.10282         0.10855         0.27643               0               
         E         95        ARG         0.57428         0.64614         0.88306         0.62684          2.1078               0               
         E         96        LYS         0.81017         0.35107          1.0913         0.16443          1.3058         0.25404               
         E         97        GLY         0.72659         0.31361               0               0          1.1661         0.42961               
         E         98        SER          2.1032         0.40513          2.4889        0.085096           2.574          1.3058               
         E         99        PRO          1.6565         0.38845          1.9818         0.10153          2.1078         0.98557               
         E        100        GLU          1.5993          1.0422          2.2924         0.90298          3.7654         0.45878               
         E        101        ASN          0.3659         0.10105         0.38289          0.1061         0.52086         0.21153               
         E        102        VAL         0.43071         0.35621          0.7391         0.35344          1.2338        0.099698               
         E        103        GLU         0.45335         0.19304         0.57653         0.16527         0.88106         0.17181               
         E        104        PHE         0.36799         0.23407         0.37206         0.20913         0.78701        0.083036               
         E        105        LYS         0.45324         0.34963         0.65991         0.34729          1.1661        0.099698               
         E        106        SER         0.30778        0.076119         0.28888        0.034834         0.45878         0.23242               
         E        107        GLY         0.18562        0.071346               0               0         0.29964         0.11688               
         E        108        PRO         0.62904         0.28024         0.82652         0.31761          1.2338         0.34869               
         E        109        GLY        0.071531        0.072644               0               0         0.19134       0.0067655               
         E        110        THR               0               0               0               0               0               0               
         E        111        GLU         0.47827          0.5068         0.83304          0.4226          1.4648               0               
         E        112        MET        0.058934        0.073202        0.031333        0.031074         0.21153               0               
         E        113        ALA         0.25754         0.12076         0.42961               0         0.42961        0.051182               
         E        114        LEU         0.46645         0.17369         0.43895         0.22764         0.74342         0.11688               
         E        115        GLY         0.27991        0.066846               0               0         0.37462         0.19134               
         E        116        ALA         0.23381         0.11328         0.42961               0         0.42961         0.11688               
         E        117        LYS         0.60149         0.44189         0.89661         0.38703          1.5529         0.15291               
         E        118        PRO        0.082513         0.12258               0               0         0.34869               0               
         E        119        SER         0.33343        0.088168         0.37161         0.11757         0.48917         0.23242               
         E        120        ALA          0.6791         0.26316          1.1024               0          1.1024         0.37462               
         E        121        PRO         0.13161         0.12757        0.035488        0.045487         0.37462               0               
         E        122        VAL         0.51674         0.33275         0.87884         0.15959          1.0423         0.19134               
         E        123        VAL         0.14949         0.17682               0               0         0.52086               0               
         E        124        LEU         0.92398         0.53671          1.4051         0.32281          1.8592         0.32371               
         E        125        GLY         0.61609         0.13011               0               0         0.83283         0.48917               
         E        126        PRO         0.64264         0.36034         0.34555        0.083085          1.3058         0.23242               
         E        127        ALA          2.2641         0.39735          2.9711               0          2.9711          1.8592               
         E        128        ALA          1.2082         0.49274          1.9783               0          1.9783         0.66233               
         E        129        ARG         0.31234         0.15387         0.25304         0.12489         0.62455        0.083036               
         E        130        THR         0.20902         0.13489          0.3104         0.11616         0.42961        0.021148               
         E        131        THR         0.30312         0.19208         0.51465        0.081189         0.58845        0.099698               
         E        132        PRO         0.17282         0.13708         0.13811        0.061983         0.45878        0.021148               
         E        133        GLU          1.9773          1.8338          3.1321          1.7257          5.4982         0.23242               
         E        134        HIS         0.65706         0.43339         0.94114         0.32917          1.3827         0.11688               
         E        135        THR         0.42592         0.15677         0.53246         0.13387         0.70191         0.25404               
         E        136        VAL         0.13795        0.029273         0.12982          0.0364         0.17181        0.083036               
         E        137        SER         0.29395         0.17325         0.48662         0.13793         0.62455        0.099698               
         E        138        PHE         0.04424        0.036996        0.050142        0.033281        0.099698               0               
         E        139        THR         0.20643         0.22748         0.43689         0.16067         0.66233       0.0067655               
         E        140        CYS       0.0059912        0.013397               0               0        0.035947               0               
         E        141        GLU         0.20563         0.17746         0.34382         0.11467         0.48917       0.0067655               
         E        142        SER               0               0               0               0               0               0               
         E        143        HIS         0.58427         0.48328         0.89644         0.37372          1.4648        0.021148               
         E        144        GLY         0.16477        0.053283               0               0         0.23242        0.083036               
         E        145        PHE               0               0               0               0               0               0               
         E        146        SER        0.098989        0.071116         0.15321          0.0186         0.17181               0               
         E        147        PRO         0.32634         0.19664         0.48015         0.20422         0.62455        0.099698               
         E        148        ARG         0.41472         0.29788          0.5376          0.3091          1.1024         0.13461               
         E        149        ASP           1.173         0.80022          1.9012         0.43086          2.4038         0.23242               
         E        150        ILE         0.26631         0.23927        0.071782        0.055419         0.74342               0               
         E        151        THR         0.65272         0.31995         0.96069         0.24676          1.3058         0.29964               
         E        152        LEU         0.11376         0.11218        0.024924         0.04317         0.29964               0               
         E        153        LYS         0.54663         0.71435          0.9631         0.72618          2.2491               0               
         E        154        TRP       0.0015106       0.0054464               0               0        0.021148               0               
         E        155        PHE         0.13087           0.185         0.20566         0.19596         0.52086               0               
         E        156        LYS         0.17571         0.12501         0.22681        0.092537         0.37462               0               
         E        157        ASN         0.50754         0.17685         0.64558        0.061625         0.70191         0.21153               
         E        158        GLY          1.0297        0.061567               0               0          1.1024          0.9319               
         E        159        ASN          1.0548         0.73065          1.6183         0.63813           2.574         0.27643               
         E        160        GLU         0.60458         0.30934         0.75016         0.34059          1.3827         0.32371               
         E        161        LEU         0.26534         0.14261         0.17253         0.13857         0.45878        0.035947               
         E        162        SER           1.109         0.43723          1.5465         0.31273          1.8592         0.55392               
         E        163        ASP         0.78259         0.40886          1.1211         0.25439          1.3827         0.17181               
         E        164        PHE         0.27991         0.17903         0.25316           0.148         0.66233        0.021148               
         E        165        GLN          1.6531          1.6384          2.7282          1.4924          4.4985         0.23242               
         E        166        THR         0.45336         0.19989         0.32492        0.040094         0.88106         0.27643               
         E        167        ASN         0.86989         0.59743          1.3627         0.45534          1.9783         0.17181               
         E        168        VAL         0.18227         0.13359         0.10194        0.072082         0.40158               0               
         E        169        ASP         0.43611         0.30051         0.70215         0.18784         0.98557         0.13461               
         E        170        PRO         0.32902         0.13158         0.36965         0.17074         0.58845         0.17181               
         E        171        THR          1.2376          0.6088          1.8072         0.54327           2.574         0.74342               
         E        172        GLY         0.83805         0.22427               0               0          1.1024         0.52086               
         E        173        GLN          1.7323         0.62247           2.264         0.21106          2.4038         0.83283               
         E        174        SER         0.54546        0.064011         0.47523        0.045626         0.62455         0.42961               
         E        175        VAL          1.6384         0.92601          2.6497          0.2377          2.9711         0.48917               
         E        176        ALA         0.38808         0.13553         0.52086               0         0.55392         0.19134               
         E        177        TYR         0.01989        0.049365        0.021476         0.05682         0.17181               0               
         E        178        SER         0.05107        0.073017         0.15321          0.0186         0.17181               0               
         E        179        ILE        0.025185        0.046793        0.033652        0.058287         0.13461               0               
         E        180        ARG         0.66508         0.56712          1.0059         0.42853          1.4648               0               
         E        181        SER        0.013839        0.030946               0               0        0.083036               0               
         E        182        THR         0.22163         0.21649          0.4378         0.16375         0.66233        0.035947               
         E        183        ALA               0               0               0               0               0               0               
         E        184        ARG         0.67186         0.65302          1.0014          0.6075          2.2491       0.0067655               
         E        185        VAL        0.092379        0.050051         0.06796        0.033793         0.17181        0.021148               
         E        186        VAL         0.45298         0.22443         0.68651         0.14056         0.88106         0.21153               
         E        187        LEU        0.039925         0.04557               0               0         0.11688               0               
         E        188        ASP         0.51445         0.29446         0.78701          0.1404         0.98557         0.15291               
         E        189        PRO         0.55634         0.27867         0.83604         0.19121          1.1024         0.27643               
         E        190        TRP         0.96033         0.46625          1.2271         0.22903          1.4648         0.19134               
         E        191        ASP         0.12931        0.064085         0.16561         0.06106         0.23242        0.035947               
         E        192        VAL        0.079204        0.085893        0.072766        0.098161         0.21153               0               
         E        193        ARG         0.71014         0.27668         0.82636         0.27264          1.4648         0.37462               
         E        194        SER         0.20985        0.098837         0.30007        0.023638         0.32371        0.051182               
         E        195        GLN         0.34209         0.33641         0.58166          0.2686         0.88106               0               
         E        196        VAL        0.010333        0.018203       0.0070493       0.0099692        0.051182               0               
         E        197        ILE        0.060839         0.11515         0.12168         0.13826         0.34869               0               
         E        198        CYS       0.0035246       0.0078813               0               0        0.021148               0               
         E        199        GLU         0.16891         0.20641         0.29066         0.20657         0.55392               0               
         E        200        VAL        0.014883        0.028764               0               0        0.083036               0               
         E        201        ALA         0.21938        0.098921         0.27643               0         0.37462        0.099698               
         E        202        HIS        0.091697          0.1328       0.0011276       0.0025214         0.37462               0               
         E        203        VAL         0.83624         0.35921          1.1255         0.38208          1.6474         0.52086               
         E        204        THR         0.14759         0.13545        0.011982        0.016946         0.37462               0               
         E        205        LEU          0.2122         0.20977        0.044644        0.073471         0.62455               0               
         E        206        GLN          1.2406         0.43111          1.5447         0.26255          1.8592         0.48917               
         E        207        GLY          1.3539         0.31547               0               0          1.6474         0.83283               
         E        208        ASP          1.1805         0.55398          1.6298         0.35185          1.9783         0.40158               
         E        209        PRO         0.37961         0.15182         0.50073         0.12845         0.62455         0.17181               
         E        210        LEU         0.27732         0.24017         0.41792         0.27103         0.88106        0.066871               
         E        211        ARG         0.70045          0.4954         0.94434         0.45402          1.6474         0.11688               
         E        212        GLY        0.081561        0.052985               0               0         0.15291       0.0067655               
         E        213        THR         0.47102         0.21419          0.6529         0.16635         0.88106         0.25404               
         E        214        ALA         0.20373        0.020578         0.19134               0         0.23242         0.17181               
         E        215        ASN         0.47349         0.34954         0.73667         0.31795          1.2338         0.13461               
         E        216        LEU        0.013023        0.027353               0               0        0.083036               0               
         E        217        SER         0.17791         0.14237          0.3456         0.11318         0.45878       0.0067655               
         E        218        GLU         0.78354         0.45799          1.1462         0.27255          1.6474         0.25404               
         E        219        ALA        0.067139        0.043743        0.066871               0         0.13461               0               
         E        220        ILE        0.010379        0.027461               0               0        0.083036               0               
         E        221        ARG         0.12395         0.17332         0.18054         0.19322         0.58845               0               
         E        222        VAL        0.050851        0.043826         0.06193        0.055477         0.13461               0               
         E        223        PRO         0.46894         0.17066         0.59801         0.17711         0.74342         0.27643               
         E        224        PRO         0.18965         0.15792         0.06378        0.090198         0.45878               0               
         E        225        THR         0.63934         0.41099         0.98621         0.40205          1.5529         0.25404               
         E        226        LEU         0.22047         0.22845        0.059698         0.05293         0.74342               0               
         E        227        GLU         0.66926         0.57327          1.0596         0.49409          1.7492        0.099698               
         E        228        VAL          0.2197         0.21904        0.056021        0.047839         0.70191               0               
         E        229        THR         0.43113         0.18716         0.58509         0.18182         0.83283         0.23242               
         E        230        GLN         0.60273         0.28514         0.69099         0.30731          1.0423         0.25404               
         E        231        GLN         0.90305         0.62142          1.3181         0.55155          2.1078         0.29964               
         E        232        PRO          0.8719         0.38093          1.2738         0.19906          1.5529         0.40158               
         E        233        MET          0.4896         0.29003         0.53194         0.37292          1.1661         0.23242               
         E        234        ARG          3.3521          2.8061          4.5758          2.8636          9.2115         0.78701               
         E        235        VAL          1.7346         0.60518          2.3127          0.4765          2.9711          1.1024               
         E        236        GLY         0.91309         0.11375               0               0          1.0423         0.74342               
         E        237        ASN          1.5857         0.88157          2.2705         0.71005          3.4675         0.55392               
         E        238        GLN         0.48174         0.34446         0.66589         0.35804          1.1024         0.15291               
         E        239        VAL         0.12348         0.10389         0.22943        0.069586         0.29964        0.021148               
         E        240        ASN         0.11424           0.129         0.18064         0.13267         0.40158               0               
         E        241        VAL        0.012574        0.023337         0.02229        0.031523        0.066871               0               
         E        242        THR         0.05323        0.057287         0.11222        0.035279         0.15291               0               
         E        243        CYS       0.0085303        0.019074               0               0        0.051182               0               
         E        244        GLN         0.19896         0.23368         0.33683         0.23257         0.74342               0               
         E        245        VAL               0               0               0               0               0               0               
         E        246        ARG         0.54532         0.56284         0.84739          0.4964          1.7492               0               
         E        247        LYS          0.4754         0.57347          0.8515         0.52311          1.4648               0               
         E        248        PHE               0               0               0               0               0               0               
         E        249        TYR        0.094835         0.14531         0.14225         0.15788         0.45878               0               
         E        250        PRO        0.086345        0.097485         0.14475         0.12254         0.29964               0               
         E        251        GLN         0.73462         0.49995         0.96027         0.50475          1.8592         0.21153               
         E        252        SER         0.40799         0.23922         0.69338         0.13945         0.83283         0.13461               
         E        253        LEU         0.26078         0.21004        0.063968        0.033026         0.62455       0.0067655               
         E        254        GLN         0.85915         0.53781           1.235         0.44029          1.9783         0.25404               
         E        255        LEU         0.21012         0.15954        0.080866        0.064489         0.52086               0               
         E        256        THR         0.32836         0.14292          0.4811        0.056231         0.52086         0.15291               
         E        257        TRP        0.086126        0.074152        0.072587        0.075442         0.25404               0               
         E        258        SER        0.069002         0.08349         0.17465         0.05777         0.23242               0               
         E        259        GLU         0.51918         0.52962         0.79986         0.54958          1.7492       0.0067655               
         E        260        ASN         0.73724         0.29869         0.82043          0.1403          1.2338         0.19134               
         E        261        GLY          0.8846         0.22442               0               0          1.1661         0.55392               
         E        262        ASN          1.0417          0.5044          1.4511         0.38326          1.8592         0.40158               
         E        263        VAL         0.77488         0.15747          0.9074         0.13912          1.1024         0.58845               
         E        264        CYS         0.60436         0.34633         0.29308        0.081545          1.1661         0.21153               
         E        265        GLN          2.1573         0.95475          2.8566         0.69743          3.7654         0.88106               
         E        266        ARG         0.90877         0.21264         0.88424         0.24913          1.3827         0.55392               
         E        267        GLU          2.2608          1.3747          3.2567          1.0475          4.9567         0.62455               
         E        268        THR         0.51352          0.2462         0.29903        0.095411         0.98557         0.17181               
         E        269        ALA          0.4447         0.12057         0.66233               0         0.66233         0.34869               
         E        270        SER         0.45446         0.19894         0.39317         0.16075         0.83283         0.23242               
         E        271        THR          0.5622         0.29987         0.85728         0.22085          1.1661         0.23242               
         E        272        LEU         0.50237         0.26844         0.43227         0.23565          1.0423         0.13461               
         E        273        THR         0.48582          0.2871         0.70681         0.28712          1.1024         0.11688               
         E        274        GLU         0.48933         0.27242          0.6286         0.26882          1.1024         0.17181               
         E        275        ASN         0.19103         0.12578         0.14708         0.10774         0.37462               0               
         E        276        LYS          1.6937          1.4979          2.6608          1.3892          4.9567         0.40158               
         E        277        ASP         0.12229        0.082391         0.10492        0.033063         0.32371        0.051182               
         E        278        GLY        0.060268        0.058258               0               0         0.13461               0               
         E        279        THR       0.0030211       0.0074002       0.0070493       0.0099692        0.021148               0               
         E        280        TYR         0.16087         0.28597          0.2413         0.32134         0.98557               0               
         E        281        ASN        0.058691         0.11424         0.11738         0.13861         0.34869               0               
         E        282        TRP         0.27548         0.29823         0.38208         0.29095         0.98557               0               
         E        283        THR         0.11324         0.11955         0.22526        0.089289         0.29964               0               
         E        284        SER               0               0               0               0               0               0               
         E        285        TRP         0.51255         0.49396         0.71089          0.4512          1.5529               0               
         E        286        PHE        0.095213        0.087857         0.12106        0.093718         0.25404               0               
         E        287        LEU          0.4644         0.27179         0.65909         0.24122         0.98557         0.17181               
         E        288        VAL         0.28271        0.062316         0.25589         0.04871         0.37462         0.21153               
         E        289        ASN           1.511         0.95706          2.2097         0.90964          3.7654         0.70191               
         E        290        ILE         0.74431          0.1433          0.6953        0.076206         0.98557         0.55392               
         E        291        SER          1.3791          0.2186           1.515         0.13237          1.6474          0.9319               
         E        292        ASP          2.2821         0.76353          2.9369         0.54569          3.7654          1.4648               
         E        293        GLN          2.6401          1.0066           3.439         0.59111          4.1057          1.3827               
         E        296        ASP          2.3264          1.6751          3.5592          1.5997           6.148          0.9319               
         E        297        VAL         0.46076         0.17231         0.51103         0.13546         0.74342         0.27643               
         E        298        VAL         0.32691         0.22529          0.5394         0.17546         0.78701        0.083036               
         E        299        LEU        0.062367        0.050261        0.085323        0.048994         0.13461               0               
         E        300        THR         0.10335        0.097943         0.20702         0.05196         0.25404               0               
         E        301        CYS       0.0059912        0.013397               0               0        0.035947               0               
         E        302        GLN         0.26517         0.28499         0.45675         0.25099         0.83283               0               
         E        303        VAL        0.033636        0.030212        0.031014       0.0069764        0.099698               0               
         E        304        LYS         0.55552         0.79429         0.95896         0.87622           2.574               0               
         E        305        HIS        0.043234        0.074755               0               0         0.23242               0               
         E        306        ASP         0.29138         0.12884         0.24707        0.070637         0.52086         0.17181               
         E        307        GLY          0.9033         0.26244               0               0          1.3058         0.58845               
         E        308        GLN         0.75604         0.26946         0.89671          0.2924          1.2338         0.52086               
         E        309        LEU          1.8646          1.2102          2.9361         0.77604          3.7654         0.55392               
         E        310        ALA         0.65331         0.23511         0.55392               0          1.1024         0.45878               
         E        311        VAL         0.69559         0.37932         0.92849         0.45354          1.5529         0.34869               
         E        312        SER         0.47665         0.16835         0.48154         0.10692         0.78701         0.27643               
         E        313        LYS         0.78069         0.78461          1.2034          0.8379           2.574         0.21153               
         E        314        ARG          2.9524          3.5015          4.3703          3.7049          10.913         0.32371               
         E        315        LEU         0.33584         0.15249         0.34752         0.21362         0.70191         0.15291               
         E        316        ALA         0.80801         0.33633         0.98557               0          1.3827         0.45878               
         E        317        LEU         0.72819         0.42352         0.40608        0.081163          1.3827         0.34869               
