pdb_id: 
analysis type: unbound
radii_file: F:\psiafrombintisolah\PSAIA-1.0\amac_data\chothia.radii
CX_sRadius: 7
CX_vAtom: 20.1

  chain id|    res id|  res name|     average CX|       s_avg CX|    s-ch avg CX|  s-ch s_avg CX|         max CX|         min CX|               
         A         21        HIS           3.368          1.5738          4.3696          1.1877           6.148          1.1024               
         A         22        THR         0.52988         0.14853         0.41538        0.081075         0.83283         0.32371               
         A         23        ARG         0.32221         0.34516         0.46055         0.36031          1.0423               0               
         A         24        PRO               0               0               0               0               0               0               
         A         25        VAL       0.0009665       0.0023674               0               0       0.0067655               0               
         A         26        ILE       0.0044934        0.011888               0               0        0.035947               0               
         A         27        LEU        0.057815        0.029169        0.063424        0.023625        0.099698       0.0067655               
         A         28        VAL        0.013541        0.022932       0.0093045       0.0088183        0.066871               0               
         A         29        PRO               0               0               0               0               0               0               
         A         30        GLY        0.005287       0.0091573               0               0        0.021148               0               
         A         31        CYS         0.39885         0.15789         0.55466        0.033797         0.58845        0.099698               
         A         32        LEU         0.35834         0.22209         0.54874          0.1397         0.78701        0.066871               
         A         33        GLY        0.021782        0.022438               0               0        0.051182               0               
         A         34        ASN               0               0               0               0               0               0               
         A         35        GLN        0.020975        0.036947        0.037755        0.042704         0.11688               0               
         A         36        LEU               0               0               0               0               0               0               
         A         37        GLU        0.095134         0.15985         0.17124         0.18156         0.48917               0               
         A         38        ALA               0               0               0               0               0               0               
         A         39        LYS         0.22707         0.32981         0.39849         0.35956          1.0423               0               
         A         40        LEU        0.044676        0.065606        0.020759        0.035955         0.19134               0               
         A         41        ASP         0.60564         0.41578         0.95188         0.27834          1.2338        0.051182               
         A         42        LYS        0.069978        0.086507       0.0071894        0.014379         0.23242               0               
         A         43        PRO         0.96732         0.35964          1.1077         0.35443          1.4648         0.48917               
         A         44        ASP          1.0255         0.63347          1.5703         0.41892          2.2491         0.27643               
         A         45        VAL         0.30485         0.24414        0.093713        0.075729         0.78701       0.0067655               
         A         46        VAL         0.84954         0.40695         0.73528         0.28707          1.6474         0.37462               
         A         47        ASN         0.28213         0.14507           0.192         0.14234         0.45878        0.066871               
         A         48        TRP          1.3053         0.55028          1.5866         0.37962          2.2491         0.45878               
         A         49        MET         0.53534         0.12839         0.60741         0.12701         0.78701         0.34869               
         A         50        CYS         0.23265         0.11228        0.084031        0.032849         0.34869        0.051182               
         A         51        TYR          1.7219          1.4849          2.3905          1.3983          5.4982         0.17181               
         A         52        ARG         0.67902         0.53608         0.94998         0.49727          1.7492         0.11688               
         A         53        LYS          0.8691         0.67746          1.2349         0.71585           2.574         0.29964               
         A         54        THR          0.2446         0.10592         0.16242        0.061346         0.37462        0.083036               
         A         55        GLU          1.3555          0.4931          1.7054         0.32456          2.2491         0.55392               
         A         56        ASP           1.149         0.93487          1.8597          0.8331          3.2047         0.17181               
         A         57        PHE         0.24079         0.13133         0.23914         0.13707         0.42961        0.021148               
         A         58        PHE         0.35243         0.13284         0.39105         0.13212         0.62455         0.17181               
         A         59        THR         0.21108         0.11752         0.16469         0.08177         0.40158        0.066871               
         A         60        ILE        0.052682        0.070031         0.06187        0.087645         0.21153               0               
         A         61        TRP         0.08662         0.13554         0.12059         0.14723         0.42961               0               
         A         62        LEU         0.10219        0.095258         0.18101        0.073416         0.29964               0               
         A         63        ASP         0.44802          0.3235         0.70372         0.25572         0.98557        0.066871               
         A         64        LEU         0.52095        0.080427          0.5676        0.088667         0.66233         0.42961               
         A         65        ASN         0.96463          0.5691          1.4734         0.35111          1.9783         0.37462               
         A         66        MET         0.15612         0.05878         0.13034        0.071442         0.21153        0.021148               
         A         67        PHE         0.71876         0.18292         0.84312        0.080071          0.9319         0.40158               
         A         68        LEU         0.92379         0.39102          1.2384          0.2976          1.6474         0.45878               
         A         69        PRO          1.2655         0.50811          1.8033         0.22977          2.1078         0.66233               
         A         70        LEU         0.49261           0.268         0.65378         0.25573          1.0423         0.13461               
         A         71        GLY         0.14405        0.020472               0               0         0.17181         0.11688               
         A         72        VAL         0.21537         0.14822         0.30698         0.17912         0.55392        0.066871               
         A         73        ASP         0.46962         0.36464         0.74163         0.33207          1.1024        0.099698               
         A         74        CYS        0.090066        0.041514         0.11934        0.052469         0.17181        0.035947               
         A         75        TRP         0.08386        0.047297        0.096841        0.049462         0.17181        0.035947               
         A         76        ILE        0.044619        0.032868        0.041642        0.043229        0.099698               0               
         A         77        ASP         0.17098         0.16376         0.25844         0.19441         0.58845        0.051182               
         A         78        ASN        0.083967        0.073524         0.15366        0.029431         0.19134               0               
         A         79        THR       0.0048325       0.0030563       0.0045103       0.0031893       0.0067655               0               
         A         80        ARG         0.24761         0.32797          0.3891          0.3376          0.9319               0               
         A         81        VAL         0.03362        0.043522        0.011982        0.016946        0.099698               0               
         A         82        VAL         0.45535          0.2782         0.63553         0.33086          1.1024         0.15291               
         A         83        TYR         0.15006         0.16078        0.060436        0.051681         0.55392               0               
         A         84        ASN         0.50333         0.31347         0.70957          0.3276          1.2338         0.19134               
         A         85        ARG         0.69272          0.4302         0.86029         0.45232          1.6474         0.23242               
         A         86        SER          1.5003         0.33426          1.8129         0.16546          1.9783         0.88106               
         A         87        SER         0.80788         0.15374         0.96168        0.080617          1.0423         0.55392               
         A         88        GLY         0.33042        0.027346               0               0         0.37462         0.29964               
         A         89        LEU         0.62737          0.5303          1.0795         0.38657          1.5529        0.099698               
         A         90        VAL         0.30624         0.12194         0.22593        0.026006         0.58845         0.19134               
         A         91        SER         0.54237         0.20902         0.81224        0.068819         0.88106         0.29964               
         A         92        ASN          0.2742         0.16816         0.30643          0.1896         0.62455        0.066871               
         A         93        ALA         0.14392         0.17136               0               0         0.42961               0               
         A         94        PRO         0.65084         0.22886         0.87313         0.12303         0.98557         0.32371               
         A         95        GLY         0.36537         0.15237               0               0         0.58845         0.17181               
         A         96        VAL         0.10408         0.15661               0               0         0.45878               0               
         A         97        GLN         0.59458         0.45969         0.93744         0.32866          1.3058        0.035947               
         A         98        ILE         0.20383         0.12784         0.14073        0.083259         0.48917        0.035947               
         A         99        ARG         0.67997         0.69245         0.97731         0.71343          2.4038        0.099698               
         A        100        VAL         0.22936         0.12233         0.14043        0.080694         0.45878        0.035947               
         A        101        PRO         0.18745         0.12708         0.16815          0.1358         0.34869               0               
         A        102        GLY          0.2024         0.18328               0               0         0.48917        0.021148               
         A        103        PHE         0.30496         0.22694         0.24452         0.19053         0.83283        0.051182               
         A        104        GLY         0.15547        0.054475               0               0         0.23242        0.083036               
         A        105        LYS         0.40962         0.42857         0.71018           0.355          1.2338               0               
         A        106        THR        0.046357        0.054592        0.062952         0.06528         0.15291               0               
         A        107        TYR         0.49504         0.26757         0.66816         0.13104         0.83283         0.13461               
         A        108        SER       0.0085303        0.019074               0               0        0.051182               0               
         A        109        VAL               0               0               0               0               0               0               
         A        110        GLU        0.017733        0.036771        0.031919        0.044508         0.11688               0               
         A        111        TYR         0.20874         0.27008         0.31311         0.27701         0.88106               0               
         A        112        LEU        0.021008        0.039922         0.02922        0.050611         0.11688               0               
         A        113        ASP        0.082713        0.087367        0.082396         0.07855         0.23242               0               
         A        114        SER          1.0195         0.30307          1.2698        0.036028          1.3058         0.45878               
         A        115        SER          0.8631         0.10874         0.86449         0.12107         0.98557         0.70191               
         A        116        LYS         0.79818          0.5856          1.1407           0.586          1.9783         0.25404               
         A        117        LEU          1.0664         0.55582          1.4809         0.41696          1.9783         0.29964               
         A        118        ALA         0.33815         0.11212         0.48917               0         0.48917         0.17181               
         A        119        GLY         0.24976         0.12437               0               0         0.42961         0.11688               
         A        120        TYR         0.12394        0.074759         0.13776        0.085846         0.27643               0               
         A        121        LEU        0.020096        0.025492        0.040191         0.02218        0.066871               0               
         A        122        HIS         0.23647         0.25701         0.37463         0.24629         0.74342               0               
         A        123        THR         0.20033         0.13673         0.33186         0.10186         0.42961        0.051182               
         A        124        LEU         0.11555        0.095895         0.15803         0.11153         0.34869       0.0067655               
         A        125        VAL               0               0               0               0               0               0               
         A        126        GLN         0.30572         0.30124         0.49933         0.27381         0.88106               0               
         A        127        ASN          0.0966         0.10268         0.14601         0.11988         0.34869               0               
         A        128        LEU        0.017516        0.027793        0.014274        0.015203        0.083036               0               
         A        129        VAL         0.13455         0.15281         0.08607        0.079285         0.42961               0               
         A        130        ASN         0.68592         0.27786         0.78253         0.10712          1.1661         0.21153               
         A        131        ASN         0.56649         0.18593          0.6177         0.18996          0.9319         0.29964               
         A        132        GLY         0.55576         0.05351               0               0         0.62455         0.48917               
         A        133        TYR        0.083007        0.082039        0.037818        0.055152         0.23242               0               
         A        134        VAL         0.38708         0.27495         0.67835         0.15949         0.83283         0.11688               
         A        135        ARG         0.35083         0.16501         0.45073         0.11108         0.58845         0.11688               
         A        136        ASP          0.2582         0.18283         0.41035         0.11386         0.58845        0.035947               
         A        137        GLU         0.62794         0.60693          1.0392         0.53035          1.8592        0.066871               
         A        138        THR        0.042208        0.066284         0.09623        0.071645         0.17181               0               
         A        139        VAL               0               0               0               0               0               0               
         A        140        ARG         0.11135         0.15593         0.16542         0.17231         0.42961               0               
         A        141        ALA       0.0042296       0.0084591               0               0        0.021148               0               
         A        142        ALA       0.0042296       0.0084591               0               0        0.021148               0               
         A        143        PRO        0.031581        0.044756       0.0070493       0.0099692         0.11688               0               
         A        144        TYR        0.023563        0.042787       0.0053391        0.011779         0.15291               0               
         A        145        ASP         0.11431        0.086949         0.16067        0.098357         0.32371        0.021148               
         A        146        TRP       0.0084082        0.021454       0.0083036        0.024911        0.083036               0               
         A        147        ARG        0.065813        0.051357        0.043844        0.051142         0.15291               0               
         A        148        LEU         0.12071         0.10944         0.20691        0.082188         0.32371               0               
         A        149        GLU         0.10216        0.077198         0.12233        0.089413         0.25404               0               
         A        150        PRO         0.05099        0.058473        0.014238        0.015597         0.17181               0               
         A        151        GLY         0.52981         0.16551               0               0         0.78701         0.34869               
         A        152        GLN         0.51296         0.16654         0.59714         0.16367         0.88106         0.32371               
         A        153        GLN        0.039658        0.054568               0               0         0.15291               0               
         A        154        GLU         0.41972         0.20875         0.58421         0.12286         0.74342         0.13461               
         A        155        GLU          1.0497          1.0015          1.7195          0.8918          2.7621         0.17181               
         A        156        TYR       0.0035594       0.0099412               0               0        0.035947               0               
         A        157        TYR       0.0017623        0.005845               0               0        0.021148               0               
         A        158        ARG         0.80641         0.53613          1.1315         0.39251          1.6474        0.066871               
         A        159        LYS         0.44813         0.34509         0.68246         0.29772         0.98557        0.099698               
         A        160        LEU         0.01925        0.026026       0.0089868        0.015566        0.066871               0               
         A        161        ALA        0.067662        0.050249        0.083036               0         0.15291               0               
         A        162        GLY         0.24615        0.060426               0               0         0.29964         0.15291               
         A        163        LEU        0.041871        0.047483        0.010678        0.014848         0.13461               0               
         A        164        VAL               0               0               0               0               0               0               
         A        165        GLU         0.33375         0.25673         0.50853         0.21404         0.74342               0               
         A        166        GLU         0.64956          0.4575         0.96501         0.38937          1.3058         0.23242               
         A        167        MET       0.0083589        0.022115               0               0        0.066871               0               
         A        168        HIS          0.1605          0.1575         0.18269         0.17077         0.45878               0               
         A        169        ALA         0.66028         0.27998          0.9319               0         0.98557         0.23242               
         A        170        ALA         0.78644         0.24973         0.58845               0          1.1661         0.45878               
         A        171        TYR         0.46622         0.19721         0.41672         0.22084         0.78701         0.13461               
         A        172        GLY         0.73085         0.23284               0               0          1.1024         0.48917               
         A        173        LYS         0.52052          0.3484         0.73832         0.30192          1.1661        0.035947               
         A        174        PRO          0.1691         0.15858         0.31905          0.1196         0.42961               0               
         A        175        VAL               0               0               0               0               0               0               
         A        176        PHE       0.0025376       0.0061951       0.0009665       0.0023674        0.021148               0               
         A        177        LEU        0.017563        0.028551        0.018409        0.028115        0.066871               0               
         A        178        ILE        0.062159        0.083411         0.11903        0.085803         0.23242               0               
         A        179        GLY               0               0               0               0               0               0               
         A        180        HIS        0.073566         0.08639         0.12261        0.080159         0.23242               0               
         A        181        SER        0.078614        0.093515         0.19432        0.059716         0.25404               0               
         A        182        LEU        0.064196         0.04985        0.097622        0.048797         0.17181               0               
         A        183        GLY               0               0               0               0               0               0               
         A        184        CYS       0.0059912        0.013397               0               0        0.035947               0               
         A        185        LEU        0.005287       0.0091573        0.010574        0.010574        0.021148               0               
         A        186        HIS               0               0               0               0               0               0               
         A        187        LEU       0.0071369        0.012903               0               0        0.035947               0               
         A        188        LEU       0.0071369        0.012903               0               0        0.035947               0               
         A        189        TYR         0.16043         0.21206           0.238         0.22217         0.66233               0               
         A        190        PHE        0.013111        0.018489        0.017582         0.02084        0.051182               0               
         A        191        LEU       0.0053391        0.011779               0               0        0.035947               0               
         A        192        LEU         0.28173          0.2362         0.15963        0.049154         0.78701        0.083036               
         A        193        ARG         0.85575         0.59646          1.0448         0.66553          2.4038         0.29964               
         A        194        GLN         0.20223        0.099923         0.16692         0.10956         0.32371        0.035947               
         A        195        PRO          0.5639         0.28148          0.8493         0.17201          1.0423         0.19134               
         A        196        GLN         0.54968         0.15311          0.6119         0.16496         0.83283         0.32371               
         A        197        ALA          0.5965         0.30764          1.1024               0          1.1024         0.25404               
         A        198        TRP        0.087614         0.11643         0.10408         0.12968         0.34869               0               
         A        199        LYS        0.028414        0.049305        0.030582        0.061164         0.15291               0               
         A        200        ASP          0.5652           0.243         0.70975         0.17821         0.98557         0.11688               
         A        201        ARG          1.1443          1.0072          1.6614         0.92612          3.2047         0.17181               
         A        202        PHE        0.077107         0.11861          0.1202         0.13037         0.34869               0               
         A        203        ILE        0.027717        0.044561       0.0089868        0.015566         0.13461               0               
         A        204        ASP         0.18962         0.11643         0.26964         0.11315         0.42961        0.051182               
         A        205        GLY               0               0               0               0               0               0               
         A        206        PHE      0.00061505       0.0019449               0               0       0.0067655               0               
         A        207        ILE       0.0044934        0.011888               0               0        0.035947               0               
         A        208        SER       0.0085303        0.019074               0               0        0.051182               0               
         A        209        LEU        0.040374        0.039874        0.029746        0.034088         0.11688               0               
         A        210        GLY        0.026616        0.042284               0               0        0.099698               0               
         A        211        ALA               0               0               0               0               0               0               
         A        212        PRO        0.048238        0.037845        0.039661        0.034001        0.099698               0               
         A        213        TRP         0.04096        0.061307       0.0077391        0.011304         0.21153               0               
         A        214        GLY       0.0016914       0.0029295               0               0       0.0067655               0               
         A        215        GLY        0.014487        0.021365               0               0        0.051182               0               
         A        216        SER        0.011145        0.024921        0.033435        0.033435        0.066871               0               
         A        217        ILE        0.019949        0.038431               0               0         0.11688               0               
         A        218        LYS         0.49615         0.50857         0.75121          0.5644          1.7492         0.13461               
         A        219        PRO         0.14492        0.053592          0.1253        0.052974         0.23242        0.051182               
         A        220        MET       0.0034892       0.0070322               0               0        0.021148               0               
         A        221        LEU         0.08771         0.11515         0.15701         0.12699         0.34869               0               
         A        222        VAL        0.053571        0.082784         0.10865         0.10281         0.25404               0               
         A        223        LEU        0.049822        0.051293        0.018409        0.028115         0.15291               0               
         A        224        ALA        0.041222        0.026842        0.035947               0        0.083036               0               
         A        225        SER        0.019675        0.028191               0               0        0.066871               0               
         A        226        GLY         0.16944        0.092343               0               0         0.29964        0.066871               
         A        227        ASP          0.7941         0.28842         0.86703         0.35487          1.4648         0.42961               
         A        228        ASN            1.17          0.4242          1.5289         0.31565          1.8592         0.74342               
         A        229        GLN         0.53551          0.3214         0.70949         0.32402          1.1661         0.13461               
         A        230        GLY         0.10019        0.073015               0               0         0.21153        0.021148               
         A        231        ILE         0.60485         0.27006          0.7591         0.26206          1.1661         0.21153               
         A        232        PRO         0.62765         0.19761         0.83531        0.068303          0.9319         0.34869               
         A        233        ILE         0.30984         0.16635         0.42125         0.16721         0.58845         0.13461               
         A        234        MET         0.10022        0.063452        0.071859        0.055718         0.21153               0               
         A        235        SER         0.69721         0.20557         0.78813        0.044703          0.9319         0.29964               
         A        243        GLN         0.96778         0.43249         0.70434         0.30719          1.7492         0.27643               
         A        244        ARG         0.32387         0.19134         0.19098        0.082428         0.62455        0.083036               
         A        245        ILE          0.4552         0.17962         0.56774         0.14832         0.78701         0.17181               
         A        246        THR         0.11778        0.031275          0.1287       0.0083572         0.15291        0.051182               
         A        247        THR        0.029625        0.032331               0               0        0.066871               0               
         A        248        THR         0.26321        0.059666         0.31628        0.029961         0.34869         0.17181               
         A        249        SER         0.26507        0.099113         0.21153               0         0.42961         0.17181               
         A        250        PRO        0.024531         0.01458        0.014099       0.0099692        0.051182               0               
         A        251        TRP         0.10875        0.044415         0.11884        0.046794         0.19134        0.051182               
         A        252        MET         0.18372        0.075104         0.24027        0.056269         0.32371        0.083036               
         A        253        PHE        0.012624        0.023603       0.0039876       0.0073843        0.083036               0               
         A        254        PRO        0.021415        0.034135               0               0        0.083036               0               
         A        255        SER         0.22665         0.13722         0.40211        0.027492         0.42961        0.035947               
         A        256        ARG         0.89309         0.44147          1.1446         0.35314          1.6474         0.32371               
         A        257        MET         0.66268         0.16255         0.64989         0.16971          0.9319         0.48917               
         A        258        ALA         0.16196          0.1132               0               0         0.34869               0               
         A        259        TRP        0.045162        0.058747        0.015764        0.031812         0.17181               0               
         A        260        PRO         0.49964         0.30741         0.79866         0.21424          1.0423         0.13461               
         A        261        GLU         0.61367         0.44229         0.91199         0.38589          1.4648         0.15291               
         A        262        ASP         0.93125         0.60974          1.4249         0.48578          2.2491         0.21153               
         A        263        HIS        0.097085        0.073112        0.064014        0.063114         0.19134               0               
         A        264        VAL         0.18897         0.12065          0.2575         0.11625         0.40158        0.066871               
         A        265        PHE       0.0012301       0.0026094               0               0       0.0067655               0               
         A        266        ILE               0               0               0               0               0               0               
         A        267        SER         0.10003         0.16764          0.2967         0.16209         0.45878               0               
         A        268        THR        0.098631         0.16082       0.0022552       0.0031893         0.42961               0               
         A        269        PRO         0.92958         0.40933         0.70628         0.27259          1.6474         0.37462               
         A        270        SER          1.1572          0.2145          1.1661               0          1.3827         0.74342               
         A        271        PHE         0.34073         0.17995         0.40332         0.19292         0.74342         0.15291               
         A        272        ASN         0.50474         0.52033         0.85971         0.53647          1.7492        0.083036               
         A        273        TYR       0.0029956       0.0099353       0.0044934        0.011888        0.035947               0               
         A        274        THR         0.03094        0.049135        0.072193        0.051528         0.11688               0               
         A        275        GLY         0.10646         0.11036               0               0         0.25404               0               
         A        276        ARG         0.61644         0.21643         0.75658         0.11178          0.9319         0.19134               
         A        277        ASP         0.15237         0.13262         0.23717         0.13424         0.40158               0               
         A        278        PHE        0.038452        0.050259        0.057403        0.054165         0.11688               0               
         A        279        GLN         0.64191         0.62718          1.0835         0.51663          1.6474        0.021148               
         A        280        ARG         0.57066         0.48709         0.81975         0.44957          1.4648         0.11688               
         A        281        PHE       0.0058055         0.01134       0.0091229        0.013107        0.035947               0               
         A        282        PHE               0               0               0               0               0               0               
         A        283        ALA         0.14357         0.11089         0.29964               0         0.29964               0               
         A        284        ASP         0.37328         0.16647         0.46532         0.18081         0.74342         0.15291               
         A        285        LEU        0.073252        0.058662         0.02922        0.050611         0.13461               0               
         A        286        HIS         0.62205         0.48377         0.93561         0.37637          1.4648        0.066871               
         A        287        PHE        0.030147        0.040461        0.044353        0.044381         0.11688               0               
         A        288        GLU         0.47217         0.53664         0.84433         0.45463          1.3827               0               
         A        289        GLU         0.21641         0.26261         0.38954         0.23811         0.83283               0               
         A        290        GLY       0.0069783       0.0086345               0               0        0.021148               0               
         A        291        TRP          0.1813         0.21768         0.25382         0.21894         0.62455               0               
         A        292        TYR          0.3376         0.39355         0.50375          0.3866          1.2338               0               
         A        293        MET        0.036069        0.055006        0.072138        0.058731         0.15291               0               
         A        294        TRP        0.053085        0.092977        0.067632         0.10501         0.29964               0               
         A        295        LEU          0.2382         0.17195         0.35323         0.15237         0.52086               0               
         A        296        GLN         0.51114          0.1643         0.61163         0.11787         0.74342         0.23242               
         A        297        SER        0.088933        0.080721               0               0         0.23242               0               
         A        298        ARG         0.44723         0.30947         0.59866         0.28378          1.0423        0.035947               
         A        299        ASP         0.79804         0.37266          1.0059         0.37918          1.6474         0.37462               
         A        300        LEU         0.45316         0.23862          0.2552         0.14832         0.83283        0.099698               
         A        301        LEU         0.35816         0.19694         0.16816        0.036334         0.62455         0.11688               
         A        302        ALA         0.75336         0.13463         0.98557               0         0.98557         0.58845               
         A        303        GLY          1.0524         0.23901               0               0          1.4648         0.88106               
         A        304        LEU         0.22546         0.22084        0.039919        0.065293         0.66233               0               
         A        305        PRO         0.49246         0.16074         0.62345           0.134         0.78701         0.29964               
         A        306        ALA         0.16904        0.035333         0.13461               0         0.21153         0.13461               
         A        307        PRO        0.088963        0.089774        0.050293        0.040706         0.23242               0               
         A        308        GLY         0.14177        0.054768               0               0         0.21153        0.066871               
         A        309        VAL        0.027946        0.052444               0               0         0.15291               0               
         A        310        GLU        0.075922        0.091216         0.13108        0.089847         0.25404               0               
         A        311        VAL       0.0073117         0.01791               0               0        0.051182               0               
         A        312        TYR               0               0               0               0               0               0               
         A        313        CYS               0               0               0               0               0               0               
         A        314        LEU               0               0               0               0               0               0               
         A        315        TYR        0.035875        0.070341        0.045453         0.08202         0.25404               0               
         A        316        GLY               0               0               0               0               0               0               
         A        317        VAL        0.072163        0.085574         0.10174          0.1097         0.25404               0               
         A        318        GLY         0.51937         0.28186               0               0         0.98557         0.25404               
         A        319        LEU         0.18323         0.13273         0.19403         0.15398         0.45878       0.0067655               
         A        320        PRO         0.45611         0.40956         0.88396          0.2522          1.1661        0.021148               
         A        321        THR       0.0009665       0.0023674               0               0       0.0067655               0               
         A        322        PRO        0.038541        0.061695         0.08993        0.065269         0.15291               0               
         A        323        ARG         0.46274         0.62759         0.72717         0.65319          2.1078               0               
         A        324        THR        0.020196        0.046767        0.047125        0.061922         0.13461               0               
         A        325        TYR        0.076763         0.10753          0.1125         0.11606         0.32371               0               
         A        326        ILE         0.23592         0.25809         0.43924         0.21947         0.78701               0               
         A        327        TYR       0.0069196         0.02295               0               0        0.083036               0               
         A        328        ASP         0.34687         0.18489         0.48741        0.094854         0.62455               0               
         A        329        HIS          1.5123         0.59424          1.9649         0.27519          2.2491         0.78701               
         A        330        GLY         0.37497        0.096228               0               0         0.48917         0.23242               
         A        331        PHE         0.16734         0.15412        0.097545        0.065013         0.58845               0               
         A        332        PRO         0.24656         0.19087         0.36324         0.20137         0.58845               0               
         A        333        TYR          1.1363         0.61798          1.5029         0.41057          2.1078         0.34869               
         A        334        THR         0.22221         0.14198          0.2257         0.16102         0.42961        0.035947               
         A        335        ASP         0.59866         0.34122         0.81439         0.37072          1.3058         0.27643               
         A        336        PRO         0.25501          0.1529         0.19134        0.088429         0.58845        0.083036               
         A        337        VAL         0.79161         0.38011         0.65335         0.15921          1.5529         0.32371               
         A        338        GLY         0.49714         0.21393               0               0         0.78701         0.21153               
         A        339        VAL         0.33324         0.17816         0.25636        0.054065         0.74342         0.17181               
         A        340        LEU         0.40295         0.35375         0.70577         0.24357          1.0423               0               
         A        341        TYR         0.46013          0.3167         0.58366         0.31105          1.2338         0.11688               
         A        342        GLU         0.13298         0.10272         0.12971         0.11307         0.27643               0               
         A        343        ASP         0.38616         0.24996         0.61069        0.085298         0.74342        0.035947               
         A        344        GLY               0               0               0               0               0               0               
         A        345        ASP      0.00084569       0.0022375       0.0016914       0.0029295       0.0067655               0               
         A        346        ASP         0.13385        0.091009         0.19118        0.078007         0.32371               0               
         A        347        THR         0.18636         0.13841         0.33391        0.051595         0.40158               0               
         A        348        VAL        0.031397         0.05471         0.02229        0.031523         0.15291               0               
         A        349        ALA       0.0013531       0.0027062               0               0       0.0067655               0               
         A        350        THR        0.087626        0.069749         0.08383        0.059717         0.19134               0               
         A        351        ARG         0.33714         0.23554         0.48205         0.17065         0.74342        0.051182               
         A        352        SER               0               0               0               0               0               0               
         A        353        THR               0               0               0               0               0               0               
         A        354        GLU         0.47462         0.50545         0.78244         0.49428          1.5529        0.035947               
         A        355        LEU         0.11379        0.098205         0.14301         0.12592         0.34869       0.0067655               
         A        356        CYS        0.044822        0.035582               0               0        0.099698               0               
         A        357        GLY         0.28019         0.10471               0               0         0.34869        0.099698               
         A        358        LEU         0.38165         0.23413         0.47847         0.29592         0.98557         0.19134               
         A        359        TRP        0.025993        0.033354        0.014466        0.020102         0.11688               0               
         A        360        GLN         0.68799         0.34476         0.92105         0.24644          1.3058         0.11688               
         A        361        GLY          1.0573         0.24209               0               0          1.3827         0.70191               
         A        362        ARG          1.0221         0.63008          1.2704         0.66875          2.7621         0.42961               
         A        363        GLN         0.23741         0.24387        0.026922        0.053843         0.62455               0               
         A        364        PRO           1.177         0.20034          1.2247         0.17197          1.3827         0.78701               
         A        365        GLN         0.32689         0.13586          0.3129        0.069519         0.58845        0.083036               
         A        366        PRO         0.42285          0.2092         0.63715         0.01781         0.66233        0.066871               
         A        367        VAL         0.10747         0.14432               0               0         0.42961               0               
         A        368        HIS         0.20082         0.12477         0.24783         0.14238         0.48917        0.099698               
         A        369        LEU         0.27884         0.16553         0.20512        0.098097         0.66233        0.035947               
         A        370        LEU         0.14037        0.064855         0.13555        0.081623         0.27643        0.083036               
         A        371        PRO         0.26017         0.17055         0.44458        0.086442         0.52086        0.083036               
         A        372        LEU        0.061481        0.078291        0.012795        0.022162         0.23242               0               
         A        373        HIS         0.96617         0.44792          1.3007          0.2047          1.5529         0.27643               
         A        374        GLY         0.50942         0.08363               0               0         0.62455         0.42961               
         A        375        ILE         0.11731          0.1154          0.1473         0.12466         0.34869               0               
         A        376        GLN         0.55345         0.55205          0.9415          0.4566          1.5529       0.0067655               
         A        377        HIS         0.18042         0.14078         0.23734         0.14401         0.48917               0               
         A        378        LEU          1.0501         0.82294          1.7299         0.64653           2.574         0.25404               
         A        379        ASN         0.46136         0.36329         0.75011         0.31029          1.1661         0.13461               
         A        380        MET        0.037598        0.039713               0               0        0.099698               0               
         A        381        VAL        0.064112        0.044013        0.052224        0.032814         0.15291       0.0067655               
         A        382        PHE         0.41262         0.13783         0.49917        0.090161         0.62455         0.19134               
         A        383        SER         0.20765        0.060557         0.15321          0.0186         0.32371         0.13461               
         A        384        ASN          1.0207         0.80889           1.581         0.81705          2.9711         0.29964               
         A        385        LEU         0.35056         0.15899         0.47014         0.13135         0.66233         0.13461               
         A        386        THR       0.0039876       0.0073843               0               0        0.021148               0               
         A        387        LEU        0.057901        0.063734        0.051939        0.070746         0.17181               0               
         A        388        GLU         0.56354         0.43769         0.87596         0.34602          1.3058        0.051182               
         A        389        HIS         0.20733         0.19484          0.3035         0.20009         0.58845        0.035947               
         A        390        ILE         0.07434        0.077403        0.065808        0.073946         0.19134               0               
         A        391        ASN         0.19288        0.090104         0.21442         0.10081         0.37462        0.083036               
         A        392        ALA         0.22233        0.055937         0.29964               0         0.29964         0.15291               
         A        393        ILE       0.0044934        0.011888               0               0        0.035947               0               
         A        394        LEU        0.076349        0.070764        0.042541        0.029865         0.19134               0               
         A        395        LEU         0.91784          0.3875           1.248         0.26561          1.5529         0.40158               
         A        396        GLY         0.46757          0.1624               0               0         0.74342         0.32371               
         A        397        ALA          0.7609         0.43351         0.55392               0          1.5529         0.27643               
         A        398        TYR         0.60728         0.26415         0.56451         0.30053          1.0423         0.23242               
         A        399        ARG          1.2214         0.89019          0.6522         0.28037          2.9711         0.37462               
