pdb_id: 
analysis type: unbound
radii_file: F:\psiafrombintisolah\PSAIA-1.0\amac_data\chothia.radii
CX_sRadius: 7
CX_vAtom: 20.1

  chain id|    res id|  res name|     average CX|       s_avg CX|    s-ch avg CX|  s-ch s_avg CX|         max CX|         min CX|               
         A        219        GLY          5.3385          1.2657               0               0          6.9423          3.7654               
         A        220        SER          1.2731         0.31674          1.1661               0          1.8592          0.9319               
         A        221        HIS          1.0556        0.057219         0.98557               0          1.1024         0.98557               
         A        222        HIS          1.7825         0.67923          2.2034         0.56928          3.2047          1.1024               
         A        223        HIS          1.2717          0.5743          1.6326           0.464          2.4038         0.55392               
         A        224        HIS          1.0608         0.22585           1.081          0.2068          1.4648         0.70191               
         A        225        HIS          1.6442         0.21203          1.7302         0.21148          2.1078          1.3827               
         A        226        HIS          1.9869          0.3439               0               0          2.4038          1.6474               
         A        227        GLY          2.5921         0.25591               0               0          2.9711          2.2491               
         A        228        SER           2.145         0.53552          2.3265         0.07736          2.7621          1.2338               
         A        229        GLY         0.82517          0.1688               0               0          1.0423         0.62455               
         A        230        THR         0.86346         0.46784          1.2978         0.40301          1.8592         0.40158               
         A        231        ASP         0.44479         0.10587          0.5162        0.070363         0.58845         0.25404               
         A        232        ILE        0.098539        0.074415        0.051023        0.062425         0.21153               0               
         A        233        THR         0.14018        0.058415         0.16592        0.023532         0.23242        0.051182               
         A        234        ASN          1.1722         0.61033          1.5732         0.58627           2.574         0.34869               
         A        235        GLN         0.75218         0.23574         0.92324         0.15287          1.1024         0.34869               
         A        236        LEU         0.19575         0.19821               0               0         0.55392               0               
         A        237        THR         0.55971         0.17254         0.83283               0         0.83283         0.29964               
         A        238        ASN          1.2854         0.79588          1.9055         0.69052          2.9711         0.52086               
         A        239        VAL         0.36916         0.22236         0.15658        0.063968         0.74342        0.066871               
         A        240        THR          0.7582         0.39972          1.1568         0.28093          1.5529         0.34869               
         A        241        VAL         0.20737         0.23228               0               0         0.66233               0               
         A        242        GLY         0.25433        0.084858               0               0         0.37462         0.13461               
         A        243        ILE         0.18763         0.15413        0.067466        0.025199         0.48917        0.035947               
         A        244        ASP         0.77938         0.48259          1.1793         0.37321          1.4648         0.27643               
         A        245        SER         0.53241         0.27345         0.21467        0.061763         0.98557         0.15291               
         A        246        GLY         0.78106         0.17314               0               0          1.0423         0.62455               
         A        247        THR          1.1973         0.67923           1.872         0.48356          2.4038         0.48917               
         A        248        THR         0.36722         0.10325         0.40045         0.10852         0.55392         0.23242               
         A        249        VAL        0.037149        0.034361        0.050293        0.040706        0.099698               0               
         A        250        TYR          0.3634          0.3416         0.50379         0.32591          1.1024               0               
         A        251        PRO         0.17923         0.25568        0.029043        0.021458         0.70191               0               
         A        252        HIS         0.26019         0.16048          0.1547        0.075593         0.58845        0.051182               
         A        253        GLN          1.0565         0.35934           1.209         0.38653          1.7492         0.58845               
         A        254        ALA         0.71337         0.14133         0.88106               0         0.88106         0.55392               
         A        255        GLY         0.28555          0.1832               0               0         0.52086        0.066871               
         A        256        TYR          0.3921           0.246         0.47186         0.26098         0.98557         0.15291               
         A        257        VAL        0.056528        0.031198        0.061641        0.007396         0.11688       0.0067655               
         A        258        LYS         0.50319         0.84618         0.89236         0.97333          2.7621               0               
         A        259        LEU       0.0026435        0.006994        0.005287       0.0091573        0.021148               0               
         A        260        ASN         0.23004         0.16998         0.37657         0.11098         0.55392               0               
         A        261        TYR        0.034377         0.04712       0.0071369        0.012903         0.15291               0               
         A        262        GLY         0.14493        0.037779               0               0         0.19134        0.099698               
         A        263        PHE         0.10409        0.056916         0.11015        0.060365         0.23242        0.021148               
         A        264        SER          0.2404         0.19227         0.48662         0.13793         0.62455        0.099698               
         A        265        VAL         0.22487        0.075812         0.19408        0.058231         0.37462         0.15291               
         A        266        PRO          0.3913        0.084879         0.36796        0.053267         0.52086         0.25404               
         A        267        ASN         0.74993          0.2486           1.049         0.11708          1.1661         0.40158               
         A        268        SER          1.1834         0.28937          1.4766          0.1708          1.6474         0.74342               
         A        269        ALA         0.27538         0.10369         0.15291               0         0.45878         0.15291               
         A        270        VAL         0.46282         0.28568         0.76663         0.12654          0.9319        0.099698               
         A        271        LYS         0.37045         0.15076         0.55392               0         0.55392         0.19134               
         A        272        GLY         0.20969         0.10311               0               0         0.37462        0.099698               
         A        273        ASP        0.069709        0.092693         0.13942        0.086402         0.21153               0               
         A        274        THR        0.064316        0.084329         0.15007        0.061025         0.21153               0               
         A        275        PHE        0.034825        0.048263        0.053758        0.051669         0.13461               0               
         A        276        LYS         0.38803         0.60251         0.68508         0.67395          1.9783               0               
         A        277        ILE        0.021271        0.029973        0.021782        0.022438        0.083036               0               
         A        278        THR         0.30107         0.21076         0.52165         0.13006         0.66233        0.099698               
         A        279        VAL         0.13491        0.095874        0.036389        0.021554         0.29964        0.021148               
         A        280        PRO         0.26055        0.090606         0.17331        0.042458         0.40158         0.13461               
         A        281        LYS          1.1422         0.83081          1.7236         0.68281          2.7621         0.25404               
         A        282        GLU         0.22878         0.24488         0.35509         0.25444         0.78701               0               
         A        283        LEU        0.042698        0.047061         0.04161        0.064318         0.15291               0               
         A        284        ASN         0.14158        0.072988          0.1934        0.050443         0.27643       0.0067655               
         A        285        LEU         0.22153        0.077062         0.23513        0.057413         0.34869        0.099698               
         A        286        ASN         0.28174         0.10433         0.37132        0.068803         0.48917         0.15291               
         A        287        GLY         0.27042        0.081991               0               0         0.37462         0.17181               
         A        288        VAL         0.21117         0.10084         0.26682         0.08329         0.37462        0.066871               
         A        289        THR         0.19466        0.064003         0.24916        0.055321         0.32371        0.099698               
         A        290        SER         0.42642         0.18617         0.47398        0.015196         0.74342         0.11688               
         A        291        THR         0.78741         0.17379          0.9319               0         0.98557         0.48917               
         A        292        ALA         0.71702         0.20266         0.48917               0         0.98557         0.48917               
         A        293        LYS          1.3508         0.51884          2.2491               0          2.2491         0.74342               
         A        294        VAL         0.44064         0.20897          0.2048       0.0095187         0.66233         0.19134               
         A        295        PRO         0.22616          0.1339         0.20162        0.065514         0.42961        0.021148               
         A        296        PRO         0.35665         0.25378         0.61697         0.16059         0.78701        0.066871               
         A        297        ILE         0.05724        0.075357        0.010574        0.010574         0.21153               0               
         A        298        MET         0.64953         0.33734         0.91107         0.24746          1.3058         0.19134               
         A        302        GLN          1.7806         0.77904          2.4261         0.77865          3.2047         0.83283               
         A        303        VAL         0.51898         0.27941         0.62746         0.21848          0.9319         0.21153               
         A        304        LEU        0.081851        0.040145        0.053232        0.046466         0.11688       0.0067655               
         A        305        ALA        0.024793         0.02505               0               0        0.066871               0               
         A        306        ASN         0.41291          0.2969         0.68991          0.1189         0.88106               0               
         A        307        GLY          0.1801         0.10236               0               0         0.34869        0.083036               
         A        308        VAL         0.39401          0.2071         0.61476        0.063217         0.70191         0.11688               
         A        309        ILE         0.36515        0.071868         0.35566          0.0284         0.52086         0.27643               
         A        310        ASP         0.42434         0.13712         0.33133        0.044062         0.66233         0.27643               
         A        311        SER          1.5825         0.43966          2.0542         0.19495          2.2491          1.0423               
         A        312        ASP          1.1103         0.38408          1.3975         0.29495          1.8592         0.52086               
         A        313        GLY         0.31174         0.22462               0               0         0.66233        0.083036               
         A        314        ASN         0.12613         0.14666         0.20581         0.16522         0.45878               0               
         A        315        VAL       0.0051353        0.012579        0.011982        0.016946        0.035947               0               
         A        316        ILE        0.091223        0.088804         0.16169        0.067447         0.23242               0               
         A        317        TYR      0.00056379       0.0018699      0.00084569       0.0022375       0.0067655               0               
         A        318        THR         0.18996         0.15588         0.34663        0.092424         0.45878               0               
         A        319        PHE         0.06703        0.075852        0.064707        0.079067         0.19134               0               
         A        320        THR         0.17009        0.081672         0.25404               0         0.25404        0.035947               
         A        321        ASP          1.1467          0.7753          1.7898         0.60385          2.7621         0.40158               
         A        322        TYR          0.4845         0.20438         0.54663         0.20579          0.9319         0.27643               
         A        323        VAL        0.067494        0.084027               0               0         0.23242               0               
         A        324        ASN         0.66405         0.22878         0.67102         0.12465          1.1024         0.32371               
         A        325        THR         0.91769         0.24258          1.3827               0          1.3827         0.74342               
         A        326        LYS         0.22387        0.071828         0.15291               0         0.34869         0.15291               
         A        327        CYS         0.52401         0.21496         0.79149        0.089574         0.88106         0.21153               
         A        328        ASP         0.73594         0.31294          1.3058               0          1.3058         0.37462               
         A        329        VAL         0.24192         0.11067         0.13461               0         0.40158         0.13461               
         A        330        LYS         0.34286         0.11542         0.55392               0         0.55392         0.21153               
         A        331        ALA         0.23427         0.13749        0.083036               0         0.45878        0.083036               
         A        332        THR         0.48581         0.31478         0.83039         0.15167         0.98557         0.21153               
         A        333        LEU        0.055849        0.070855        0.005287       0.0091573         0.19134               0               
         A        334        THR         0.14526        0.098017         0.23635        0.069785         0.32371        0.021148               
         A        335        MET        0.061985        0.045668        0.068134        0.036078         0.11688               0               
         A        336        PRO         0.05288         0.05374        0.095709        0.042486         0.15291               0               
         A        337        ALA       0.0042296       0.0084591               0               0        0.021148               0               
         A        338        TYR        0.076944        0.060265        0.091809         0.05306         0.17181               0               
         A        339        ILE         0.04054        0.029593        0.048398        0.033644        0.099698       0.0067655               
         A        340        ASP         0.10311         0.12342         0.19227         0.12048         0.32371               0               
         A        341        PRO         0.14304         0.15104         0.29903        0.095411         0.40158               0               
         A        342        GLU         0.83066         0.64951          1.2863         0.53421          1.9783         0.11688               
         A        343        ASN         0.34925         0.17768         0.45923         0.19265         0.78701         0.17181               
         A        344        VAL        0.052998        0.042664        0.045215        0.041226        0.099698               0               
         A        345        LYS         0.30391         0.26921         0.47724          0.2431         0.74342       0.0067655               
         A        346        LYS          1.1105          1.2212          1.8545          1.1981          4.1057        0.083036               
         A        347        THR         0.36493         0.19286         0.32056        0.081848         0.78701         0.17181               
         A        348        GLY         0.42887        0.095868               0               0         0.55392         0.32371               
         A        349        ASN          0.8708         0.45667          1.1601         0.48211          1.9783         0.42961               
         A        350        VAL           0.251         0.06318         0.20689        0.051615         0.34869         0.15291               
         A        351        THR          0.5503         0.21411         0.77547        0.076566         0.88106         0.25404               
         A        352        LEU         0.12608        0.054205         0.10276        0.058732         0.21153        0.035947               
         A        353        ALA         0.28178         0.14361         0.55392               0         0.55392         0.13461               
         A        354        THR        0.044149        0.041742        0.017061        0.024127         0.11688               0               
         A        355        GLY         0.05232         0.03464               0               0        0.099698       0.0067655               
         A        356        ILE         0.11144         0.14308         0.02245        0.035088         0.42961               0               
         A        357        GLY         0.62058         0.22511               0               0          0.9319         0.29964               
         A        358        SER          1.6602         0.51123          2.2491               0          2.2491         0.83283               
         A        359        THR         0.50956         0.19606         0.53459          0.1495         0.83283         0.21153               
         A        360        THR         0.55453         0.12944         0.56181         0.11131         0.78701         0.42961               
         A        361        ALA         0.27307        0.038551         0.27643               0         0.32371         0.21153               
         A        362        ASN         0.68472         0.31575         0.86296          0.3475          1.4648         0.40158               
         A        363        LYS          0.4108         0.23885         0.54038         0.25424         0.98557         0.23242               
         A        364        THR         0.56909         0.19813         0.78775        0.036504         0.83283         0.32371               
         A        365        VAL         0.04505        0.052589        0.014238        0.015597         0.13461               0               
         A        366        LEU         0.23216         0.20712         0.40905         0.14499         0.62455               0               
         A        367        VAL        0.014243        0.034887               0               0        0.099698               0               
         A        368        ASP         0.19049         0.23149         0.38098         0.18602         0.62455               0               
         A        369        TYR        0.018315         0.04456               0               0         0.15291               0               
         A        370        GLU         0.60795         0.20845         0.64484         0.21263         0.98557         0.29964               
         A        371        LYS         0.93932         0.28766          1.4648               0          1.4648         0.62455               
         A        372        TYR         0.41897         0.25746         0.42332         0.30538          1.0423        0.021148               
         A        373        GLY         0.17588        0.067626               0               0         0.23242        0.066871               
         A        374        LYS         0.43926         0.16211         0.40214        0.093445         0.83283         0.27643               
         A        375        PHE         0.56191         0.40796         0.75237         0.39647          1.3058        0.099698               
         A        376        TYR         0.90698         0.61154          1.1776         0.58163          2.4038         0.29964               
         A        377        ASN         0.13135        0.064009         0.12591        0.074881         0.25404        0.066871               
         A        378        LEU       0.0063977        0.016927               0               0        0.051182               0               
         A        379        SER               0               0               0               0               0               0               
         A        380        ILE               0               0               0               0               0               0               
         A        381        LYS        0.021154          0.0261        0.038076        0.024121        0.066871               0               
         A        382        GLY        0.016718        0.028956               0               0        0.066871               0               
         A        383        THR         0.12999         0.10278         0.15794        0.076495         0.27643               0               
         A        384        ILE         0.13063         0.17063       0.0069783       0.0086345         0.45878               0               
         A        385        ASP         0.16375         0.17004         0.30146         0.13691         0.52086               0               
         A        386        GLN         0.37678         0.40026         0.65037         0.34557          1.2338               0               
         A        387        ILE         0.05577        0.053368        0.070021        0.059719         0.17181               0               
         A        388        ASP         0.22553         0.16638         0.36131         0.12552         0.48917       0.0067655               
         A        389        LYS         0.96337         0.63138          1.2678         0.67965           2.574         0.25404               
         A        390        THR          1.2031         0.32547           1.536         0.18142          1.7492         0.74342               
         A        391        ASN          0.9204         0.52452          1.3232          0.4276          1.7492         0.27643               
         A        392        ASN         0.27262         0.18083         0.42044         0.13235         0.62455        0.066871               
         A        393        THR         0.11445         0.13566         0.24251         0.11484         0.40158               0               
         A        394        TYR        0.010402        0.022058       0.0092045        0.021908        0.066871               0               
         A        395        ARG         0.39781         0.48988         0.62514         0.48478          1.4648               0               
         A        396        GLN        0.011374        0.021278        0.010236        0.020473        0.051182               0               
         A        397        THR               0               0               0               0               0               0               
         A        398        ILE         0.01623        0.019819        0.023474        0.020937        0.051182               0               
         A        399        TYR        0.029214        0.044717        0.043821        0.048573         0.15291               0               
         A        400        VAL       0.0009665       0.0023674       0.0022552       0.0031893       0.0067655               0               
         A        401        ASN      0.00084569       0.0022375               0               0       0.0067655               0               
         A        402        PRO         0.10321         0.14914               0               0         0.40158               0               
         A        403        SER         0.34256         0.23031          0.1263        0.026606         0.78701        0.099698               
         A        404        GLY         0.55152         0.23043               0               0          0.9319         0.32371               
         A        405        ASP         0.28812         0.16044         0.37618         0.17748         0.66233         0.11688               
         A        406        ASN         0.42635         0.22431         0.62422         0.11973         0.74342        0.099698               
         A        407        VAL        0.012829        0.028757               0               0        0.083036               0               
         A        408        ILE        0.078343        0.071925         0.13283         0.07042         0.23242               0               
         A        409        ALA         0.17127        0.087241         0.25404               0         0.25404       0.0067655               
         A        410        PRO        0.016697          0.0409               0               0         0.11688               0               
         A        411        VAL        0.062056        0.085677         0.13549        0.087126         0.23242               0               
         A        412        LEU        0.012424        0.013224        0.015861       0.0091573        0.035947               0               
         A        413        THR         0.02733        0.029339        0.056721        0.019619        0.083036               0               
         A        414        GLY        0.024924         0.04317               0               0        0.099698               0               
         A        415        ASN         0.17633         0.13534         0.29846         0.07602         0.37462               0               
         A        416        LEU         0.20675         0.10396         0.23567         0.13612         0.45878         0.11688               
         A        417        LYS         0.21383         0.25929         0.31037         0.31373         0.88106               0               
         A        418        PRO         0.71494         0.28428         0.74014         0.29711          1.1024         0.23242               
         A        419        ASN          2.0024         0.80366          2.6955         0.53139          3.4675         0.98557               
         A        420        THR         0.54505        0.093619         0.47947        0.029263         0.70191         0.45878               
         A        421        ASP          1.3151         0.84507          1.9893         0.68995          2.7621         0.42961               
         A        422        SER          0.1898         0.16228        0.013957       0.0071912         0.45878       0.0067655               
         A        423        ASN         0.12807         0.08932         0.18364        0.089522         0.27643        0.021148               
         A        424        ALA        0.048542        0.060894               0               0         0.15291               0               
         A        425        LEU         0.23405         0.22023         0.42556         0.15087         0.58845               0               
         A        426        ILE       0.0098869        0.017068       0.0016914       0.0029295        0.051182               0               
         A        427        ASP          0.1465         0.10283         0.20222        0.081547         0.27643               0               
         A        428        GLN         0.80232         0.33908          1.0706         0.18929          1.3827         0.29964               
         A        429        GLN          1.2854         0.95607          1.8372         0.97486          3.7654         0.52086               
         A        430        ASN         0.20779         0.12014         0.29238         0.11151         0.40158        0.051182               
         A        431        THR        0.072486         0.10943               0               0         0.29964               0               
         A        432        SER         0.57425         0.34759          1.0333         0.20047          1.2338         0.25404               
         A        433        ILE         0.21883         0.14007         0.12455        0.062651         0.48917        0.083036               
         A        434        LYS         0.60223         0.68834          1.0163         0.68243          2.1078        0.021148               
         A        435        VAL       0.0030211       0.0074002       0.0070493       0.0099692        0.021148               0               
         A        436        TYR        0.081995         0.15726         0.12299         0.17903         0.55392               0               
         A        437        LYS         0.34552          0.4604         0.62194         0.45785          1.3827               0               
         A        438        VAL        0.075782         0.11997               0               0         0.27643               0               
         A        439        ASP         0.92599         0.36095          1.0882         0.25644          1.4648         0.25404               
         A        440        ASN         0.94723          0.5099           1.369         0.39619          1.9783         0.42961               
         A        441        ALA         0.53118        0.077339         0.48917               0         0.66233         0.42961               
         A        442        ALA          1.0742         0.21324          1.4648               0          1.4648         0.83283               
         A        443        ASP         0.70218         0.24153          0.7561         0.29361          1.2338         0.45878               
         A        444        LEU         0.31943         0.16733         0.19072         0.13124         0.52086        0.051182               
         A        445        SER        0.077534        0.054036        0.052092        0.030944         0.17181        0.021148               
         A        446        GLU         0.28594         0.32158         0.49538         0.29414          0.9319               0               
         A        447        SER        0.012273        0.024542               0               0        0.066871               0               
         A        448        TYR        0.022852        0.032524       0.0087761        0.009819         0.11688               0               
         A        449        PHE         0.34222         0.25455         0.47564         0.22286         0.83283        0.035947               
         A        450        VAL         0.34156         0.16971         0.17597        0.071404         0.62455         0.11688               
         A        451        ASN         0.61685         0.30846         0.87647         0.18699          1.0423         0.19134               
         A        452        PRO         0.43643         0.22194         0.65478         0.16795         0.83283         0.21153               
         A        453        GLU          1.4791          0.9108          2.0911         0.79595          3.4675         0.52086               
         A        454        ASN         0.72063         0.17766         0.67813         0.20974         0.98557         0.42961               
         A        455        PHE         0.15724         0.15419         0.05398        0.041894         0.48917               0               
         A        456        GLU         0.68871         0.47694          1.0338         0.36427          1.5529         0.11688               
         A        457        ASP         0.42561          0.1419         0.47057         0.16637         0.70191         0.23242               
         A        458        VAL         0.16773         0.11206         0.14475         0.12254         0.32371               0               
         A        459        THR         0.24929         0.07558         0.26564        0.072612         0.34869         0.15291               
         A        460        ASN          1.7576          1.0618          2.5527          0.9672          4.1057         0.58845               
         A        461        SER         0.69866         0.17209         0.78701         0.19856         0.98557         0.52086               
         A        462        VAL         0.12915          0.1315       0.0022552       0.0031893         0.34869               0               
         A        463        ASN          0.4531           0.323         0.70194         0.28525          1.1024         0.11688               
         A        464        ILE         0.44547          0.2366         0.32576        0.052201          1.0423         0.25404               
         A        465        THR          0.4241         0.16536         0.56398         0.12383         0.70191         0.21153               
         A        466        PHE         0.18773         0.14126         0.12273         0.11905         0.42961               0               
         A        467        PRO         0.62374         0.41946         0.38289         0.15577          1.5529         0.21153               
         A        468        ASN         0.89944         0.40602          1.2313         0.25872          1.5529         0.23242               
         A        469        PRO          1.2218         0.57839            1.84         0.22697          2.1078         0.52086               
         A        470        ASN         0.38767         0.26872         0.55881         0.22689          0.9319        0.066871               
         A        471        GLN          0.1051         0.14484         0.18918         0.14784         0.34869               0               
         A        472        TYR        0.050576        0.057857        0.075864        0.055703         0.15291               0               
         A        473        LYS         0.34115         0.58611         0.61406         0.67138          1.8592               0               
         A        474        VAL       0.0091229        0.013107        0.019032        0.014751        0.035947               0               
         A        475        GLU         0.36168         0.36168         0.60557         0.31085          0.9319               0               
         A        476        PHE        0.076678        0.072164        0.080101        0.075725         0.21153               0               
         A        477        ASN         0.55844         0.31277          0.7977           0.231          1.0423         0.13461               
         A        478        THR         0.42786         0.16846         0.30825        0.030118         0.70191         0.27643               
         A        479        PRO          1.5094         0.37071            1.84         0.22697          2.1078         0.88106               
         A        480        ASP         0.91771         0.14906         0.98434         0.15365          1.1661         0.74342               
         A        481        ASP         0.53287         0.32518         0.72847         0.34056          1.3058         0.17181               
         A        482        GLN         0.20001         0.21586         0.39428         0.20283         0.66233               0               
         A        483        ILE        0.040563        0.053318       0.0089868        0.015566         0.15291               0               
         A        484        THR         0.60948         0.33879         0.95275          0.2065          1.2338         0.25404               
         A        485        THR         0.13737         0.13522         0.19317         0.16732         0.42961               0               
         A        486        PRO        0.013354        0.017991         0.02411           0.021        0.051182               0               
         A        487        TYR        0.046128        0.081159        0.069192        0.091018         0.23242               0               
         A        488        ILE       0.0083589        0.022115               0               0        0.066871               0               
         A        489        VAL        0.018798        0.025938        0.019316        0.022701        0.066871               0               
         A        490        VAL        0.056636        0.069544         0.10986        0.072176         0.21153               0               
         A        491        VAL        0.016865        0.026993        0.017061        0.024127        0.066871               0               
         A        492        ASN         0.34441         0.25525         0.59239        0.079315         0.70191        0.051182               
         A        493        GLY        0.030211        0.041036               0               0        0.099698               0               
         A        494        HIS           0.272         0.29579         0.45333         0.25223         0.78701               0               
         A        495        ILE        0.030355        0.066125               0               0         0.19134               0               
         A        496        ASP         0.31322         0.21791         0.48154         0.17834         0.70191        0.035947               
         A        497        PRO         0.77105         0.19414         0.86059         0.21808          1.0423         0.48917               
         A        498        ASN           1.638         0.54715          2.1122          0.3413           2.574         0.98557               
         A        499        SER         0.60271         0.19025          0.3608         0.12838         0.78701         0.23242               
         A        500        LYS          1.8643           1.174          2.6127          1.0976          4.1057         0.78701               
         A        501        GLY         0.33277        0.062729               0               0         0.42961         0.25404               
         A        502        ASP         0.42649         0.18612         0.54601         0.19725         0.83283         0.25404               
         A        503        LEU         0.11547        0.029232         0.10909         0.03103         0.15291        0.066871               
         A        504        ALA       0.0013531       0.0027062       0.0067655               0       0.0067655               0               
         A        505        LEU        0.014154        0.032459        0.028307         0.04131        0.099698               0               
         A        506        ARG         0.31355         0.45358         0.49272         0.48478          1.4648               0               
         A        507        SER        0.018264        0.025193        0.017974        0.017974        0.066871               0               
         A        508        THR        0.030001        0.051852        0.070001        0.058935         0.15291               0               
         A        509        LEU       0.0026435        0.006994               0               0        0.021148               0               
         A        510        TYR         0.31849          0.4627         0.47774         0.49503          1.6474               0               
         A        511        GLY               0               0               0               0               0               0               
         A        512        TYR         0.25864         0.33009         0.38797         0.33655          1.1024               0               
         A        513        ASN         0.16767        0.085176         0.20865        0.053136         0.29964               0               
         A        514        SER          1.2185         0.55614           1.901         0.34812          2.2491         0.48917               
         A        515        ASN          1.1915         0.57147          1.6326         0.50129          2.1078         0.62455               
         A        516        ILE         0.59203         0.18151         0.72736        0.094192         0.88106         0.34869               
         A        517        ILE         0.46313         0.37724         0.80423         0.21529         0.98557       0.0067655               
         A        518        TRP         0.40035         0.16259         0.41752         0.17548         0.66233         0.17181               
         A        519        ARG         0.39435         0.37591          0.5503         0.39378          1.3058        0.035947               
         A        520        SER         0.28337         0.17413         0.39999         0.18846         0.58845        0.099698               
         A        521        MET         0.14654         0.19328         0.24885         0.22579         0.55392               0               
         A        522        SER         0.27406         0.10801         0.36761        0.091174         0.45878         0.13461               
         A        523        TRP          0.2759         0.21659         0.37157         0.18251         0.66233       0.0067655               
         A        524        ASP         0.24228         0.11223          0.2946        0.096367         0.45878        0.066871               
         A        525        ASN         0.10188        0.059509        0.089477        0.068916         0.19134               0               
         A        526        GLU         0.79391         0.29165         0.96912         0.28148          1.4648         0.45878               
         A        527        VAL         0.67395         0.31472         0.38629        0.061266          1.1661         0.29964               
         A        528        ALA         0.89829         0.17284          1.0423               0          1.0423         0.58845               
         A        529        PHE         0.92949          0.2869         0.83273         0.29934          1.3827         0.48917               
         A        530        ASN         0.70005         0.17422         0.61524         0.17453          0.9319         0.45878               
         A        531        ASN          1.5748         0.70307          2.2362         0.27423           2.574         0.70191               
         A        532        GLY         0.55157        0.095043               0               0         0.66233         0.40158               
         A        533        SER         0.64636         0.45911          1.2536         0.21127          1.4648         0.21153               
         A        534        GLY         0.19741        0.084736               0               0         0.29964        0.083036               
         A        535        SER         0.64504         0.31193          1.0574         0.17635          1.2338         0.34869               
         A        536        GLY         0.50127         0.13183               0               0         0.66233         0.29964               
         A        537        ASP          1.0334         0.34904           1.366        0.083386          1.4648         0.55392               
         A        538        GLY         0.74524         0.21088               0               0          1.1024         0.55392               
         A        539        ILE         0.88832         0.22599          1.2338               0          1.2338         0.58845               
         A        540        ASP          1.5279         0.35323          2.1078               0          2.1078          1.1661               
         A        541        CYS          2.4502          1.1139          1.6474               0          4.1057          1.3827               
