pdb_id: 
analysis type: unbound
radii_file: F:\psiafrombintisolah\PSAIA-1.0\amac_data\chothia.radii
CX_sRadius: 7
CX_vAtom: 20.1

  chain id|    res id|  res name|     average CX|       s_avg CX|    s-ch avg CX|  s-ch s_avg CX|         max CX|         min CX|               
         A         40        THR          1.5867         0.60552          2.0581         0.51331          2.7621         0.78701               
         A         41        ASP         0.73985         0.35024         0.99459         0.26819          1.3827         0.27643               
         A         42        ARG           1.124         0.72182           1.566          0.5292          1.9783         0.29964               
         A         43        GLN         0.97879         0.69393          1.4615          0.5845          2.1078         0.32371               
         A         44        LEU          0.2543         0.11929         0.29532         0.15158         0.45878        0.066871               
         A         45        ALA        0.076864        0.019504        0.066871               0        0.099698        0.051182               
         A         46        GLU         0.59387         0.49369          0.9337         0.42067          1.3827        0.099698               
         A         47        GLU         0.50986         0.37671           0.775         0.30916          1.3058         0.11688               
         A         48        TYR        0.056161        0.074192        0.077844        0.081245         0.23242               0               
         A         49        LEU       0.0053391        0.011779       0.0089868        0.015566        0.035947               0               
         A         50        TYR          1.1063          1.3008          1.6379          1.2998          4.4985               0               
         A         51        ARG         0.36633         0.27987         0.50332         0.26626         0.98557        0.083036               
         A         52        TYR        0.014336        0.029637        0.021503        0.034109        0.099698               0               
         A         53        GLY       0.0089868        0.015566               0               0        0.035947               0               
         A         54        TYR        0.018137          0.0419               0               0         0.13461               0               
         A         55        THR         0.38721         0.29798         0.39914         0.22289          0.9319               0               
         A         56        ARG          1.0425         0.47688          1.1508         0.52977          2.2491         0.45878               
         A         57        VAL         0.81109         0.31608         0.61051          0.1949          1.4648         0.42961               
         A         58        ALA          0.9848         0.40146         0.55392               0          1.6474         0.55392               
         A         66        SER          2.0651         0.52688          2.5395         0.43164          2.9711          1.4648               
         A         67        LEU         0.66402         0.25261         0.63106         0.28257          1.1024         0.37462               
         A         68        GLY         0.44734         0.12355               0               0         0.62455         0.27643               
         A         69        PRO         0.68586         0.32036           1.021         0.18301          1.2338         0.32371               
         A         70        ALA        0.044598        0.066623               0               0         0.17181               0               
         A         71        LEU         0.02597        0.056364        0.051939        0.070746         0.17181               0               
         A         72        LEU         0.18686         0.22837         0.33364         0.24668         0.74342       0.0067655               
         A         73        LEU         0.18373         0.19607         0.31327         0.19994         0.58845       0.0067655               
         A         74        LEU       0.0026435        0.006994               0               0        0.021148               0               
         A         75        GLN               0               0               0               0               0               0               
         A         76        LYS          1.0323          1.2345          1.7605          1.2423          3.7654               0               
         A         77        GLN         0.20199         0.15259         0.28038         0.16744         0.52086        0.083036               
         A         78        LEU        0.039838         0.05646        0.005287       0.0091573         0.17181               0               
         A         79        SER         0.40187         0.19867         0.53195         0.13038         0.66233         0.15291               
         A         80        LEU         0.27731         0.10809         0.20288        0.090836         0.42961        0.099698               
         A         81        PRO         0.77536         0.39533          1.1427          0.3024          1.5529         0.27643               
         A         82        GLU         0.56792         0.23166         0.56912         0.23768          0.9319         0.29964               
         A         83        THR         0.59424         0.16317         0.56739        0.057239          0.9319         0.34869               
         A         84        GLY         0.27783        0.041768               0               0         0.32371         0.21153               
         A         85        GLU          1.0544         0.82004          1.6545         0.62864          2.7621         0.21153               
         A         86        LEU         0.43652         0.12593         0.34525        0.062167         0.70191         0.25404               
         A         87        ASP         0.35921         0.13461         0.29119          0.1431         0.52086         0.15291               
         A         88        SER         0.89279         0.32693          1.3155         0.14938          1.4648         0.48917               
         A         89        ALA         0.46361         0.13039         0.42961               0         0.70191         0.34869               
         A         90        THR        0.036094        0.047945               0               0         0.13461               0               
         A         91        LEU         0.14773         0.12238         0.18114         0.16044         0.45878        0.051182               
         A         92        LYS          1.0949          1.1306          1.7514          1.1522          3.7654         0.19134               
         A         93        ALA         0.12798        0.024541         0.11688               0         0.17181        0.099698               
         A         94        MET          0.1141         0.10318        0.030991        0.024338         0.27643               0               
         A         95        ARG         0.82732         0.34217         0.99854           0.289          1.3827         0.27643               
         A         96        THR         0.36051         0.10524          0.4167        0.090771         0.52086         0.19134               
         A         97        PRO         0.18304         0.10171         0.24379         0.11542         0.34869        0.066871               
         A         98        ARG       0.0051905        0.011454       0.0051353        0.012579        0.035947               0               
         A         99        CYS               0               0               0               0               0               0               
         A        100        GLY        0.012795        0.022162               0               0        0.051182               0               
         A        101        VAL        0.036104        0.033819        0.061951        0.019536        0.083036               0               
         A        102        PRO        0.062323        0.060591         0.11412        0.057326         0.17181               0               
         A        103        ASP        0.086386         0.14023       0.0089868        0.015566         0.40158               0               
         A        104        LEU         0.34528        0.091887         0.31493        0.068143         0.52086         0.23242               
         A        105        GLY         0.63977        0.096846               0               0         0.74342         0.48917               
         A        106        ARG         0.87528         0.53863          1.0936         0.56676          2.1078         0.37462               
         A        107        PHE         0.29148         0.21586         0.17666         0.11139         0.83283        0.021148               
         A        108        GLN         0.61607         0.11167         0.63354         0.12049         0.78701         0.45878               
         A        109        THR          1.6777          0.9379          2.6597         0.58384          3.4675         0.78701               
         A        110        PHE         0.24893         0.27432         0.05958        0.055069         0.83283               0               
         A        111        GLU          1.4331          1.0183          2.1269         0.86578          3.2047         0.25404               
         A        112        GLY         0.89281         0.14509               0               0          1.0423         0.66233               
         A        113        ASP            1.01          0.2601          1.0999         0.30286          1.5529         0.70191               
         A        114        LEU         0.26656         0.12651         0.29237         0.11499         0.45878         0.11688               
         A        115        LYS         0.26405         0.24795         0.42942         0.21714         0.74342       0.0067655               
         A        116        TRP        0.053404        0.082968        0.037045        0.073759         0.23242               0               
         A        117        HIS          1.0327         0.28726          1.1948         0.11998          1.3827         0.42961               
         A        118        HIS         0.39705         0.14969         0.41607         0.11835         0.58845        0.099698               
         A        119        HIS         0.52987         0.32113         0.71454         0.28809          1.1024         0.17181               
         A        120        ASN         0.68427         0.45785          1.0866         0.29788          1.4648         0.15291               
         A        121        ILE       0.0026435        0.006994               0               0        0.021148               0               
         A        122        THR         0.10191         0.12251         0.23553        0.061317         0.29964               0               
         A        123        TYR        0.037413        0.065722         0.05612        0.073683         0.21153               0               
         A        124        TRP          0.1678         0.21196         0.23281         0.21925         0.62455               0               
         A        125        ILE        0.030134         0.05104        0.024924         0.04317         0.13461               0               
         A        126        GLN          0.5036         0.34452         0.68127         0.33547          1.2338        0.051182               
         A        127        ASN          0.2915         0.19644         0.43735         0.14348         0.58845        0.051182               
         A        128        TYR         0.24186         0.11824         0.20398         0.11203         0.45878        0.066871               
         A        129        SER         0.16516        0.082945        0.077878         0.05673         0.29964        0.021148               
         A        130        GLU          1.7378         0.97964          2.3573         0.91384          4.1057         0.70191               
         A        131        ASP         0.50461         0.13121         0.44444         0.15327         0.70191         0.29964               
         A        132        LEU         0.28846          0.1501         0.19547         0.13681         0.48917        0.083036               
         A        133        PRO         0.75153         0.37813          1.1558         0.16046          1.3827         0.27643               
         A        134        ARG          1.2279          1.0206          1.7762         0.89877          2.7621         0.17181               
         A        135        ALA         0.59636         0.20091         0.98557               0         0.98557         0.42961               
         A        136        VAL         0.27903         0.20716         0.42516         0.22671         0.74342        0.066871               
         A        137        ILE       0.0098869        0.017068               0               0        0.051182               0               
         A        138        ASP         0.17249         0.13501         0.28303        0.093915         0.42961       0.0067655               
         A        139        ASP         0.41236          0.2566         0.62243          0.2056          0.9319         0.17181               
         A        140        ALA               0               0               0               0               0               0               
         A        141        PHE        0.015893        0.035094        0.024009        0.041826         0.11688               0               
         A        142        ALA         0.20621         0.11274         0.37462               0         0.37462        0.021148               
         A        143        ARG          0.4899         0.30651         0.68368         0.20681          0.9319        0.066871               
         A        144        ALA               0               0               0               0               0               0               
         A        145        PHE        0.018917        0.017838        0.019456        0.017737        0.051182               0               
         A        146        ALA          0.3528         0.15829         0.58845               0         0.58845        0.099698               
         A        147        LEU         0.18558        0.087112         0.14849         0.10717         0.32371        0.035947               
         A        148        TRP        0.034774        0.044564        0.028295        0.044096         0.11688               0               
         A        149        SER         0.24477         0.16757         0.28298        0.091641         0.48917       0.0067655               
         A        150        ALA         0.88107         0.19019          0.9319               0          1.1661         0.58845               
         A        151        VAL         0.45284         0.21211           0.458         0.23336         0.74342         0.17181               
         A        152        THR         0.28097         0.21145        0.072893        0.026996         0.62455        0.035947               
         A        153        PRO         0.61775         0.15382         0.72756          0.1476          0.9319         0.37462               
         A        154        LEU        0.075639        0.086229               0               0         0.23242               0               
         A        155        THR         0.47126         0.35667         0.80565         0.30818          1.2338         0.15291               
         A        156        PHE         0.10865          0.1694        0.014688        0.024651         0.58845               0               
         A        157        THR         0.52294         0.32556         0.86625         0.17675          1.0423         0.15291               
         A        158        ARG         0.39837          0.1423         0.42792         0.14623         0.70191         0.19134               
         A        159        VAL         0.18758         0.11122          0.2318         0.15207         0.37462        0.021148               
         A        160        TYR          1.0137         0.33022          1.1781         0.25012          1.6474         0.48917               
         A        161        SER         0.48322         0.20983         0.72869         0.10414         0.83283         0.17181               
         A        162        ARG          2.0692          1.6068          2.8973          1.4721          4.9567         0.52086               
         A        163        ASP          1.2547         0.47492          1.6727         0.26854          2.1078         0.62455               
         A        164        ALA         0.10998        0.075094               0               0         0.21153               0               
         A        165        ASP          0.1751         0.16082         0.26657         0.17977         0.55392               0               
         A        166        ILE      0.00084569       0.0022375               0               0       0.0067655               0               
         A        167        VAL        0.018931        0.028711        0.011982        0.016946        0.083036               0               
         A        168        ILE               0               0               0               0               0               0               
         A        169        GLN         0.14192          0.1608         0.25546         0.13242         0.40158               0               
         A        170        PHE        0.022047          0.0555       0.0073117         0.01791         0.19134               0               
         A        171        GLY       0.0016914       0.0029295               0               0       0.0067655               0               
         A        172        VAL         0.39229          0.2853         0.62544         0.25715         0.98557        0.099698               
         A        173        ALA         0.29717         0.19345         0.66233               0         0.66233        0.083036               
         A        174        GLU           0.524         0.14792         0.55483         0.10862         0.78701         0.32371               
         A        175        HIS         0.15142         0.20121        0.011145        0.024921         0.55392               0               
         A        176        GLY         0.88341         0.23005               0               0          1.2338         0.62455               
         A        177        ASP         0.21557         0.16898        0.055748         0.07019         0.42961               0               
         A        178        GLY          0.8437         0.20491               0               0          1.1024         0.62455               
         A        179        TYR         0.31046         0.17182         0.39018          0.1311         0.58845               0               
         A        180        PRO         0.35052         0.21718         0.58167        0.089039         0.70191        0.083036               
         A        181        PHE        0.065638         0.12534               0               0         0.40158               0               
         A        182        ASP         0.45093          0.2659         0.39023          0.1704          1.0423         0.13461               
         A        183        GLY         0.31337         0.13203               0               0         0.48917         0.11688               
         A        184        LYS          1.5315           1.486          2.3678          1.5446          4.9567         0.32371               
         A        185        ASP         0.56977          0.4785         0.97567          0.3558          1.5529        0.099698               
         A        186        GLY         0.14848        0.074419               0               0         0.25404        0.051182               
         A        187        LEU        0.036189        0.075234        0.058105         0.10064         0.23242               0               
         A        188        LEU      0.00084569       0.0022375               0               0       0.0067655               0               
         A        189        ALA               0               0               0               0               0               0               
         A        190        HIS               0               0               0               0               0               0               
         A        191        ALA               0               0               0               0               0               0               
         A        192        PHE       0.0019225       0.0060796       0.0030211       0.0074002        0.021148               0               
         A        193        PRO        0.031092        0.051057        0.072548        0.055452         0.13461               0               
         A        194        PRO       0.0009665       0.0023674               0               0       0.0067655               0               
         A        195        GLY         0.21035         0.13186               0               0         0.40158        0.051182               
         A        196        PRO         0.93704         0.29912          1.1129          0.3342          1.5529         0.55392               
         A        197        GLY         0.84444         0.28078               0               0          1.1024         0.42961               
         A        198        ILE         0.55919         0.26236         0.67438         0.19714         0.98557         0.15291               
         A        199        GLN        0.029621        0.054351        0.039944        0.066383         0.17181               0               
         A        200        GLY               0               0               0               0               0               0               
         A        201        ASP        0.059739        0.093846         0.11948         0.10236         0.27643               0               
         A        202        ALA       0.0013531       0.0027062               0               0       0.0067655               0               
         A        203        HIS               0               0               0               0               0               0               
         A        204        PHE               0               0               0               0               0               0               
         A        205        ASP               0               0               0               0               0               0               
         A        206        ASP         0.11885         0.09788         0.10404         0.08493         0.27643               0               
         A        207        ASP         0.35042         0.18123         0.40355         0.23532         0.78701         0.15291               
         A        208        GLU        0.065881         0.10644               0               0         0.32371               0               
         A        209        LEU         0.45856         0.32183         0.73962         0.21932          1.0423         0.15291               
         A        210        TRP        0.018266        0.041811               0               0         0.15291               0               
         A        211        SER          0.1321        0.072972         0.14434        0.027464         0.23242               0               
         A        212        LEU         0.47609         0.19413         0.52284         0.22665         0.83283         0.23242               
         A        213        GLY         0.64041         0.19769               0               0         0.88106         0.34869               
         A        214        LYS          1.4088         0.40677          1.7574         0.15045          1.9783          0.9319               
         A        215        GLY          1.6527         0.11615               0               0          1.7492          1.4648               
         A        391        GLN          2.1225          1.2175          3.0202         0.80336          4.1057         0.42961               
         A        392        GLY         0.25933         0.14376               0               0         0.45878        0.083036               
         A        393        TYR         0.13179         0.13294         0.19319          0.1228         0.37462               0               
         A        394        SER       0.0035246       0.0078813        0.010574        0.010574        0.021148               0               
         A        395        LEU       0.0016914       0.0029295       0.0016914       0.0029295       0.0067655               0               
         A        396        PHE         0.13599         0.14586         0.20184         0.14411         0.45878               0               
         A        397        LEU         0.10328        0.051366        0.083365        0.048639         0.17181               0               
         A        398        VAL        0.013413        0.019633               0               0        0.051182               0               
         A        399        ALA               0               0               0               0               0               0               
         A        400        ALA               0               0               0               0               0               0               
         A        401        HIS               0               0               0               0               0               0               
         A        402        GLU               0               0               0               0               0               0               
         A        403        PHE      0.00061505       0.0019449       0.0009665       0.0023674       0.0067655               0               
         A        404        GLY       0.0016914       0.0029295               0               0       0.0067655               0               
         A        405        HIS               0               0               0               0               0               0               
         A        406        ALA               0               0               0               0               0               0               
         A        407        LEU        0.018028        0.019529        0.027069        0.018895        0.051182               0               
         A        408        GLY        0.099835         0.12233               0               0         0.29964               0               
         A        409        LEU         0.18218         0.13861        0.087246        0.068499         0.45878       0.0067655               
         A        410        ASP         0.79718         0.50656           1.203         0.41174          1.8592         0.27643               
         A        411        HIS        0.098261          0.1468               0               0         0.45878               0               
         A        412        SER         0.10628        0.075994        0.066871               0         0.23242               0               
         A        413        SER         0.26907         0.11929         0.41559        0.014016         0.42961        0.083036               
         A        414        VAL         0.25811         0.21821         0.45465         0.19249         0.70191               0               
         A        415        PRO         0.44252         0.16139         0.59689         0.11636         0.74342         0.25404               
         A        416        GLU         0.88587         0.57955           1.341         0.35545          1.9783         0.17181               
         A        417        ALA       0.0055827       0.0082119               0               0        0.021148               0               
         A        418        LEU        0.075573        0.054282        0.033024        0.029465         0.17181       0.0067655               
         A        419        MET       0.0083589        0.022115               0               0        0.066871               0               
         A        420        TYR        0.048613        0.080245        0.072919        0.088805         0.23242               0               
         A        421        PRO       0.0061018        0.012406               0               0        0.035947               0               
         A        422        MET         0.14879         0.13943         0.21682         0.16614         0.48917        0.035947               
         A        423        TYR         0.24717        0.098911         0.21029        0.068701         0.42961         0.11688               
         A        424        ARG         0.64395         0.20438         0.64576         0.24329         0.98557         0.32371               
         A        425        PHE         0.48728         0.17073         0.42987         0.16994         0.78701         0.21153               
         A        426        THR         0.47959         0.10668          0.4094         0.10668         0.62455         0.29964               
         A        427        GLU          1.3576         0.47104           1.672         0.40883          2.2491         0.83283               
         A        428        GLY          1.3067         0.20585               0               0          1.5529         0.98557               
         A        429        PRO          1.5187         0.64189          2.1856         0.30857          2.4038         0.70191               
         A        430        PRO         0.36789         0.13232         0.36147         0.13639         0.58845         0.25404               
         A        431        LEU          0.2804         0.18144         0.14742        0.066748         0.58845        0.083036               
         A        432        HIS         0.32734         0.15098         0.39218         0.15835         0.66233         0.15291               
         A        433        LYS           1.865          1.9203          3.0335          1.8875          5.4982         0.32371               
         A        434        ASP          0.3276         0.12268         0.39423          0.1397         0.62455         0.19134               
         A        435        ASP        0.022349        0.033646       0.0016914       0.0029295        0.099698               0               
         A        436        VAL         0.16568         0.11343         0.22434        0.084631         0.32371               0               
         A        437        ASN         0.39455         0.24965         0.57704         0.23957         0.98557         0.19134               
         A        438        GLY         0.16904         0.04964               0               0         0.25404         0.13461               
         A        439        ILE        0.032545        0.047275               0               0         0.13461               0               
         A        440        ARG         0.62112         0.41951         0.81347         0.39579          1.3058        0.051182               
         A        441        HIS          1.1278         0.40914          1.3886         0.28341          1.8592         0.45878               
         A        442        LEU         0.35618         0.19951         0.19905        0.056911         0.78701         0.11688               
         A        443        TYR         0.20994         0.28465         0.04232        0.042016         0.98557               0               
