pdb_id: 
analysis type: unbound
radii_file: F:\psiafrombintisolah\PSAIA-1.0\amac_data\chothia.radii
CX_sRadius: 6
CX_vAtom: 20.1

  chain id|    res id|  res name|     average CX|       s_avg CX|    s-ch avg CX|  s-ch s_avg CX|         max CX|         min CX|               
         A         93        SER          1.2204         0.61721           1.307         0.50641          2.0009         0.45206               
         A         94        ASP         0.63724         0.41427         0.92882         0.34356          1.5008        0.046834               
         A         95        PRO         0.30491         0.29466          0.6106         0.18264         0.80055               0               
         A         96        VAL         0.37013         0.29876         0.66993         0.20417         0.95712        0.071759               
         A         97        ARG          1.1915          1.2233          1.8723          1.0377          3.5014               0               
         A         98        GLN         0.42975         0.53529         0.76888         0.50686          1.6479               0               
         A         99        TYR         0.14504         0.14462         0.21756         0.12489         0.40668               0               
         A        100        LEU         0.21821         0.24957         0.39787         0.23571         0.80055               0               
         A        101        HIS         0.69649         0.73108          1.1411         0.62934          2.0009               0               
         A        102        GLU         0.33633         0.49527         0.57572         0.55716          1.6479               0               
         A        103        ILE       0.0087731        0.016236      7.7027e-05      0.00013341        0.046834               0               
         A        104        GLY         0.22243         0.20251               0               0          0.5522        0.023042               
         A        105        GLU         0.64133         0.28141         0.81441         0.23202          1.1435         0.21659               
         A        106        VAL         0.31804        0.083154         0.28828        0.053585         0.45206         0.21659               
         A        107        LEU          1.3271         0.99357          2.0904          0.8897          3.5014         0.36406               
         A        108        GLU          1.4747          1.1215          2.1611           1.092          4.0015         0.45206               
         A        109        LEU         0.39284         0.21603          0.4005         0.27952         0.87558          0.1542               
         A        110        ASP         0.54833         0.30399         0.81401         0.15872          1.0461        0.097899               
         A        111        LYS          1.0137          1.2354          1.7495          1.2332          4.0015               0               
         A        112        TRP         0.68786         0.44086         0.91512         0.29556          1.3692        0.023042               
         A        113        ALA         0.15663         0.10054         0.32394               0         0.32394        0.046834               
         A        114        GLU        0.097881         0.10103         0.14535        0.098677         0.25039               0               
         A        115        LEU         0.48889          0.3809           0.821         0.25822          1.1435        0.071759               
         A        116        GLY         0.26191        0.060569               0               0         0.36406         0.21659               
         A        117        ALA        0.076094        0.068926          0.1542               0          0.1542               0               
         A        118        ALA        0.033374        0.032437               0               0        0.071759               0               
         A        119        ALA        0.072976        0.036172         0.12535               0         0.12535        0.023042               
         A        120        LYS         0.48775         0.78685         0.86858         0.88757          2.4626               0               
         A        121        VAL        0.026368        0.064588        0.061525         0.08701         0.18458               0               
         A        122        GLU         0.38237         0.35068         0.64879         0.24379         0.95712               0               
         A        123        GLU         0.58652          0.6476          1.0417         0.53706          1.8134               0               
         A        124        GLY               0               0               0               0               0               0               
         A        125        MET         0.37573         0.58915         0.73975          0.6548          1.8134               0               
         A        126        GLU         0.62402         0.65751          1.0897         0.53782          2.0009               0               
         A        127        ALA       0.0093668        0.018734               0               0        0.046834               0               
         A        128        ILE       0.0057991       0.0099559        0.011598        0.011445        0.023042               0               
         A        129        LYS         0.69817          1.1129          1.2567          1.2358          3.5014               0               
         A        130        LYS         0.54592         0.70317         0.94101         0.73077          2.2153      0.00030811               
         A        131        LEU         0.11294        0.074999         0.17177        0.055022         0.25039               0               
         A        132        SER               0               0               0               0               0               0               
         A        133        GLU         0.49206         0.29907         0.60544         0.22599         0.95712        0.023042               
         A        134        ALA         0.70122         0.36713          0.5522               0          1.3692         0.25039               
         A        135        THR         0.61518         0.30016         0.40079         0.11169          1.2507         0.28611               
         A        136        GLY         0.51995         0.10008               0               0         0.60764         0.36406               
         A        137        LEU          1.4932          1.3005          2.6172          0.9141          4.0015          0.1542               
         A        138        ASP         0.68469         0.43421          1.0726         0.24941          1.5008          0.1542               
         A        139        GLN         0.23856         0.16719         0.32827         0.13005          0.5522        0.023042               
         A        140        GLU         0.41415         0.27807         0.65014         0.11475         0.87558        0.071759               
         A        141        LEU          0.6056          0.5972            1.11          0.4481          1.8134        0.023042               
         A        142        ILE        0.098869        0.095293         0.15015         0.10974         0.28611               0               
         A        143        ARG         0.36052          0.4281         0.56653         0.41386          1.1435               0               
         A        144        GLU         0.37943         0.42137         0.62841         0.42144          1.3692               0               
         A        145        VAL        0.089188        0.054261        0.048244         0.03998         0.18458               0               
         A        146        VAL        0.060295         0.05688        0.084136        0.063576          0.1542               0               
         A        147        ARG         0.47927          0.4631         0.74984         0.36828          1.1435               0               
         A        148        ALA         0.17956        0.091679         0.25039               0         0.28611        0.046834               
         A        149        LYS         0.52226         0.59511         0.83951         0.64087          1.8134        0.046834               
         A        150        ILE         0.13938         0.11021         0.14882         0.13754         0.28611               0               
         A        151        LEU          0.2691         0.18039         0.39193         0.16414         0.66718        0.046834               
         A        152        GLY         0.62496         0.27814               0               0          1.0461         0.28611               
         A        153        THR          1.1461         0.38775          1.4326         0.41048          2.0009         0.66718               
         A        154        ALA         0.31418         0.20888               0               0          0.5522               0               
         A        155        ALA         0.91941         0.15343          1.1435               0          1.1435          0.7313               
         A        156        ILE         0.22704         0.14227         0.18441        0.095763          0.5522        0.071759               
         A        157        GLN          1.3736          1.3863          2.1858          1.4037          4.6267         0.25039               
         A        158        LYS         0.74033         0.38436         0.98618         0.33518          1.6479         0.28611               
         A        159        ILE         0.21388        0.080201         0.18441        0.095763         0.32394        0.071759               
         A        160        PRO         0.21094         0.12184         0.26812        0.086612         0.36406               0               
         A        161        GLY         0.41055         0.23918               0               0         0.80055         0.18458               
         A        162        LEU         0.39495         0.14409         0.33021         0.14814         0.60764          0.1542               
         A        163        LYS          2.4495          2.4352          3.9059          2.4274          8.0028         0.50046               
         A        164        GLU         0.62057          0.2351          0.5171         0.27008         0.87558         0.21659               
         A        165        LYS          1.0215         0.72016          1.4052         0.77375          2.7512         0.45206               
         A        166        PRO         0.60629         0.22782         0.75439        0.032646         0.80055          0.1542               
         A        167        ASP          0.4391         0.32398         0.66772         0.30329          1.0461         0.12535               
         A        168        PRO         0.62101         0.32969         0.97363         0.17591          1.1435         0.28611               
         A        169        LYS          1.4942          1.9546          2.5767          2.0572          6.5023        0.046834               
         A        170        THR         0.15083         0.18221         0.33632         0.12926         0.50046               0               
         A        171        VAL         0.14331         0.18341         0.33439         0.12081         0.50046               0               
         A        172        GLU         0.56865         0.45903         0.89086         0.37619          1.3692        0.097899               
         A        173        GLU         0.46627         0.41365         0.77474         0.30298          1.0461      0.00030811               
         A        174        VAL        0.037525        0.073792        0.079878        0.097127         0.21659               0               
         A        175        ASP         0.16087         0.20562         0.27743         0.23081         0.66718               0               
         A        176        GLY         0.20944         0.10158               0               0         0.32394        0.046834               
         A        177        LYS          1.0755          1.2456          1.7545          1.3242          4.0015          0.1542               
         A        178        LEU         0.21522        0.090095         0.27929        0.054769         0.36406        0.071759               
         A        179        LYS         0.84624         0.42502          1.1294         0.31422          1.5008          0.1542               
         A        180        SER         0.76197         0.17375         0.91635        0.040773         0.95712         0.40668               
         A        181        LEU         0.32595         0.17677         0.28534         0.15795         0.66718          0.1542               
         A        182        PRO         0.59418         0.30479          0.9115          0.1325          1.0461         0.18458               
         A        183        LYS          1.8701          1.9245          3.0472          1.8767          6.5023         0.18458               
         A        184        GLU         0.51372         0.40396         0.84948         0.17735         0.95712               0               
         A        185        LEU          0.2208         0.25305         0.44153         0.17501         0.60764               0               
         A        186        LYS          1.0165          1.2638          1.7656          1.2692          4.0015               0               
         A        187        ARG          1.0149          1.2139          1.5712          1.2099          4.0015        0.023042               
         A        188        TYR         0.54818         0.80926         0.82226         0.87005          2.7512               0               
         A        189        LEU         0.36706         0.35384         0.66036           0.276         0.95712               0               
         A        190        HIS         0.69052         0.69692          1.1388         0.55349          2.0009               0               
         A        191        ILE         0.21152         0.25501         0.42297         0.20159          0.7313               0               
         A        192        ALA      6.1622e-05      0.00012324               0               0      0.00030811               0               
         A        193        ARG         0.75593         0.91622          1.1776         0.91079          3.0922               0               
         A        194        GLU         0.45687         0.56528         0.79902         0.55809          1.8134               0               
         A        195        GLY               0               0               0               0               0               0               
         A        196        GLU        0.044835         0.06249        0.080641        0.064377          0.1542               0               
         A        197        ALA        0.094893        0.093992         0.25039               0         0.25039               0               
         A        198        ALA       0.0046701       0.0091869               0               0        0.023042               0               
         A        199        ARG        0.097609         0.10537         0.15339         0.09429         0.32394               0               
         A        200        GLN         0.15392         0.16358           0.277         0.11868         0.36406               0               
         A        201        HIS         0.74704         0.86175          1.2412         0.79188          2.4626               0               
         A        202        LEU        0.017743        0.025873        0.035486        0.026631        0.071759               0               
         A        203        ILE         0.03698        0.050882        0.068199        0.055939          0.1542               0               
         A        204        GLU        0.062849        0.077614        0.094168        0.089159         0.25039               0               
         A        205        ALA         0.03854        0.039592               0               0        0.097899               0               
         A        206        ASN        0.097428          0.1071         0.15055         0.11482         0.32394               0               
         A        207        LEU        0.039794        0.047838        0.073751        0.046606         0.12535               0               
         A        208        ARG         0.56841         0.45026         0.81822         0.37858          1.5008               0               
         A        209        LEU         0.26715         0.28835         0.47388         0.28197         0.95712      0.00030811               
         A        210        VAL               0               0               0               0               0               0               
         A        211        VAL        0.076806         0.10465         0.14751         0.12517         0.32394               0               
         A        212        SER         0.18959         0.16002         0.40668               0         0.40668      0.00030811               
         A        213        ILE        0.029413        0.025835        0.041357        0.025955        0.071759               0               
         A        214        ALA       0.0046085        0.009217               0               0        0.023042               0               
         A        215        LYS          2.0415          3.3274          3.5938          3.8076          10.253               0               
         A        216        LYS         0.76099         0.72395          1.2287         0.66649          2.0009        0.071759               
         A        217        TYR         0.18802         0.17546         0.25794          0.1754         0.50046               0               
         A        218        THR          0.6392         0.28634         0.72492         0.32082          1.1435         0.28611               
         A        219        GLY          1.3646         0.26278               0               0          1.8134          1.1435               
         A        220        ARG          1.2264         0.95636           1.439          1.1375          4.0015         0.40668               
         A        221        GLY          1.0035        0.073832               0               0          1.0461         0.87558               
         A        222        LEU         0.43559         0.21225         0.49618         0.23147         0.87558          0.1542               
         A        223        SER         0.53477         0.40161          1.0948        0.048716          1.1435          0.1542               
         A        224        PHE         0.46051         0.29076         0.65561         0.15228         0.80055               0               
         A        225        LEU          0.5655          0.4838          0.9897          0.3259          1.3692        0.097899               
         A        226        ASP         0.35392         0.36528         0.65882         0.28025         0.95712               0               
         A        227        LEU        0.017743        0.025873        0.029648         0.03093        0.071759               0               
         A        228        ILE        0.024088         0.03644        0.048175        0.038669        0.097899               0               
         A        229        GLN         0.53332         0.62035         0.95998         0.53208          1.6479               0               
         A        230        GLU         0.30812         0.44774         0.55462         0.47343          1.3692               0               
         A        231        GLY               0               0               0               0               0               0               
         A        232        ASN       0.0087346        0.016256        0.017469        0.019389        0.046834               0               
         A        233        GLN         0.36524           0.446         0.64339         0.42856          1.2507               0               
         A        234        GLY               0               0               0               0               0               0               
         A        235        LEU       0.0029188       0.0076067       0.0057606       0.0099776        0.023042               0               
         A        236        ILE         0.11271         0.11854         0.20165         0.10691         0.36406               0               
         A        237        ARG         0.31477         0.40654          0.4946         0.41326          1.3692               0               
         A        238        ALA               0               0               0               0               0               0               
         A        239        VAL        0.048704        0.045599         0.02392        0.033827         0.12535               0               
         A        240        GLU         0.44405         0.32542         0.57854           0.346         0.95712         0.12535               
         A        241        LYS         0.61684         0.55016         0.91525         0.57778          1.8134        0.097899               
         A        242        PHE         0.10928         0.14418        0.062987        0.080635         0.45206               0               
         A        243        GLU         0.31387         0.31113          0.4862         0.31771          1.0461               0               
         A        244        TYR         0.62126         0.57128         0.84961         0.57566          2.0009        0.097899               
         A        245        LYS          1.0643         0.96398          1.4705           1.112          3.5014         0.36406               
         A        246        ARG         0.96029         0.78505          1.2553         0.84648          2.4626          0.1542               
         A        247        GLY         0.83827         0.33311               0               0          1.3692         0.45206               
         A        248        PHE         0.92396         0.72946          1.1705         0.80903          2.7512         0.28611               
         A        249        ALA         0.42307         0.23511         0.66718               0         0.66718        0.071759               
         A        250        PHE        0.062678        0.072896        0.077251        0.078966         0.21659               0               
         A        251        SER          0.5015         0.48948           1.116         0.38473          1.5008         0.12535               
         A        252        THR         0.51639         0.49544          1.0034         0.38863          1.5008        0.071759               
         A        253        TYR        0.088655         0.12512         0.13298         0.13261         0.36406               0               
         A        254        ALA               0               0               0               0               0               0               
         A        255        THR         0.13115         0.18492         0.29041          0.1867         0.50046               0               
         A        256        TRP          1.0868         0.97218          1.5168         0.82211          2.7512               0               
         A        257        TRP         0.18092         0.27411         0.25328         0.29473          0.7313               0               
         A        258        ILE               0               0               0               0               0               0               
         A        259        ARG         0.90213          1.2299          1.4176           1.283          4.0015               0               
         A        260        GLN         0.23446         0.33373         0.42202         0.34831          1.0461               0               
         A        261        ALA       0.0093668        0.018734               0               0        0.046834               0               
         A        262        ILE        0.012237        0.032377        0.024475        0.042392        0.097899               0               
         A        263        ASN         0.25129         0.25087         0.44836         0.19853         0.66718               0               
         A        264        ARG         0.73439         0.54413          1.0206          0.4711          1.8134      0.00030811               
         A        265        ALA         0.19984         0.10473         0.32394               0         0.32394        0.071759               
         A        266        ILE         0.42588         0.20833         0.54362         0.16366          0.7313          0.1542               
         A        267        ALA         0.66044         0.16856         0.80055               0         0.87558         0.40668               
         A        268        ASP         0.75373         0.37288          0.9388         0.43069          1.6479         0.32394               
         A        269        GLN          2.0858         0.49457          2.1435         0.34265          2.7512          1.2507               
