pdb_id: 
analysis type: unbound
radii_file: F:\psiafrombintisolah\PSAIA-1.0\amac_data\chothia.radii
CX_sRadius: 6
CX_vAtom: 20.1

  chain id|    res id|  res name|     average CX|       s_avg CX|    s-ch avg CX|  s-ch s_avg CX|         max CX|         min CX|               
         R          3        PRO           0.947         0.61542          1.3896         0.55014          2.0009          0.1542               
         R          4        PRO         0.25015         0.24616         0.41652          0.2385          0.7313               0               
         R          5        GLY         0.23442        0.037846               0               0         0.28611         0.18458               
         R          6        LYS         0.53525         0.26871         0.71053         0.24266          1.1435         0.25039               
         R          7        PRO        0.072136        0.096461               0               0         0.28611               0               
         R          8        GLU         0.46548          0.4478         0.81829         0.28186          1.2507               0               
         R          9        ILE         0.15176         0.10564         0.11434        0.056772         0.40668        0.046834               
         R         10        PHE         0.26617         0.25483         0.20085         0.18196         0.87558      0.00030811               
         R         11        LYS         0.23899         0.28259         0.42149         0.29844         0.87558               0               
         R         12        CYS         0.13706         0.11961          0.2447         0.11935         0.36406               0               
         R         13        ARG         0.32777         0.31219         0.49808          0.2699         0.87558               0               
         R         14        SER          0.0158        0.026402               0               0        0.071759               0               
         R         15        PRO         0.25025         0.17555           0.415         0.10879          0.5522               0               
         R         16        ASN         0.16941         0.13957         0.22183          0.1351         0.45206        0.023042               
         R         17        LYS         0.17134         0.11141         0.20934        0.083784         0.32394        0.023042               
         R         18        GLU         0.60843         0.57222           1.013         0.46576          1.5008      0.00030811               
         R         19        THR        0.088222         0.10383         0.19817        0.062182         0.28611               0               
         R         20        PHE        0.016141        0.044152        0.025365        0.053192          0.1542               0               
         R         21        THR        0.028763        0.053693        0.051503        0.072619          0.1542               0               
         R         22        CYS        0.036201        0.080673         0.10845         0.10814         0.21659               0               
         R         23        TRP         0.12099         0.16036         0.16938         0.16674          0.5522               0               
         R         24        TRP        0.028277        0.047943        0.039557        0.052655         0.18458               0               
         R         25        ARG         0.64177         0.53858         0.97383         0.38942          1.3692               0               
         R         26        PRO         0.36963         0.15618         0.49459         0.12278         0.60764         0.18458               
         R         27        GLY         0.52282         0.30719               0               0         0.95712         0.21659               
         R         28        THR         0.69218         0.30117         0.82336          0.3058          1.2507         0.25039               
         R         29        ASP         0.39338         0.24593         0.57516         0.22599         0.80055         0.12535               
         R         30        GLY         0.74534         0.23043               0               0          1.0461         0.45206               
         R         31        GLY         0.83061         0.14373               0               0         0.95712         0.60764               
         R         34        THR         0.32578         0.26157        0.065074        0.043712         0.66718        0.023042               
         R         35        ASN          1.0368         0.99235          1.8385         0.81945          3.0922        0.097899               
         R         36        TYR         0.25405         0.12336         0.24645         0.12606         0.45206        0.046834               
         R         37        SER         0.17275          0.1492         0.36406               0         0.36406               0               
         R         38        LEU       0.0057606       0.0099776        0.011521        0.011521        0.023042               0               
         R         39        THR        0.052956        0.054869        0.090931        0.045881          0.1542               0               
         R         40        TYR        0.051771        0.076013        0.077656        0.081589         0.18458               0               
         R         41        HIS        0.065297         0.12189         0.10883         0.14151         0.40668               0               
         R         42        ARG         0.43583         0.45562         0.68482          0.3946          1.2507               0               
         R         43        GLU         0.65539         0.59006          1.0364         0.53174          1.8134               0               
         R         44        GLY         0.73799         0.19604               0               0         0.95712         0.45206               
         R         45        GLU         0.34105          0.1812         0.33832         0.13924          0.5522        0.023042               
         R         46        THR         0.74788         0.37529           1.084         0.29472          1.5008         0.32394               
         R         47        LEU         0.72692         0.43388          1.0363         0.33551          1.5008         0.18458               
         R         48        MET         0.51008         0.34434         0.74263         0.29947          1.2507        0.097899               
         R         49        HIS         0.31214         0.29026         0.47957         0.26263         0.87558               0               
         R         50        GLU          0.5151         0.45974         0.78644         0.45673          1.6479        0.046834               
         R         51        CYS        0.062622        0.095634               0               0         0.25039               0               
         R         52        PRO         0.34388         0.30649         0.13556         0.19171         0.95712               0               
         R         53        ASP         0.12978         0.11548         0.20766        0.092666         0.32394               0               
         R         54        TYR         0.28032         0.23388            0.38         0.22519         0.66718               0               
         R         55        ILE          1.0784          0.9375          1.8205         0.80813          3.0922         0.25039               
         R         56        THR          0.5785          0.2883         0.65023        0.074093          1.1435         0.18458               
         R         57        GLY         0.26388         0.19593               0               0         0.50046        0.023042               
         R         58        GLY         0.39656         0.17274               0               0         0.60764          0.1542               
         R         59        PRO          1.1916         0.73171          1.9746         0.35161          2.4626         0.36406               
         R         60        ASN         0.26603         0.26485         0.42653         0.26698         0.80055               0               
         R         61        SER       0.0078057        0.017454               0               0        0.046834               0               
         R         62        CYS               0               0               0               0               0               0               
         R         63        HIS         0.11582         0.15149         0.19304         0.15279         0.45206               0               
         R         64        PHE       0.0063804        0.014386        0.010026        0.016991        0.046834               0               
         R         65        GLY        0.017546         0.01932               0               0        0.046834               0               
         R         66        LYS          1.1936          1.1988          1.9019          1.2061          4.0015         0.21659               
         R         67        GLN          1.0736         0.77004          1.5945         0.67178          2.4626         0.32394               
         R         68        TYR         0.43802         0.47281         0.61596         0.48797          1.6479        0.023042               
         R         69        THR         0.15027         0.19624               0               0         0.50046               0               
         R         70        SER         0.37018         0.13159         0.39329         0.10718          0.5522          0.1542               
         R         71        MET         0.49982         0.30767          0.6615         0.36198          1.2507         0.25039               
         R         72        TRP          1.0096         0.62389          1.2513         0.57335          2.4626         0.18458               
         R         73        ARG         0.33474          0.3853         0.50069         0.39394          1.3692               0               
         R         74        THR        0.087204        0.096289         0.19579        0.029411         0.21659               0               
         R         75        TYR        0.066467        0.079696        0.099701        0.078827         0.28611               0               
         R         76        ILE       0.0089698        0.023732         0.01794        0.031072        0.071759               0               
         R         77        MET        0.051058        0.070735        0.090408        0.080615         0.21659               0               
         R         78        MET         0.11805         0.18101          0.2361         0.19405          0.5522               0               
         R         79        VAL               0               0               0               0               0               0               
         R         80        ASN        0.094162         0.08608         0.15868        0.074423         0.28611               0               
         R         81        ALA       0.0093668        0.018734               0               0        0.046834               0               
         R         82        THR         0.44368         0.40064         0.84473         0.29622          1.2507        0.097899               
         R         83        ASN        0.034178        0.082066               0               0         0.25039               0               
         R         84        GLN           1.363            1.09          2.0185          1.0607          3.0922          0.1542               
         R         85        MET         0.48713         0.19617         0.59572         0.21864         0.87558         0.28611               
         R         86        GLY         0.43669         0.26898               0               0          0.7313        0.097899               
         R         87        SER         0.53491         0.33894         0.56225         0.23831          1.1435         0.12535               
         R         88        SER         0.20032         0.11164         0.29032        0.073733         0.36406        0.046834               
         R         89        PHE         0.80184         0.85274          1.1959         0.84569          2.7512        0.071759               
         R         90        SER        0.074881         0.12042               0               0         0.32394               0               
         R         91        ASP          1.1518         0.80427          1.8819         0.43431          2.4626         0.18458               
         R         92        GLU         0.57691         0.46606         0.76175         0.53784          1.8134         0.18458               
         R         93        LEU         0.35944          0.3849         0.62885          0.3807          1.2507               0               
         R         94        TYR         0.80289         0.70433          1.0656         0.71443          2.4626        0.071759               
         R         95        VAL         0.14977         0.09628         0.18829        0.065389         0.28611      0.00030811               
         R         96        ASP        0.050855        0.033032        0.029648         0.03093        0.097899               0               
         R         97        VAL        0.026924        0.026707        0.031223        0.022078        0.071759               0               
         R         98        THR        0.076863        0.076004         0.14661        0.050735         0.21659               0               
         R         99        TYR         0.54804          0.5544         0.80695         0.50906          1.8134               0               
         R        100        ILE        0.027074        0.071631        0.054148        0.093787         0.21659               0               
         R        101        VAL               0               0               0               0               0               0               
         R        102        GLN         0.25083         0.29701         0.39206         0.32458         0.95712               0               
         R        103        PRO        0.048878        0.047683        0.015611        0.022078         0.12535               0               
         R        104        ASP         0.13309        0.093681         0.14901         0.10347         0.28611               0               
         R        105        PRO          0.1193         0.12907         0.20123         0.13964         0.36406               0               
         R        106        PRO       0.0066906        0.016389               0               0        0.046834               0               
         R        107        LEU         0.29049         0.34444         0.48697         0.38641          1.1435               0               
         R        108        GLU          1.1337         0.82305          1.7472         0.59863          2.7512         0.18458               
         R        109        LEU         0.24234         0.22911        0.068357         0.10551          0.7313               0               
         R        110        ALA         0.29307         0.20412         0.66718               0         0.66718        0.071759               
         R        111        VAL         0.21902         0.25879        0.032736        0.046078         0.80055               0               
         R        112        GLU         0.47934         0.44643         0.81186         0.32533          1.2507      0.00030811               
         R        113        VAL         0.27994         0.11052         0.33086        0.096255         0.45206         0.12535               
         R        114        LYS         0.50908         0.78978         0.91627         0.86584          2.4626               0               
         R        115        GLN         0.31858         0.22809         0.32147         0.28783         0.87558        0.097899               
         R        116        PRO         0.30913          0.2295         0.23472         0.15539          0.7313      0.00030811               
         R        117        GLU          1.1635          1.0717          1.9688         0.77404          2.7512               0               
         R        118        ASP         0.79328         0.52979          1.2239         0.42134          1.8134         0.25039               
         R        119        ARG          1.5322          1.6848          2.3596          1.6045          5.4306               0               
         R        120        LYS          1.2093          1.4322          1.9824          1.5316          4.6267         0.18458               
         R        121        PRO        0.068599        0.067159        0.094158        0.075399         0.18458               0               
         R        122        TYR         0.11569         0.17642         0.17349         0.19147         0.60764               0               
         R        123        LEU        0.018549        0.041064        0.037097        0.051812         0.12535               0               
         R        124        TRP         0.17856         0.24288         0.24998         0.25443          0.7313               0               
         R        125        ILE      3.8514e-05       0.0001019      7.7027e-05      0.00013341      0.00030811               0               
         R        126        LYS         0.48354         0.74175          0.8564         0.82295          2.2153               0               
         R        127        TRP        0.023782        0.073744               0               0         0.28611               0               
         R        128        SER         0.15659         0.16587         0.36909        0.082975         0.45206               0               
         R        129        PRO         0.44939         0.37797         0.85057         0.22161          1.1435        0.097899               
         R        130        PRO        0.017907        0.043862               0               0         0.12535               0               
         R        131        THR         0.56152         0.42679          1.0278         0.16109          1.2507        0.071759               
         R        132        LEU         0.35006         0.21587         0.37822         0.26148         0.80055        0.097899               
         R        133        ILE         0.56796         0.28989         0.30862         0.12959          1.0461         0.12535               
         R        136        LYS         0.99395          0.4246         0.66718               0          1.5008         0.50046               
         R        137        THR          1.5497         0.40013           1.788         0.30806          2.2153         0.80055               
         R        138        GLY         0.80121         0.33595               0               0          1.3692          0.5522               
         R        139        TRP         0.64104          0.2958         0.73824         0.29695          1.1435         0.32394               
         R        140        PHE         0.20473          0.1047         0.20597          0.1002         0.40668        0.071759               
         R        141        THR         0.39264         0.23949         0.65023        0.074093          0.7313         0.12535               
         R        142        LEU         0.10795         0.10788         0.15591         0.10205         0.28611               0               
         R        143        LEU          0.3024         0.41699          0.6048         0.40604          1.2507               0               
         R        144        TYR         0.01285        0.042619        0.019275        0.050997          0.1542               0               
         R        145        GLU        0.037642        0.070785        0.067755        0.083537         0.18458               0               
         R        146        ILE               0               0               0               0               0               0               
         R        147        ARG         0.14384         0.21357           0.226         0.23048          0.5522               0               
         R        148        LEU        0.020972        0.033147        0.041944        0.036302        0.097899               0               
         R        149        LYS         0.06656         0.17232         0.11981         0.21696          0.5522               0               
         R        150        PRO        0.088439         0.10517         0.13715          0.1171         0.28611               0               
         R        151        GLU         0.49294          0.4285         0.76905         0.36954          1.2507               0               
         R        152        LYS           1.416          1.0749          2.0219          1.0804          4.0015         0.21659               
         R        153        ALA         0.46644         0.22582         0.21659               0         0.80055         0.21659               
         R        154        ALA          1.2836         0.28997          1.8134               0          1.8134          1.0461               
         R        155        GLU          1.6612          1.3978          2.6172          1.1741          4.6267        0.071759               
         R        156        TRP         0.24588         0.21026         0.22416         0.23031         0.60764               0               
         R        157        GLU         0.45392         0.45418         0.75755         0.40196          1.5008               0               
         R        158        ILE         0.30217          0.1668         0.36319         0.11661          0.5522        0.097899               
         R        159        HIS         0.32049         0.37813         0.53025         0.35809          1.0461               0               
         R        160        PHE          0.5894         0.27727         0.70772         0.20242          1.0461        0.071759               
         R        161        ALA         0.14428         0.09303               0               0         0.28611               0               
         R        162        GLY         0.15736         0.11188               0               0         0.32394        0.023042               
         R        163        GLN         0.79892         0.70221          1.2477         0.65569          2.2153         0.12535               
         R        164        GLN         0.58236         0.57153          0.9862         0.46462          1.5008               0               
         R        165        THR         0.14408         0.21756          0.2881         0.26894         0.66718      0.00030811               
         R        166        GLU         0.46832         0.59688         0.82899         0.59016          1.8134               0               
         R        167        PHE         0.21034         0.19862         0.33054         0.14921         0.50046               0               
         R        168        LYS         0.58681         0.73952         0.94214         0.82114          2.4626               0               
         R        169        ILE        0.091894        0.066236          0.1279          0.0546         0.21659               0               
         R        170        LEU         0.63795         0.45373         0.79476         0.52443          1.6479         0.21659               
         R        171        SER         0.85844         0.57107          1.5235         0.47742          2.0009         0.32394               
         R        172        LEU         0.17889         0.16211        0.059985        0.090898         0.50046               0               
         R        173        HIS         0.75912         0.74353          1.1475         0.72978          2.2153      0.00030811               
         R        174        PRO         0.31147         0.24032         0.46047          0.2666          0.7313        0.023042               
         R        175        GLY         0.34252         0.30871               0               0         0.87558         0.12535               
         R        176        GLN         0.42353         0.50108         0.71711         0.50479          1.6479               0               
         R        177        LYS         0.42813         0.68949         0.77057         0.76933          2.2153               0               
         R        178        TYR        0.027442        0.055384        0.041164        0.063532         0.18458               0               
         R        179        LEU         0.10649         0.19415         0.21289         0.22966         0.60764               0               
         R        180        VAL         0.01703        0.027549        0.024125        0.033682        0.071759               0               
         R        181        GLN        0.033621        0.057588        0.060518        0.065892          0.1542               0               
         R        182        VAL               0               0               0               0               0               0               
         R        183        ARG         0.12943         0.21781         0.20339         0.24394         0.60764               0               
         R        184        CYS               0               0               0               0               0               0               
         R        185        LYS         0.11985         0.21433         0.21573           0.249         0.66718               0               
         R        186        PRO        0.024237        0.038953               0               0        0.097899               0               
         R        187        ASP         0.26191        0.094994         0.26014         0.11116         0.40668         0.12535               
         R        188        HIS         0.93392         0.78985          1.4026         0.69275          2.4626        0.023042               
         R        189        GLY        0.054225        0.093742               0               0         0.21659               0               
         R        190        TYR         0.28802         0.32203         0.41637         0.32351         0.87558               0               
         R        191        TRP         0.14333         0.18453         0.18525         0.19935         0.66718               0               
         R        192        SER        0.015611        0.022078               0               0        0.046834               0               
         R        193        ALA         0.40772         0.36706          1.0461               0          1.0461               0               
         R        194        TRP         0.13022         0.18602         0.12635         0.20424         0.66718               0               
         R        195        SER        0.093256         0.12443               0               0         0.28611               0               
         R        196        PRO         0.93042          0.4741          1.4226         0.16649          1.6479         0.25039               
         R        197        ALA         0.29026         0.21833          0.1542               0         0.66718        0.097899               
         R        198        THR         0.14902         0.11661          0.2041         0.10333         0.32394               0               
         R        199        PHE           0.534         0.32633         0.65581         0.31317          1.1435        0.097899               
         R        200        ILE         0.17889         0.10716         0.22039         0.11871         0.36406        0.023042               
         R        201        GLN         0.40611         0.19746         0.55162         0.12242         0.66718        0.097899               
         R        202        ILE       0.0029573       0.0075926      7.7027e-05      0.00013341        0.023042               0               
         R        203        PRO         0.14732         0.10839         0.25475        0.072756         0.32394        0.023042               
         R        204        SER         0.69487         0.47932          1.3025         0.34537          1.6479         0.25039               
         R        205        ASP         0.58727         0.50449         0.89521         0.53058          1.8134        0.046834               
         R        206        PHE        0.034813        0.035727        0.041432        0.041576         0.12535               0               
         R        207        THR         0.50906          0.3049         0.83623         0.14839          1.0461          0.1542               
         R        208        MET         0.52524         0.28368         0.59067         0.26744          1.0461         0.12535               
         R        209        ASN         0.34475         0.31767         0.51405         0.37074          1.1435        0.046834               
         R        210        ASP         0.51416           0.465           0.945         0.23574          1.2507      0.00030811               
         R        211        THR         0.99357          0.4839          1.4784         0.33492          1.8134         0.28611               
