pdb_id: 
analysis type: unbound
radii_file: F:\psiafrombintisolah\PSAIA-1.0\amac_data\chothia.radii
CX_sRadius: 6
CX_vAtom: 20.1

  chain id|    res id|  res name|     average CX|       s_avg CX|    s-ch avg CX|  s-ch s_avg CX|         max CX|         min CX|               
         E          2        GLU          2.7147          1.1514          3.5192         0.89242          4.6267          1.2507               
         E          3        GLU          1.4161         0.82995          1.9941         0.60395          3.0922         0.32394               
         E          4        LEU         0.10902          0.1152        0.031414        0.054232         0.32394               0               
         E          5        GLN         0.80479         0.91122          1.4049         0.82636          2.7512               0               
         E          6        MET        0.069804        0.071213        0.011709         0.02028         0.21659               0               
         E          7        ILE         0.31201         0.25085         0.52084         0.18099         0.80055      0.00030811               
         E          8        GLN        0.074114         0.11545               0               0         0.28611               0               
         E          9        PRO         0.76381          0.3469         0.53088         0.26989          1.3692         0.21659               
         E         10        GLU         0.49288         0.34713         0.67407         0.34353          1.2507        0.046834               
         E         11        LYS          1.5436          1.4252          2.5797           1.107          4.0015        0.097899               
         E         12        LEU         0.41709         0.22152         0.59508         0.16577         0.87558         0.12535               
         E         13        LEU         0.15331         0.17683         0.23941         0.21384         0.60764               0               
         E         14        LEU         0.36349         0.20556         0.28194        0.080706         0.87558         0.18458               
         E         15        VAL         0.13326        0.064946        0.094158        0.075399         0.21659               0               
         E         16        THR         0.19577        0.094544         0.26081         0.11509         0.40668         0.12535               
         E         17        VAL         0.60033         0.25874         0.85931         0.13506          1.0461         0.28611               
         E         18        GLY         0.27964        0.057017               0               0         0.32394         0.18458               
         E         19        LYS         0.80109         0.95417          1.3754         0.94458          2.7512               0               
         E         20        THR         0.36742         0.14741         0.43348         0.13262         0.60764         0.21659               
         E         21        ALA        0.053573        0.044649      0.00030811               0        0.097899               0               
         E         22        THR         0.20586        0.097006         0.22618         0.10887         0.36406        0.071759               
         E         23        LEU         0.01794        0.031072        0.035879        0.035879        0.071759               0               
         E         24        HIS         0.42729         0.37384         0.69239         0.23791          1.0461               0               
         E         25        CYS       0.0038404       0.0085874               0               0        0.023042               0               
         E         26        THR         0.18105         0.23261         0.41476         0.17472         0.60764               0               
         E         27        VAL        0.078826         0.09278        0.055925        0.031229         0.28611               0               
         E         28        THR         0.37291         0.30337         0.32019         0.10923          1.0461        0.023042               
         E         29        SER         0.16682         0.05754         0.20573        0.080382         0.28611         0.12535               
         E         30        LEU         0.53883         0.22858         0.71795         0.17907         0.95712         0.25039               
         E         31        LEU         0.92896         0.80606          1.5317         0.75488          2.7512         0.25039               
         E         32        PRO         0.36921         0.13104         0.31439        0.066869         0.66718         0.25039               
         E         33        VAL          1.0087         0.63985          1.6883         0.31879          2.0009         0.25039               
         E         34        GLY         0.28967        0.066643               0               0         0.36406         0.18458               
         E         35        PRO         0.22361         0.11461         0.28681        0.030032         0.32394        0.023042               
         E         36        VAL        0.066566        0.047383        0.099645         0.04385          0.1542        0.023042               
         E         37        LEU        0.065941        0.091485         0.11394         0.10567         0.28611               0               
         E         38        TRP       0.0067126         0.01638       0.0093976        0.018718        0.046834               0               
         E         39        PHE        0.040837        0.057112        0.064172        0.060234          0.1542               0               
         E         40        ARG         0.22022         0.26118         0.31809         0.28193         0.80055               0               
         E         41        GLY         0.13277        0.090686               0               0         0.21659               0               
         E         42        VAL         0.93263          0.4991          1.4029         0.43951          2.0009          0.5522               
         E         43        GLY         0.57331         0.10704               0               0         0.66718         0.40668               
         E         44        PRO          1.6728         0.67028          2.4049         0.30899          2.7512         0.95712               
         E         45        GLY          1.0842         0.17862               0               0          1.3692         0.87558               
         E         46        ARG         0.34233         0.25522         0.36303         0.29299          0.7313               0               
         E         47        GLU         0.54878         0.49195         0.89145         0.40404          1.5008               0               
         E         48        LEU         0.31834           0.254         0.39741         0.28939          0.7313      0.00030811               
         E         49        ILE        0.087722        0.058127        0.074546        0.055217         0.18458        0.023042               
         E         50        TYR          0.1585         0.18749         0.23775         0.18408         0.60764               0               
         E         51        ASN        0.087449         0.08347         0.12562        0.090736         0.25039               0               
         E         52        GLN         0.34495         0.22365         0.39438         0.22057         0.80055        0.046834               
         E         53        LYS          0.9567         0.41781          1.2551         0.29834          1.5008         0.40668               
         E         54        GLU          1.3087         0.95369          2.0137         0.71238          3.0922         0.28611               
         E         55        GLY         0.71928        0.090239               0               0         0.87558         0.66718               
         E         56        HIS          1.0839         0.38645          1.3802          0.1629          1.6479          0.5522               
         E         57        PHE         0.17441         0.12737         0.11594        0.053306         0.50046        0.046834               
         E         58        PRO         0.74455         0.23602         0.78844         0.14293          1.1435         0.36406               
         E         59        ARG         0.48124         0.38124         0.60419         0.37907          1.2507        0.023042               
         E         60        VAL         0.14141         0.16411         0.02392        0.033827         0.50046               0               
         E         61        THR         0.46067         0.32835         0.74629         0.31839          1.1435         0.12535               
         E         62        THR         0.28621         0.11797         0.31007           0.122         0.45206          0.1542               
         E         63        VAL         0.39311         0.35593         0.27696         0.23409          1.0461        0.023042               
         E         64        SER         0.30506         0.15317         0.24945         0.20261         0.50046        0.046834               
         E         65        ASP         0.54084         0.32818         0.84462          0.1197          1.0461         0.12535               
         E         66        LEU         0.13791        0.078194         0.13163        0.082746         0.25039               0               
         E         67        THR         0.86193         0.38389          1.1602         0.34645          1.6479         0.36406               
         E         68        LYS          1.1776          1.4147          1.8829          1.5757          4.6267         0.21659               
         E         69        ARG          2.6546          2.2167          3.8544          1.9392          6.5023         0.45206               
         E         70        ASN          1.2318          0.8758           1.919         0.76221          3.0922         0.40668               
         E         71        ASN         0.13345         0.11483        0.024475        0.042392         0.28611               0               
         E         72        MET         0.25608         0.18022         0.37195         0.10237         0.50046               0               
         E         73        ASP         0.11893         0.16765         0.22634         0.18167         0.50046               0               
         E         74        PHE        0.090161           0.103         0.14164        0.096867         0.28611               0               
         E         75        SER       0.0076808        0.010862        0.011521        0.011521        0.023042               0               
         E         76        ILE               0               0               0               0               0               0               
         E         77        ARG         0.55608         0.63925         0.87384         0.60372          1.8134               0               
         E         78        ILE        0.088647        0.092724         0.15935        0.078935         0.28611               0               
         E         79        SER         0.20483         0.20252         0.47944        0.072759          0.5522               0               
         E         80        SER         0.53455         0.60184          1.2403         0.57309          1.8134        0.071759               
         E         81        ILE        0.015118        0.032185       0.0057606       0.0099776        0.097899               0               
         E         82        THR         0.29609         0.25994         0.56822         0.16428         0.80055        0.046834               
         E         83        PRO         0.69072         0.34385          1.0575         0.15335          1.2507         0.28611               
         E         84        ALA         0.50581         0.15859         0.80055               0         0.80055         0.32394               
         E         85        ASP         0.11709         0.12331         0.15404         0.13322         0.36406               0               
         E         86        VAL         0.35776         0.27382         0.47842         0.34551         0.95712        0.097899               
         E         87        GLY         0.12088        0.052864               0               0         0.18458        0.046834               
         E         88        THR         0.19962         0.25679         0.39045          0.2911         0.80055               0               
         E         89        TYR        0.030686        0.069285        0.046029        0.080588         0.25039               0               
         E         90        TYR         0.13684         0.24541         0.20526         0.27622         0.87558               0               
         E         91        CYS       0.0038404       0.0085874               0               0        0.023042               0               
         E         92        VAL               0               0               0               0               0               0               
         E         93        LYS        0.016081        0.032404        0.028947        0.038957        0.097899               0               
         E         94        PHE          0.0782         0.11742         0.12289         0.12719         0.36406               0               
         E         95        ARG         0.65449         0.82666          1.0185         0.84218          2.7512               0               
         E         96        LYS         0.86232         0.53796          1.2917         0.30685          1.6479          0.1542               
         E         97        GLY         0.53885         0.31585               0               0         0.95712         0.21659               
         E         98        SER          1.3715         0.32746          1.8134               0          1.8134         0.95712               
         E         99        PRO            1.12         0.30919          1.4174         0.11789          1.5008         0.66718               
         E        100        GLU          1.3695          1.1866          2.2018          0.9702          4.0015        0.046834               
         E        101        ASN         0.35151         0.18239         0.39952         0.19853          0.7313         0.12535               
         E        102        VAL         0.36088         0.43466          0.7133         0.46409          1.3692               0               
         E        103        GLU          0.3758         0.22951         0.49411         0.22803         0.87558        0.071759               
         E        104        PHE         0.29845          0.2508         0.34099         0.24971         0.80055               0               
         E        105        LYS         0.70581          1.0837          1.2202          1.2311          3.5014      0.00030811               
         E        106        SER         0.26499         0.10654         0.28611               0         0.45206         0.12535               
         E        107        GLY        0.078623        0.089121               0               0         0.21659               0               
         E        108        PRO         0.60532          0.2607         0.72492         0.32082          1.1435         0.36406               
         E        109        GLY        0.029648         0.03093               0               0        0.071759               0               
         E        110        THR       0.0032918       0.0080632               0               0        0.023042               0               
         E        111        GLU           0.584         0.73638          1.0512         0.69637          2.0009               0               
         E        112        MET        0.099411         0.11704         0.10605        0.095554         0.32394               0               
         E        113        ALA         0.17396         0.10018         0.36406               0         0.36406        0.097899               
         E        114        LEU         0.48982         0.26164          0.5326         0.32319         0.87558        0.023042               
         E        115        GLY         0.15181        0.078342               0               0         0.28611        0.097899               
         E        116        ALA         0.19647         0.17803         0.50046               0         0.50046               0               
         E        117        LYS         0.59602         0.56467         0.92216         0.57529          2.0009         0.12535               
         E        118        PRO         0.10091         0.19177               0               0          0.5522               0               
         E        119        SER         0.23355         0.11976         0.25913         0.10493         0.40668        0.071759               
         E        120        ALA         0.70858         0.23581          1.1435               0          1.1435         0.50046               
         E        121        PRO         0.11618         0.11481        0.041782        0.059089         0.36406               0               
         E        122        VAL         0.48934         0.48087         0.95118         0.40163          1.5008        0.046834               
         E        123        VAL         0.14617         0.19687               0               0          0.5522               0               
         E        124        LEU         0.76398         0.64855          1.3037         0.49912          2.0009        0.097899               
         E        125        GLY         0.52405         0.19306               0               0         0.80055         0.32394               
         E        126        PRO         0.60506         0.31554         0.35944         0.18033          1.1435         0.18458               
         E        127        ALA          1.6535          0.3244          2.2153               0          2.2153          1.3692               
         E        128        ALA          1.0209         0.53951          1.8134               0          1.8134         0.32394               
         E        129        ARG         0.26005         0.21918         0.17792         0.16501         0.66718               0               
         E        130        THR         0.21275         0.19213           0.415         0.10879          0.5522      0.00030811               
         E        131        THR         0.22242         0.21677         0.43835         0.16181         0.66718        0.023042               
         E        132        PRO         0.10475         0.11143          0.1162         0.10291         0.28611      0.00030811               
         E        133        GLU          1.7925          1.5888          2.9175          1.2874          4.6267         0.12535               
         E        134        HIS         0.47859         0.48851         0.75053         0.45709          1.5008               0               
         E        135        THR         0.31104         0.17145         0.28441         0.11927         0.66718          0.1542               
         E        136        VAL        0.090041         0.11847         0.17082         0.14288         0.36406               0               
         E        137        SER         0.26527         0.21099         0.55405        0.053588         0.60764        0.046834               
         E        138        PHE        0.048766        0.046874        0.076632        0.036295         0.12535               0               
         E        139        THR         0.22787         0.27158          0.5084         0.18406         0.66718               0               
         E        140        CYS        0.020994        0.046668      0.00015405      0.00015405         0.12535               0               
         E        141        GLU         0.21784         0.20447         0.38284         0.11788          0.5522               0               
         E        142        SER      5.1351e-05      0.00011483               0               0      0.00030811               0               
         E        143        HIS         0.53291         0.52144         0.86248         0.42267          1.3692               0               
         E        144        GLY         0.10613        0.095469               0               0         0.21659      0.00030811               
         E        145        PHE               0               0               0               0               0               0               
         E        146        SER        0.073755         0.11521         0.16197         0.16197         0.32394               0               
         E        147        PRO         0.29085         0.21558         0.48198         0.14034         0.60764               0               
         E        148        ARG         0.30918         0.30328         0.44468         0.30637          1.0461        0.046834               
         E        149        ASP         0.94393         0.71251          1.5599         0.47672          2.2153        0.071759               
         E        150        ILE         0.23866         0.23096        0.059908        0.090949          0.7313               0               
         E        151        THR         0.58374         0.48038         0.99408          0.4623          1.6479         0.12535               
         E        152        LEU          0.1811         0.15337        0.059908        0.090949         0.45206               0               
         E        153        LYS         0.61975         0.82864          1.0959         0.85112          2.2153               0               
         E        154        TRP       0.0069928        0.025213       0.0097899         0.02937        0.097899               0               
         E        155        PHE        0.082481         0.11298         0.12961         0.11811         0.28611               0               
         E        156        LYS         0.22017         0.17791         0.34356         0.12795          0.5522               0               
         E        157        ASN         0.42858         0.16552         0.55488        0.063533         0.60764        0.071759               
         E        158        GLY         0.73531        0.085109               0               0         0.87558         0.66718               
         E        159        ASN         0.95052         0.88465          1.6798         0.68309          2.4626               0               
         E        160        GLU         0.48238         0.34208         0.65643         0.35557          1.2507          0.1542               
         E        161        LEU         0.20082         0.10241         0.20608         0.13077         0.40668        0.046834               
         E        162        SER         0.95046         0.52962          1.6258         0.37512          2.0009         0.50046               
         E        163        ASP         0.73693          0.4381           1.141         0.21213          1.3692         0.21659               
         E        164        PHE         0.21811         0.19371         0.25645         0.20334         0.60764               0               
         E        165        GLN          1.5631          1.5864          2.6389           1.384          4.6267         0.12535               
         E        166        THR          0.3876           0.288         0.24936         0.11172          1.0461        0.097899               
         E        167        ASN         0.82339         0.67457          1.4233         0.41456          1.8134        0.046834               
         E        168        VAL         0.15323        0.090786         0.13486         0.10313         0.25039               0               
         E        169        ASP         0.39746          0.3641         0.72664         0.21285         0.95712      0.00030811               
         E        170        PRO         0.23761         0.18613         0.34753         0.18587         0.60764      0.00030811               
         E        171        THR          1.0116         0.57938          1.6332         0.30646          2.0009         0.40668               
         E        172        GLY         0.53942         0.26362               0               0         0.80055         0.12535               
         E        173        GLN          1.4245         0.57004          1.9063         0.23936          2.2153          0.7313               
         E        174        SER         0.29417        0.049425         0.27026        0.053673         0.36406         0.21659               
         E        175        VAL           1.477         0.98648          2.4971          0.6164          3.0922         0.50046               
         E        176        ALA         0.20342         0.12379         0.40668               0         0.40668        0.023042               
         E        177        TYR        0.018075        0.059855        0.027074        0.071631         0.21659               0               
         E        178        SER         0.03766        0.058335         0.11298        0.041221          0.1542               0               
         E        179        ILE        0.027006        0.035286        0.036073        0.036882        0.097899               0               
         E        180        ARG         0.83411         0.85058          1.2887         0.75243          2.7512               0               
         E        181        SER       0.0078057        0.017454               0               0        0.046834               0               
         E        182        THR         0.26564         0.29806          0.5639          0.2233         0.87558               0               
         E        183        ALA       0.0046085        0.009217               0               0        0.023042               0               
         E        184        ARG         0.47987         0.48275         0.70801         0.46595          1.6479               0               
         E        185        VAL          0.1179        0.070921         0.14933        0.073647         0.21659        0.023042               
         E        186        VAL         0.40361         0.30501         0.66832         0.27364          1.0461        0.023042               
         E        187        LEU      7.7027e-05      0.00013341      7.7027e-05      0.00013341      0.00030811               0               
         E        188        ASP         0.37411         0.33137         0.66681         0.21156         0.87558        0.023042               
         E        189        PRO         0.53249         0.36158          0.8863         0.26944          1.2507         0.12535               
         E        190        TRP         0.74328         0.44991         0.97935         0.29218          1.5008        0.046834               
         E        191        ASP        0.059135        0.059145        0.062251        0.059072          0.1542               0               
         E        192        VAL        0.082198        0.058366        0.065074        0.043712          0.1542               0               
         E        193        ARG         0.68186         0.28505         0.74549         0.29174          1.3692         0.32394               
         E        194        SER        0.082317        0.082632        0.077255        0.076947         0.18458      0.00030811               
         E        195        GLN           0.272         0.32872         0.48493           0.304         0.95712               0               
         E        196        VAL        0.017907        0.043862        0.041782        0.059089         0.12535               0               
         E        197        ILE        0.034099        0.052224        0.068199        0.055939          0.1542               0               
         E        198        CYS       0.0078057        0.017454               0               0        0.046834               0               
         E        199        GLU          0.1821         0.26842         0.32777         0.28625         0.66718               0               
         E        200        VAL        0.010339        0.025075         0.02392        0.033827        0.071759               0               
         E        201        ALA          0.2034         0.13023         0.45206               0         0.45206        0.097899               
         E        202        HIS        0.040342        0.061232               0               0         0.18458               0               
         E        203        VAL         0.86509         0.93093          1.5005          1.1442          3.0922         0.28611               
         E        204        THR        0.074874         0.11127               0               0         0.25039               0               
         E        205        LEU        0.081345         0.10836        0.018094        0.030984         0.32394               0               
         E        206        GLN          1.0592           0.549          1.4708         0.33006          1.8134         0.18458               
         E        207        GLY          1.0472          0.2254               0               0          1.3692         0.80055               
         E        208        ASP         0.81485         0.44905          1.1839         0.30228          1.6479         0.18458               
         E        209        PRO         0.30911         0.19889         0.41313          0.2508         0.66718        0.071759               
         E        210        LEU         0.25497         0.31333          0.4352         0.35788          1.0461               0               
         E        211        ARG         0.60935         0.42352         0.81727         0.39195          1.5008         0.12535               
         E        212        GLY         0.07265        0.030564               0               0        0.097899        0.023042               
         E        213        THR         0.46113          0.2577         0.58003         0.21627         0.87558         0.18458               
         E        214        ALA          0.0575         0.02971        0.071759               0        0.097899        0.023042               
         E        215        ASN         0.46625         0.51652           0.845         0.49357          1.6479               0               
         E        216        LEU        0.024441        0.041318        0.043122        0.051155         0.12535               0               
         E        217        SER        0.072687         0.13291         0.21791         0.14615         0.36406               0               
         E        218        GLU         0.53667         0.45062         0.82121         0.42357          1.6479        0.097899               
         E        219        ALA        0.029008        0.038911      0.00030811               0        0.097899               0               
         E        220        ILE               0               0               0               0               0               0               
         E        221        ARG         0.15213         0.25909         0.23902         0.29108         0.87558               0               
         E        222        VAL        0.031181        0.041681        0.065074        0.043712         0.12535               0               
         E        223        PRO         0.35807         0.17651         0.48458         0.15598         0.66718        0.071759               
         E        224        PRO         0.15939         0.17446        0.059081        0.067915          0.5522               0               
         E        225        THR         0.61218         0.55821          1.1382         0.47744          1.8134        0.071759               
         E        226        LEU         0.18749          0.1843        0.043045        0.051219          0.5522               0               
         E        227        GLU         0.58565         0.54152         0.97803         0.42193          1.6479      0.00030811               
         E        228        VAL         0.21181         0.19401        0.077136         0.07834         0.60764               0               
         E        229        THR         0.32431         0.26154         0.57811         0.21116         0.87558        0.071759               
         E        230        GLN         0.48241          0.2119         0.58593         0.18685         0.80055          0.1542               
         E        231        GLN         0.97264          1.1125          1.6283          1.1201          3.5014        0.046834               
         E        232        PRO         0.81919         0.48353          1.3474         0.21695          1.6479         0.32394               
         E        233        MET         0.54008         0.62071         0.85775         0.74941          2.0009        0.097899               
         E        234        ARG          2.5966          2.2664          3.6113          2.2841          6.5023         0.60764               
         E        235        VAL          1.4315          0.7352          2.0364         0.75517          3.0922         0.66718               
         E        236        GLY         0.70534          0.2056               0               0          1.0461         0.50046               
         E        237        ASN           1.363         0.80726          1.9611         0.70666          3.0922         0.40668               
         E        238        GLN         0.48466         0.45056          0.7376         0.46324          1.3692        0.097899               
         E        239        VAL         0.15282         0.14081         0.28441         0.11927         0.45206               0               
         E        240        ASN        0.089271         0.15801          0.1727          0.1895         0.50046               0               
         E        241        VAL        0.030927        0.038231        0.072164        0.020849        0.097899               0               
         E        242        THR        0.053317        0.058527         0.10879        0.045368          0.1542               0               
         E        243        CYS      5.1351e-05      0.00011483               0               0      0.00030811               0               
         E        244        GLN         0.20259         0.27418         0.36459         0.27614         0.87558               0               
         E        245        VAL      4.4016e-05      0.00010782       0.0001027      0.00014524      0.00030811               0               
         E        246        ARG         0.52328         0.58724         0.81901         0.54895          1.8134               0               
         E        247        LYS         0.61202         0.75836          1.1016         0.70414          2.0009               0               
         E        248        PHE               0               0               0               0               0               0               
         E        249        TYR          0.1033         0.16017         0.15495         0.17458          0.5522               0               
         E        250        PRO        0.032055        0.052522        0.059081        0.067915          0.1542               0               
         E        251        GLN         0.64769         0.39903         0.82758          0.2924          1.3692        0.046834               
         E        252        SER         0.34086         0.30168         0.70459         0.25253         0.95712        0.046834               
         E        253        LEU         0.29041         0.32952        0.049027        0.048873          1.0461               0               
         E        254        GLN         0.79845         0.79896          1.2937         0.76189          2.7512        0.023042               
         E        255        LEU         0.21172         0.17975         0.11064         0.08197         0.60764               0               
         E        256        THR         0.24336         0.18283         0.40079         0.11169          0.5522               0               
         E        257        TRP         0.12071          0.1154         0.14161         0.12566         0.32394               0               
         E        258        SER        0.033557        0.056591         0.10052        0.053684          0.1542               0               
         E        259        GLU         0.55751          0.6014           0.944         0.55351          1.8134               0               
         E        260        ASN         0.48401         0.25946         0.55313        0.037904         0.95712               0               
         E        261        GLY         0.60986         0.15817               0               0         0.80055         0.36406               
         E        262        ASN         0.72925         0.57546          1.1952         0.46045          1.8134        0.097899               
         E        263        VAL         0.79705         0.31294          1.0846         0.12291          1.2507         0.36406               
         E        264        CYS         0.43692         0.25811         0.13977        0.014428         0.87558         0.12535               
         E        265        GLN          1.9454          1.1545          2.7584         0.94483          4.0015         0.66718               
         E        266        ARG         0.80781         0.39488         0.83174         0.49272          1.8134         0.18458               
         E        267        GLU          1.7557          1.1789          2.5818         0.96614          4.0015         0.45206               
         E        268        THR         0.39055         0.26355         0.13171        0.086469          0.7313        0.046834               
         E        269        ALA         0.29246         0.19499         0.60764               0         0.60764        0.046834               
         E        270        SER         0.31565         0.22367          0.2447         0.11935          0.7313        0.023042               
         E        271        THR         0.54246         0.54487          1.0849          0.4024          1.6479               0               
         E        272        LEU         0.45955         0.32132         0.46362          0.2863          1.0461        0.071759               
         E        273        THR         0.39986         0.36466         0.73441         0.29618          1.1435      0.00030811               
         E        274        GLU         0.37215         0.27978         0.47011         0.23952         0.87558        0.071759               
         E        275        ASN        0.044044        0.062107        0.046144        0.079923         0.18458               0               
         E        276        LYS           1.779          1.8415          2.9326          1.7624          5.4306         0.28611               
         E        277        ASP         0.06125        0.077476        0.050413        0.062861         0.21659               0               
         E        278        GLY       0.0057606       0.0099776               0               0        0.023042               0               
         E        279        THR               0               0               0               0               0               0               
         E        280        TYR         0.18039         0.35593         0.27059         0.40697          1.2507               0               
         E        281        ASN        0.040635        0.058565        0.081269        0.059644         0.18458               0               
         E        282        TRP         0.22118         0.27936         0.30965         0.28612         0.87558               0               
         E        283        THR         0.16666         0.20898         0.38888         0.12446          0.5522               0               
         E        284        SER               0               0               0               0               0               0               
         E        285        TRP         0.46241         0.47886         0.64737         0.44866          1.5008               0               
         E        286        PHE        0.063392        0.078871        0.092925        0.084509         0.21659               0               
         E        287        LEU          0.4829          0.3521         0.70508         0.35259          1.2507        0.071759               
         E        288        VAL         0.23342          0.1233         0.29746         0.12186         0.45206        0.046834               
         E        289        ASN          1.3696          1.1458          2.2092          1.0997          4.0015         0.45206               
         E        290        ILE         0.67341         0.21253         0.70434         0.19115         0.95712         0.28611               
         E        291        SER          1.0449         0.37786          1.4784         0.33492          1.8134         0.66718               
         E        292        ASP          1.7476         0.76686          2.4163         0.51273          3.0922         0.87558               
         E        293        GLN          2.2727          1.1325           3.031         0.96454          4.6267         0.95712               
         E        296        ASP          2.1567           1.326          3.3355         0.83639          4.6267         0.66718               
         E        297        VAL         0.36351         0.24664         0.52601         0.26053         0.87558        0.097899               
         E        298        VAL          0.2912         0.30943         0.57595         0.27009         0.95712      0.00030811               
         E        299        LEU        0.086229        0.097559         0.16662        0.077533         0.28611               0               
         E        300        THR        0.092286        0.081711          0.1675        0.062958         0.25039               0               
         E        301        CYS          0.0158        0.026402        0.011521        0.011521        0.071759               0               
         E        302        GLN         0.32195         0.47037         0.56515         0.51418          1.5008               0               
         E        303        VAL        0.030659        0.033642        0.055925        0.031229        0.097899               0               
         E        304        LYS         0.65251          0.9708          1.1554          1.0614          3.0922      0.00030811               
         E        305        HIS        0.018847        0.025525       0.0078057        0.017454        0.071759               0               
         E        306        ASP         0.12899         0.14722         0.10903         0.15011         0.36406               0               
         E        307        GLY         0.85233         0.35663               0               0          1.3692         0.36406               
         E        308        GLN          0.4947         0.27398         0.57988         0.32278          1.1435         0.18458               
         E        309        LEU          1.6612           1.179           2.654         0.87036          4.0015         0.36406               
         E        310        ALA         0.49426         0.24089         0.32394               0         0.95712         0.28611               
         E        311        VAL          0.6742         0.49618          1.0323         0.55712          1.8134         0.18458               
         E        312        SER          0.4812         0.24238         0.47395         0.25736         0.87558         0.21659               
         E        313        LYS         0.82527          1.0335          1.3029          1.1857          3.5014          0.1542               
         E        314        ARG          2.7264          2.7956          4.0143          2.7771          8.0028         0.36406               
         E        315        LEU         0.22329         0.11344         0.20013         0.13821         0.40668        0.023042               
         E        316        ALA         0.65647         0.33799          1.2507               0          1.2507         0.32394               
         E        317        LEU         0.69374         0.28285         0.48645        0.060229          1.1435         0.40668               
