pdb_id: 
analysis type: unbound
radii_file: F:\psiafrombintisolah\PSAIA-1.0\amac_data\chothia.radii
CX_sRadius: 6
CX_vAtom: 20.1

  chain id|    res id|  res name|     average CX|       s_avg CX|    s-ch avg CX|  s-ch s_avg CX|         max CX|         min CX|               
         A          6        THR          1.8331         0.34484          1.9547         0.23394          2.2153          1.2507               
         A          7        ARG          1.9752          1.3976          2.6111          1.3884          4.6267         0.66718               
         A          8        VAL         0.44138         0.11006         0.40695         0.14068          0.5522         0.21659               
         A          9        PHE         0.44441         0.37876         0.59427         0.40014          1.1435        0.071759               
         A         10        LYS          1.1587          1.3727          1.7306          1.6055          4.6267        0.097899               
         A         11        LYS           0.535         0.37105         0.78713          0.3186          1.2507          0.1542               
         A         12        ALA         0.28922         0.14529         0.40668               0         0.45206        0.046834               
         A         13        SER        0.084752         0.12643               0               0         0.32394               0               
         A         14        PRO         0.35187         0.19174         0.24284        0.069499         0.80055          0.1542               
         A         15        ASN          0.2701         0.15271         0.18048         0.14937         0.50046               0               
         A         16        GLY         0.19581        0.062589               0               0         0.25039        0.097899               
         A         17        LYS        0.049924        0.058304        0.023042               0          0.1542      0.00030811               
         A         18        LEU        0.017611        0.023079       0.0057606       0.0099776        0.071759               0               
         A         19        THR         0.06005        0.086342         0.14001         0.07877         0.25039               0               
         A         20        VAL        0.034624        0.041813        0.073005        0.037011         0.12535               0               
         A         21        TYR         0.17187         0.25444         0.25492         0.27634         0.87558               0               
         A         22        LEU         0.10726         0.10846          0.1598         0.12677         0.36406               0               
         A         23        GLY         0.36048         0.14429               0               0         0.50046         0.12535               
         A         24        LYS         0.38584         0.26987         0.56824         0.21474         0.95712        0.023042               
         A         25        ARG         0.28991         0.23555          0.4106         0.20639         0.80055               0               
         A         26        ASP         0.11376         0.10249         0.19728        0.073771         0.25039               0               
         A         27        PHE       0.0042576        0.013464       0.0066906        0.016389        0.046834               0               
         A         28        VAL        0.057842        0.094907         0.13496           0.103         0.25039               0               
         A         29        ASP         0.05701        0.093936        0.096079         0.11675         0.28611               0               
         A         30        HIS         0.25709         0.24016         0.35433         0.24811          0.7313               0               
         A         31        ILE         0.35241         0.16425         0.45736         0.15823         0.66718         0.12535               
         A         32        ASP         0.66608         0.19688         0.80129         0.18192          1.0461         0.45206               
         A         33        LEU         0.39374         0.40699         0.67074         0.40504          1.3692               0               
         A         34        VAL        0.022117        0.053924       0.0001027      0.00014524          0.1542               0               
         A         35        ASP         0.14363          0.1167          0.2128         0.12169         0.36406      0.00030811               
         A         36        PRO         0.30871         0.25425         0.53836         0.22902          0.7313        0.046834               
         A         37        VAL        0.044411        0.073185        0.087911        0.092952         0.21659               0               
         A         38        ASP         0.12212         0.12924         0.23252        0.092817         0.28611               0               
         A         39        GLY               0               0               0               0               0               0               
         A         40        VAL      4.4016e-05      0.00010782               0               0      0.00030811               0               
         A         41        VAL        0.016923        0.024515        0.031703        0.029806        0.071759               0               
         A         42        LEU         0.16308         0.25653         0.31464         0.29248         0.80055               0               
         A         43        VAL         0.10888        0.061138         0.13921        0.070109         0.21659        0.046834               
         A         44        ASP          0.1213         0.12747         0.20117         0.13811         0.36406      0.00030811               
         A         45        PRO         0.40036         0.15906         0.48949        0.088693         0.60764          0.1542               
         A         46        GLU         0.73647         0.68369          1.0612         0.75672          2.4626          0.1542               
         A         47        TYR         0.56324         0.46689         0.69236         0.52072          1.6479         0.12535               
         A         48        LEU         0.30696         0.19414         0.20575        0.080879          0.7313        0.097899               
         A         49        LYS         0.80635         0.10253         0.95712               0         0.95712         0.66718               
         A         50        GLU         0.45619         0.24809          0.5195         0.29367         0.87558         0.18458               
         A         51        ARG         0.59026         0.40377          1.3692               0          1.3692         0.21659               
         A         52        ARG         0.51881         0.83822         0.81527         0.92866          2.7512               0               
         A         53        VAL        0.022029        0.053959        0.051401        0.072691          0.1542               0               
         A         54        TYR        0.059701         0.10651        0.089551         0.11977         0.36406               0               
         A         55        VAL       0.0066906        0.016389        0.015611        0.022078        0.046834               0               
         A         56        THR        0.054526        0.069814         0.12723        0.046076         0.18458               0               
         A         57        LEU        0.024088         0.03644        0.048175        0.038669        0.097899               0               
         A         58        THR        0.036619         0.06528        0.085445        0.075971         0.18458               0               
         A         59        CYS      5.1351e-05      0.00011483               0               0      0.00030811               0               
         A         60        ALA      6.1622e-05      0.00012324               0               0      0.00030811               0               
         A         61        PHE         0.14682          0.1655         0.23072         0.15389         0.50046               0               
         A         62        ARG         0.13277         0.21335         0.19839         0.24318          0.7313               0               
         A         63        TYR         0.17416         0.15126         0.24041         0.14375          0.5522               0               
         A         64        GLY         0.61641         0.19453               0               0         0.87558         0.40668               
         A         65        ARG          1.0299          1.0885          1.4191          1.2007          3.5014         0.18458               
         A         66        GLU          1.9396          1.4377          2.9458           1.183          4.6267         0.40668               
         A         67        ASP         0.83179         0.29378         0.95266         0.34783          1.5008          0.5522               
         A         68        LEU          0.5649         0.31295         0.67698         0.41189          1.3692         0.28611               
         A         69        ASP          1.4754         0.26085          1.8134               0          1.8134          1.0461               
         A         70        VAL         0.80138         0.24206         0.96489         0.25262          1.1435         0.50046               
         A         71        LEU           1.154         0.24839          1.5008               0          1.5008          0.7313               
         A         72        GLY         0.55313        0.037904               0               0         0.60764         0.50046               
         A         73        LEU         0.58386         0.23665           0.734         0.24523          1.0461         0.32394               
         A         74        THR         0.21359         0.15962        0.096219        0.089975         0.50046      0.00030811               
         A         75        PHE         0.39001          0.4942         0.60262         0.50885          1.6479               0               
         A         76        ARG         0.23778         0.15718         0.25216          0.1489          0.5522        0.071759               
         A         77        LYS          1.0115          1.1228          1.7077           1.085          3.5014        0.097899               
         A         78        ASP         0.53549         0.39244         0.68907         0.48274          1.5008         0.25039               
         A         79        LEU         0.26699         0.20826         0.12994        0.072085          0.7313        0.046834               
         A         80        PHE         0.26474         0.24782         0.35776          0.2649          0.7313               0               
         A         81        VAL         0.42934          0.1864          0.4692        0.044208         0.80055         0.21659               
         A         82        ALA         0.14472        0.050652         0.21659               0         0.21659        0.071759               
         A         83        ASN         0.79137          0.5287          1.1161         0.51314          1.8134         0.21659               
         A         84        VAL         0.19014         0.13249         0.27617         0.13051         0.40668               0               
         A         85        GLN         0.18325         0.15898         0.19841          0.1899          0.5522               0               
         A         86        SER               0               0               0               0               0               0               
         A         87        PHE          0.1857         0.28193         0.29181         0.30649         0.80055               0               
         A         88        PRO          0.2061         0.14899          0.3262         0.14137         0.50046               0               
         A         89        PRO         0.62631         0.32121         0.88055         0.30559          1.1435         0.21659               
         A         90        ALA         0.32368         0.14038         0.21659               0         0.50046         0.12535               
         A         91        PRO          1.0373         0.34077          1.3492         0.21434          1.5008         0.60764               
         A         92        GLU          1.5712          1.2958          2.4448          1.1408          4.0015         0.36406               
         A         93        ASP         0.59841         0.39549         0.91912         0.32588          1.2507         0.25039               
         A         94        LYS          1.8423          1.7589          2.6954          1.9791          6.5023          0.5522               
         A         95        LYS          1.0358         0.26809          1.1301         0.32513          1.6479         0.80055               
         A         96        PRO          1.2373         0.38356           1.654         0.12769          1.8134          0.7313               
         A         97        LEU          0.5232         0.31576         0.59695         0.39615          1.2507         0.18458               
         A         98        THR         0.19954        0.086931          0.2585        0.099389         0.36406        0.097899               
         A         99        ARG         0.41644         0.37667          1.1435               0          1.1435         0.12535               
         A        100        LEU         0.22491         0.17468         0.38875        0.072806         0.50046      0.00030811               
         A        101        GLN               0               0               0               0               0               0               
         A        102        GLU         0.40882         0.50019          0.7163         0.48598          1.5008               0               
         A        103        ARG         0.98093           1.065          1.5279         0.97939          2.7512               0               
         A        104        LEU        0.039311        0.074274        0.078623        0.089121         0.21659               0               
         A        105        ILE         0.16926         0.17941         0.26214         0.20472         0.60764               0               
         A        106        LYS          1.2398          1.1981          1.9635          1.1675          4.0015        0.023042               
         A        107        LYS          1.1202         0.97737          1.6066          1.0601          3.5014         0.18458               
         A        108        LEU         0.26841         0.14169          0.1698        0.027015         0.60764          0.1542               
         A        109        GLY         0.30129        0.090453               0               0         0.45206         0.21659               
         A        110        GLU         0.76545         0.39459          1.5008               0          1.5008         0.40668               
         A        111        HIS          0.6483          0.6297           1.004         0.57467          2.0009               0               
         A        112        ALA         0.01958         0.03916               0               0        0.097899               0               
         A        113        TYR         0.14858         0.16625          0.2106         0.17037          0.5522               0               
         A        114        PRO         0.23213         0.18726         0.39963         0.17279         0.60764        0.071759               
         A        115        PHE       0.0042175       0.0088746       0.0033358       0.0080459        0.023042               0               
         A        116        THR         0.31711         0.18275           0.415         0.10879          0.5522        0.046834               
         A        117        PHE        0.054882        0.064297        0.028612        0.052249         0.18458               0               
         A        118        GLU         0.73694         0.31705         0.97044         0.23025          1.2507         0.32394               
         A        119        ILE         0.17633        0.062281         0.17091        0.044133         0.28611        0.071759               
         A        120        PRO         0.43058         0.15594         0.52217        0.084743         0.60764         0.21659               
         A        121        PRO         0.70089         0.31833         0.98214         0.30714          1.2507         0.40668               
         A        122        ASN         0.87208         0.46856          1.2257         0.42529          1.6479         0.40668               
         A        123        LEU         0.17843         0.12279        0.094945         0.11201         0.36406               0               
         A        124        PRO         0.14024        0.055949         0.10879        0.045368         0.25039        0.046834               
         A        125        CYS         0.15224        0.059338         0.17097        0.045622         0.25039        0.097899               
         A        126        SER        0.041048        0.051182               0               0         0.12535               0               
         A        127        VAL        0.046354        0.057905         0.07532        0.063003          0.1542               0               
         A        128        THR       0.0032918       0.0080632       0.0076808        0.010862        0.023042               0               
         A        129        LEU         0.15996         0.23052         0.31407         0.24223          0.7313               0               
         A        130        GLN        0.040397        0.043192         0.03916        0.047961        0.097899               0               
         A        131        PRO         0.49618         0.26378         0.76536         0.14469         0.95712         0.18458               
         A        132        GLY         0.33553          0.1248               0               0         0.50046         0.18458               
         A        133        PRO          1.4717         0.46081          1.9057         0.29937          2.2153         0.80055               
         A        134        GLU          1.0122         0.20666          1.3692               0          1.3692          0.7313               
         A        135        ASP         0.54755         0.11658         0.51128         0.13267          0.7313         0.40668               
         A        136        THR          1.1045         0.39411          1.2529          0.5328          2.0009         0.80055               
         A        137        GLY         0.44627         0.09478               0               0         0.60764         0.36406               
         A        138        LYS          1.1064          1.0164          1.7154          1.0116          3.0922         0.28611               
         A        139        ALA         0.35186        0.074585         0.28611               0         0.45206         0.25039               
         A        140        CYS         0.24515         0.15462          0.3844         0.16781          0.5522        0.046834               
         A        141        GLY      7.7027e-05      0.00013341               0               0      0.00030811               0               
         A        142        VAL        0.014074        0.034222               0               0        0.097899               0               
         A        143        ASP        0.088017        0.087175         0.15802        0.066605         0.25039               0               
         A        144        TYR        0.024911        0.048399        0.037367         0.05521          0.1542               0               
         A        145        GLU        0.073475          0.1286         0.13226          0.1483         0.36406               0               
         A        146        VAL         0.05038        0.063931        0.069206        0.082119         0.18458               0               
         A        147        LYS         0.30874         0.57159         0.55561         0.67153          1.8134               0               
         A        148        ALA        0.014352        0.028703               0               0        0.071759               0               
         A        149        PHE        0.061126        0.078957        0.092763        0.083589         0.21659               0               
         A        150        CYS         0.10285         0.07422        0.060471        0.037428         0.21659               0               
         A        151        ALA        0.093719        0.035703        0.097899               0          0.1542        0.046834               
         A        152        GLU          0.5906         0.34417          1.2507               0          1.2507         0.32394               
         A        153        ASN         0.18327         0.14464         0.40668               0         0.40668      0.00030811               
         A        154        LEU         0.68202         0.21535         0.82511         0.10668         0.95712         0.32394               
         A        155        GLU          1.4127         0.88722           2.003         0.78936          3.0922         0.50046               
         A        156        GLU         0.66429         0.43318         0.84128         0.51391          1.6479         0.25039               
         A        157        LYS          1.0109         0.26827          1.3692               0          1.3692         0.66718               
         A        158        ILE          0.6329         0.28124         0.54446         0.32148         0.95712         0.12535               
         A        159        HIS            1.17           1.184          1.8178          1.1326          4.0015        0.071759               
         A        160        LYS          1.4052          1.1872          2.2971         0.86179          3.5014         0.21659               
         A        161        ARG         0.86346         0.80449          1.3305         0.64307          2.2153               0               
         A        162        ASN         0.19842         0.20826         0.35379         0.18931          0.5522               0               
         A        163        SER        0.011697        0.017812        0.023417        0.023417        0.046834               0               
         A        164        VAL        0.090122        0.062422        0.041782        0.059089          0.1542               0               
         A        165        ARG         0.73111         0.54413          1.0078         0.48642          1.8134         0.12535               
         A        166        LEU         0.18211         0.24163         0.31414         0.27964          0.7313               0               
         A        167        VAL         0.23603         0.21245         0.39054          0.2469          0.7313        0.046834               
         A        168        ILE        0.033248        0.040388        0.011786        0.020236        0.097899               0               
         A        169        ARG         0.20957         0.26999         0.32928         0.27411         0.80055               0               
         A        170        LYS        0.021935        0.042858        0.014413        0.028673         0.12535               0               
         A        171        VAL        0.048691        0.045277        0.080877        0.024072        0.097899               0               
         A        172        GLN         0.15643        0.082865         0.16327        0.062428         0.32394        0.071759               
         A        173        TYR         0.22275         0.18546         0.23001         0.19139         0.66718        0.023042               
         A        174        ALA         0.14844         0.11686      0.00030811               0         0.28611      0.00030811               
         A        175        PRO         0.54064         0.13364         0.62008         0.14254         0.80055         0.36406               
         A        176        GLU          1.2021         0.35848           1.487         0.18795          1.8134          0.7313               
         A        177        ARG         0.86946         0.22154          1.2507               0          1.2507         0.60764               
         A        178        PRO          1.0185         0.28338          1.2485         0.26911          1.5008          0.7313               
         A        179        GLY         0.51675        0.073989               0               0         0.60764         0.40668               
         A        180        PRO          1.1655         0.59343          1.7717          0.2063          2.0009         0.32394               
         A        181        GLN         0.52974          0.4253         0.67245         0.51037          1.6479          0.1542               
         A        182        PRO       0.0067786        0.016353               0               0        0.046834               0               
         A        183        THR         0.56659         0.33159          0.7408         0.37401          1.2507         0.25039               
         A        184        ALA         0.25606        0.083602         0.25039               0         0.36406         0.12535               
         A        185        GLU         0.87117         0.85939           1.257         0.96939          3.0922        0.097899               
         A        186        THR         0.30808         0.32028         0.52604         0.38525          1.0461        0.071759               
         A        187        THR         0.45398         0.15671         0.38484        0.095071         0.80055         0.25039               
         A        188        ARG         0.37083         0.34744         0.54343         0.32501         0.95712               0               
         A        189        GLN         0.94339         0.91355          1.4418         0.95664          3.0922         0.12535               
         A        190        PHE         0.16058         0.13147        0.098518        0.097947         0.40668               0               
         A        191        LEU         0.99784         0.42482          1.3092         0.40137          2.0009          0.5522               
         A        192        MET         0.90929         0.26349          1.0567          0.2617          1.3692         0.66718               
         A        193        SER         0.29248         0.20757        0.011675        0.011367         0.50046      0.00030811               
         A        194        ASP          1.2912         0.48884          2.2153               0          2.2153         0.95712               
         A        195        LYS         0.34352         0.25279         0.50046               0         0.66718               0               
         A        196        PRO         0.18826         0.23467         0.38187         0.24371         0.66718               0               
         A        197        LEU        0.063282        0.094349          0.1208         0.10529         0.28611               0               
         A        198        HIS         0.13675          0.1451         0.22792         0.11963         0.40668               0               
         A        199        LEU       0.0028803       0.0076206       0.0057606       0.0099776        0.023042               0               
         A        200        GLU         0.37961         0.45748         0.65817         0.44697          1.2507               0               
         A        201        ALA         0.05089        0.069055        0.023042               0         0.18458               0               
         A        202        SER        0.080536         0.10312         0.20573        0.080382         0.28611               0               
         A        203        LEU      7.7027e-05      0.00013341      7.7027e-05      0.00013341      0.00030811               0               
         A        204        ASP         0.30731         0.20703         0.30067         0.19857         0.60764      0.00030811               
         A        205        LYS         0.33899         0.48224         0.57574         0.53888          1.6479               0               
         A        206        GLU         0.14165           0.193         0.25498         0.19533         0.45206               0               
         A        207        ILE        0.077368        0.078621         0.12332        0.072096         0.18458               0               
         A        208        TYR       0.0019202       0.0063686               0               0        0.023042               0               
         A        209        TYR         0.46878         0.53631         0.69128         0.53151          1.6479               0               
         A        210        HIS         0.28269          0.4365        0.047736          0.1066          1.3692               0               
         A        211        GLY         0.90812         0.15863               0               0          1.1435          0.7313               
         A        212        GLU         0.23755         0.12497         0.27558        0.072243         0.36406      0.00030811               
         A        213        PRO         0.42911         0.40684         0.80537         0.34042          1.0461      0.00030811               
         A        214        ILE        0.030293        0.039595        0.042414         0.04341        0.097899               0               
         A        215        SER          0.1474         0.24552         0.44189         0.22529         0.66718               0               
         A        216        VAL      8.8031e-05      0.00013919      0.00020541      0.00014524      0.00030811               0               
         A        217        ASN         0.29262         0.28638         0.51527         0.24475         0.87558               0               
         A        218        VAL        0.041875        0.047428        0.074415        0.053799         0.12535               0               
         A        219        HIS          0.2588         0.24102         0.42352         0.16943          0.5522               0               
         A        220        VAL        0.010339        0.025075        0.024125        0.033682        0.071759               0               
         A        221        THR         0.16365         0.18202         0.35844           0.102         0.45206               0               
         A        222        ASN               0               0               0               0               0               0               
         A        223        ASN         0.27899         0.27397         0.50599         0.20275          0.7313               0               
         A        224        THR         0.01403         0.03424               0               0        0.097899               0               
         A        225        ASN         0.78545         0.35038          1.1216        0.084485          1.2507         0.28611               
         A        226        LYS         0.22543         0.23541          0.3196         0.27767          0.7313               0               
         A        227        THR         0.16528         0.13444         0.30153        0.062253         0.36406               0               
         A        228        VAL        0.028719        0.053716        0.015611        0.022078          0.1542               0               
         A        229        LYS         0.87374          1.2821          1.5229           1.417          4.0015               0               
         A        230        LYS         0.32662         0.57828          0.5833          0.6735          1.8134               0               
         A        231        ILE        0.015118        0.032185        0.030235        0.040182        0.097899               0               
         A        232        LYS         0.39625         0.56691         0.70851         0.59918          1.6479               0               
         A        233        ILE        0.039227        0.041032        0.029648         0.03093         0.12535               0               
         A        234        SER        0.023709         0.02739        0.047401        0.024358        0.071759               0               
         A        235        VAL       0.0099824        0.017016       0.0076808        0.010862        0.046834               0               
         A        236        ARG         0.18248         0.26838         0.28676          0.2886         0.66718               0               
         A        237        GLN               0               0               0               0               0               0               
         A        238        TYR         0.12547         0.18772         0.18236         0.20723         0.60764               0               
         A        239        ALA         0.01958         0.03916               0               0        0.097899               0               
         A        240        ASP         0.36299         0.35623         0.69057         0.19612         0.95712               0               
         A        241        ILE         0.11046         0.10387         0.18221        0.082671         0.32394               0               
         A        242        CYS         0.11906        0.092613         0.18458               0         0.25039               0               
         A        243        LEU         0.37775         0.36768         0.16523        0.064195          1.0461        0.071759               
         A        244        PHE          1.2443         0.18656          1.5008               0          1.5008         0.95712               
         A        245        ASN          1.3786         0.91224          2.1699         0.56359          2.7512         0.18458               
         A        246        THR         0.96416         0.47151          1.1882         0.44208          1.8134         0.45206               
         A        247        ALA         0.55647         0.23254         0.87558               0         0.87558         0.21659               
         A        248        GLN         0.78674         0.35791         0.95712               0          1.3692         0.32394               
         A        249        TYR         0.32024         0.22515          0.3524         0.24342         0.80055               0               
         A        250        LYS         0.65988         0.63589          1.0029         0.66386          2.0009        0.023042               
         A        251        CYS         0.15126          0.1197          0.2447         0.11935         0.36406        0.023042               
         A        252        PRO         0.30762         0.21622         0.48646         0.21485         0.66718        0.097899               
         A        253        VAL        0.035572        0.054249               0               0          0.1542               0               
         A        254        ALA        0.062259        0.025403        0.023042               0        0.097899        0.023042               
         A        255        MET         0.96424         0.79373          1.4854         0.82112          2.7512         0.32394               
         A        256        GLU         0.40292         0.20654         0.54587         0.15249         0.80055        0.097899               
         A        257        GLU         0.76796         0.54738          1.0998         0.52959          1.6479         0.25039               
         A        258        ALA        0.048849        0.047166      0.00030811               0         0.12535               0               
         A        259        ASP          1.0092         0.76075           1.586         0.69783          2.7512         0.36406               
         A        260        ASP         0.19618         0.17846         0.30679         0.17576         0.60764               0               
         A        261        THR         0.43667         0.18564         0.58187         0.13377          0.7313         0.18458               
         A        262        VAL        0.062391        0.076583               0               0         0.21659               0               
         A        263        ALA         0.24695         0.20526         0.60764               0         0.60764        0.046834               
         A        264        PRO         0.27836         0.20906         0.35378         0.14623         0.60764               0               
         A        265        SER         0.67379         0.41137          1.0016         0.04448          1.1435        0.071759               
         A        266        SER         0.20419         0.13167         0.29563         0.11105         0.40668               0               
         A        267        THR         0.61308         0.31255         0.85057         0.30832          1.2507         0.28611               
         A        268        PHE         0.14401         0.12998         0.18816          0.1427         0.40668               0               
         A        269        CYS         0.47211         0.23446         0.57992        0.027718         0.87558         0.21659               
         A        270        LYS         0.37112         0.42968         0.61152         0.44447          1.3692               0               
         A        271        VAL         0.39986         0.26033         0.60529         0.24947         0.95712        0.097899               
         A        272        TYR        0.058557        0.040747        0.058187        0.049117          0.1542               0               
         A        273        THR         0.48342         0.20959         0.57328        0.069675         0.80055         0.12535               
         A        274        LEU         0.11975         0.09722         0.06601        0.088989         0.28611      0.00030811               
         A        275        THR         0.30573         0.13919         0.31121         0.13382         0.50046         0.12535               
         A        276        PRO         0.23893        0.064526         0.21718         0.02687         0.36406          0.1542               
         A        277        PHE         0.45486         0.30309         0.64519         0.19444          1.0461               0               
         A        278        LEU         0.11808        0.086705         0.13321        0.094022         0.25039               0               
         A        279        ALA         0.40016         0.22964          0.7313               0          0.7313         0.12535               
         A        280        ASN         0.38836         0.21392         0.50409           0.243         0.80055          0.1542               
         A        281        ASN        0.039311        0.074274        0.054148        0.093787         0.21659               0               
         A        282        ARG         0.56221         0.39912         0.77905         0.33464          1.2507        0.023042               
         A        283        GLU         0.67157         0.23535         0.74237         0.25805          1.0461         0.36406               
         A        284        LYS         0.23555         0.16209         0.30806          0.1748         0.60764        0.046834               
         A        285        ARG          1.1101         0.88018          1.5158         0.84868          3.0922         0.18458               
         A        286        GLY         0.19253        0.098139               0               0         0.32394        0.097899               
         A        287        LEU        0.022233        0.050442        0.038704        0.066682          0.1542               0               
         A        288        ALA      0.00012324      0.00015094               0               0      0.00030811               0               
         A        289        LEU               0               0               0               0               0               0               
         A        290        ASP        0.049604        0.056409        0.099209        0.037983          0.1542               0               
         A        291        GLY        0.059908        0.090949               0               0         0.21659               0               
         A        292        LYS         0.10506         0.11219         0.07725        0.079759         0.36406               0               
         A        293        LEU         0.42939         0.18521         0.51019          0.1885         0.80055          0.1542               
         A        294        LYS          1.4075          1.4758          2.3524          1.3821          4.6267         0.18458               
         A        295        HIS         0.70481           0.316         0.89779         0.25578          1.2507         0.25039               
         A        296        GLU         0.30878         0.23295         0.28503         0.30254         0.87558        0.023042               
         A        297        ASP         0.92043         0.53912          1.2979         0.53849          2.2153         0.45206               
         A        298        THR         0.11679         0.11735        0.015714        0.022006         0.36406               0               
         A        299        ASN         0.16237         0.13688         0.24611         0.12451         0.36406               0               
         A        300        LEU        0.075741        0.066407         0.12015        0.043935          0.1542               0               
         A        301        ALA               0               0               0               0               0               0               
         A        302        SER        0.027838        0.032983        0.023042               0        0.097899               0               
         A        303        SER        0.046591        0.066415               0               0          0.1542               0               
         A        304        THR         0.23179         0.11577         0.19149        0.089291         0.45206        0.071759               
         A        305        LEU         0.42571          0.1062         0.45264         0.12963         0.60764         0.25039               
         A        306        LEU         0.80673          0.1614         0.90252         0.11579          1.0461         0.50046               
         A        307        ARG          1.3431         0.47688         0.95712               0          2.0009         0.80055               
         A        308        GLU            3.33         0.59455          4.0015               0          4.0015          2.4626               
         A        312        ARG          2.8622         0.63723          3.5014               0          3.5014          2.0009               
         A        313        GLU          1.5652         0.41394          1.8134               0          2.2153          1.0461               
         A        314        ILE         0.38592         0.15642         0.35025         0.09597         0.66718         0.21659               
         A        315        LEU         0.41159         0.35842           0.691         0.30407          1.1435        0.046834               
         A        316        GLY               0               0               0               0               0               0               
         A        317        ILE         0.12811        0.055202         0.12774        0.051191         0.18458        0.046834               
         A        318        ILE         0.16393         0.10775         0.21352         0.12279         0.36406        0.023042               
         A        319        VAL        0.047927        0.073849               0               0         0.21659               0               
         A        320        SER           0.122         0.11081         0.26825        0.017863         0.28611      0.00030811               
         A        321        TYR        0.016084        0.031833        0.024088         0.03644        0.097899               0               
         A        322        LYS         0.26874         0.48421         0.48373         0.56394          1.5008               0               
         A        323        VAL        0.020127        0.023624        0.039281        0.022965        0.071759               0               
         A        324        LYS         0.30564         0.55723         0.53051         0.66612          1.8134               0               
         A        325        VAL        0.068137        0.091902         0.13496           0.103         0.25039               0               
         A        326        LYS         0.39997         0.75542         0.71058         0.89988          2.4626               0               
         A        327        LEU        0.055114        0.078251         0.11023        0.078558         0.18458               0               
         A        328        VAL        0.063551        0.085962         0.13292        0.092967         0.25039               0               
         A        329        VAL        0.022029        0.053959               0               0          0.1542               0               
         A        330        SER         0.19476         0.10703         0.25135         0.03476         0.32394               0               
         A        331        ARG         0.46264         0.29481         0.44785         0.35241          1.1435          0.1542               
         A        332        GLY         0.56431         0.13776               0               0          0.7313         0.40668               
         A        333        GLY         0.96458         0.12148               0               0          1.1435         0.80055               
         A        334        LEU          1.0418         0.32121          1.2252         0.36729          1.8134         0.80055               
         A        335        LEU         0.72808         0.47951            1.07         0.43988          1.5008         0.18458               
         A        336        GLY         0.20179         0.10581               0               0         0.32394        0.071759               
         A        337        ASP          0.7631         0.56691          1.1986         0.50823          2.0009         0.28611               
         A        338        LEU           1.043         0.55634          1.4396         0.48755          2.0009         0.32394               
         A        339        ALA         0.50009         0.21692         0.87558               0         0.87558         0.28611               
         A        340        SER         0.50838         0.10638         0.57992        0.027718         0.60764         0.32394               
         A        341        SER        0.023971        0.033791               0               0        0.071759               0               
         A        342        ASP         0.12935         0.11906         0.14985          0.1507         0.40668        0.023042               
         A        343        VAL         0.14092        0.061239         0.10086        0.056275         0.21659        0.023042               
         A        344        ALA         0.36605         0.16553         0.36406               0         0.66718         0.18458               
         A        345        VAL          0.1356         0.10936        0.077136         0.07834         0.32394               0               
         A        346        GLU         0.30333         0.16955         0.34227         0.21002         0.66718        0.023042               
         A        347        LEU        0.020972        0.033147               0               0        0.097899               0               
         A        348        PRO         0.52106         0.32819         0.86871         0.19432          1.1435         0.21659               
         A        349        PHE        0.026875        0.045228      8.8031e-05      0.00013919         0.12535               0               
         A        350        THR         0.07208         0.12115         0.13696         0.16171         0.36406               0               
         A        351        LEU         0.01185        0.023866          0.0237        0.029298        0.071759               0               
         A        352        MET               0               0               0               0               0               0               
         A        353        HIS         0.30953         0.28344           0.512         0.17706         0.80055               0               
         A        354        PRO         0.34764         0.22068         0.59176        0.068982         0.66718        0.097899               
         A        355        LYS         0.73587         0.52772          1.0255          0.5109          1.8134          0.1542               
         A        356        PRO         0.47746         0.13042         0.40097          0.1083         0.66718         0.25039               
         A        357        LYS          1.6531         0.55669          2.0009               0          2.4626         0.80055               
         A        358        GLU          1.3677          0.2446          1.8134               0          1.8134          1.1435               
         A        359        GLU          1.0602         0.38656          1.6479               0          1.6479         0.60764               
         A        360        PRO          1.1498         0.27781          1.1973           0.348          1.6479         0.80055               
         A        361        PRO          1.7744         0.69116          1.5235         0.47742          3.0922          1.0461               
