pdb_id: 
analysis type: unbound
radii_file: F:\psiafrombintisolah\PSAIA-1.0\amac_data\chothia.radii
CX_sRadius: 6
CX_vAtom: 20.1

  chain id|    res id|  res name|     average CX|       s_avg CX|    s-ch avg CX|  s-ch s_avg CX|         max CX|         min CX|               
         A       1834        GLY         0.39282         0.19652               0               0         0.60764         0.12535               
         A       1835        LEU         0.53742          0.3568         0.64783         0.39989          1.2507         0.12535               
         A       1836        ILE         0.38653         0.34449         0.64182          0.3025          1.1435               0               
         A       1837        TYR          0.6635         0.47538         0.85265         0.45352          1.6479        0.097899               
         A       1838        ILE         0.49853         0.42627         0.79615         0.42027          1.5008        0.046834               
         A       1839        ASN          1.2417          0.7851           1.909         0.57332          2.4626         0.40668               
         A       1840        ASP          1.3479         0.77235          2.0305         0.48951          2.7512         0.45206               
         A       1841        SER         0.23724         0.17315         0.40668               0         0.40668               0               
         A       1842        LEU        0.042636         0.04605        0.079512        0.037709         0.12535               0               
         A       1843        TYR         0.10565         0.16032         0.15848         0.17373          0.5522               0               
         A       1844        TYR         0.16597         0.26757         0.24896         0.29451         0.95712               0               
         A       1845        PHE         0.19736         0.14807         0.27919         0.10493         0.40668               0               
         A       1846        LYS         0.90775           1.247          1.5411          1.3757          4.0015               0               
         A       1847        PRO          1.0448          0.2832          1.2757         0.23157          1.5008         0.66718               
         A       1848        PRO         0.78856         0.24851         0.73625        0.090942          1.3692         0.60764               
         A       1849        VAL         0.97155         0.50597          1.5216         0.23018          1.8134         0.45206               
         A       1850        ASN          1.1781         0.68217          1.7668         0.47142          2.4626         0.40668               
         A       1851        ASN         0.22004         0.22833         0.37843         0.22681          0.7313      0.00030811               
         A       1852        LEU         0.28648           0.179         0.36972         0.18947         0.60764        0.097899               
         A       1853        ILE         0.29048         0.33806         0.17329         0.11588          1.1435        0.023042               
         A       1854        THR         0.29114         0.26264         0.32733         0.28565          0.7313        0.046834               
         A       1855        GLY         0.01794        0.031072               0               0        0.071759               0               
         A       1856        PHE          0.3568         0.22287         0.34686         0.17094         0.87558        0.046834               
         A       1857        VAL         0.12484        0.094734        0.090027        0.032532         0.32394      0.00030811               
         A       1858        THR         0.47139         0.20653         0.50864         0.11362         0.87558         0.25039               
         A       1859        VAL         0.39532         0.26248         0.47303         0.35914         0.95712        0.097899               
         A       1860        GLY         0.70167        0.071916               0               0         0.80055         0.60764               
         A       1861        ASP          1.6293          1.0691          2.5465           0.761          3.0922          0.5522               
         A       1862        ASP         0.37457         0.33858         0.59554         0.32621          1.1435               0               
         A       1863        LYS         0.31186         0.43833         0.56129         0.45372          1.3692               0               
         A       1864        TYR        0.086247         0.15388         0.12937         0.17303          0.5522               0               
         A       1865        TYR        0.056585          0.0834        0.084877        0.089622         0.28611               0               
         A       1866        PHE               0               0               0               0               0               0               
         A       1867        ASN        0.082348          0.1344          0.1647         0.15021         0.40668               0               
         A       1868        PRO          0.3241         0.22333         0.36627         0.18977         0.66718               0               
         A       1869        ILE         0.69959         0.38726         0.94156         0.37099          1.5008         0.21659               
         A       1870        ASN         0.51985         0.32678         0.78783         0.26082          1.1435         0.21659               
         A       1871        GLY         0.48939         0.13988               0               0         0.66718         0.28611               
         A       1872        GLY      7.7027e-05      0.00013341               0               0      0.00030811               0               
         A       1873        ALA       0.0093668        0.018734        0.046834               0        0.046834               0               
         A       1874        ALA         0.12125         0.17586               0               0         0.45206               0               
         A       1875        SER        0.023468        0.023366               0               0        0.046834               0               
         A       1876        ILE          0.4668         0.37207         0.65614         0.44063          1.1435        0.097899               
         A       1877        GLY        0.023417        0.023417               0               0        0.046834               0               
         A       1878        GLU         0.29772         0.19451         0.24931        0.082542         0.80055        0.097899               
         A       1879        THR         0.16254         0.18398         0.26753         0.22576          0.5522               0               
         A       1880        ILE         0.43033         0.18264         0.53876         0.14129          0.7313         0.12535               
         A       1881        ILE         0.13543         0.13407         0.15606         0.17667         0.45206               0               
         A       1882        ASP          1.1759         0.76785          1.8472         0.52125          2.2153         0.40668               
         A       1883        ASP          1.4067          1.1079          2.3575         0.80075          3.5014         0.36406               
         A       1884        LYS         0.36421         0.43979         0.61616         0.45065          1.1435               0               
         A       1885        ASN         0.20883         0.27927         0.41765         0.26224          0.7313               0               
         A       1886        TYR        0.016425        0.038323        0.024638        0.044728         0.12535               0               
         A       1887        TYR         0.17025          0.2772         0.25537         0.30581         0.95712               0               
         A       1888        PHE               0               0               0               0               0               0               
         A       1889        ASN         0.13602         0.16585         0.27196         0.13436         0.50046               0               
         A       1890        GLN           1.093         0.70856          1.5985          0.5632          2.2153         0.36406               
         A       1891        SER         0.61027         0.38061          1.0502         0.31892          1.3692         0.18458               
         A       1892        GLY       0.0057606       0.0099776               0               0        0.023042               0               
         A       1893        VAL        0.048397        0.076951         0.11293        0.080808         0.18458               0               
         A       1894        LEU        0.077519         0.10171        0.046298        0.079835         0.25039               0               
         A       1895        GLN          0.3293         0.38654         0.54662         0.39789          1.2507               0               
         A       1896        THR         0.30178         0.16504          0.1746         0.10717         0.60764        0.023042               
         A       1897        GLY        0.049027        0.048873               0               0        0.097899               0               
         A       1898        VAL         0.14863         0.19886        0.077239        0.078239         0.60764               0               
         A       1899        PHE         0.14628         0.15574         0.20268         0.16994         0.45206               0               
         A       1900        SER          0.5558         0.21332         0.80055               0         0.80055         0.25039               
         A       1901        THR         0.20049         0.19418        0.015611        0.022078          0.5522               0               
         A       1902        GLU          1.2371         0.86778          1.6781         0.93607          3.5014         0.32394               
         A       1903        ASP         0.54857         0.27198         0.62999          0.3321          1.1435         0.21659               
         A       1904        GLY         0.10874          0.1112               0               0         0.25039               0               
         A       1905        PHE         0.17305         0.17364         0.27194         0.14314         0.50046               0               
         A       1906        LYS        0.035775        0.052247        0.064395        0.055413          0.1542               0               
         A       1907        TYR        0.099158         0.14631         0.14874         0.15728         0.45206               0               
         A       1908        PHE               0               0               0               0               0               0               
         A       1909        ALA               0               0               0               0               0               0               
         A       1910        PRO         0.22434         0.24187         0.49072         0.09968         0.60764               0               
         A       1911        ALA         0.19383         0.18938         0.32394               0         0.50046               0               
         A       1912        ASN          0.5607         0.40137         0.89507         0.27095          1.2507         0.12535               
         A       1913        THR         0.35879         0.33782         0.22873         0.12031          1.1435        0.071759               
         A       1914        LEU         0.39019         0.38449         0.59888         0.45053          1.3692        0.097899               
         A       1915        ASP          1.1791         0.67797          1.8134         0.32486          2.0009         0.45206               
         A       1916        GLU          1.4249          1.3355           2.361          1.1109          4.0015          0.1542               
         A       1917        ASN        0.012314        0.032348               0               0        0.097899               0               
         A       1918        LEU          0.4811         0.55426         0.90638         0.49945          1.6479               0               
         A       1919        GLU         0.44641         0.31718         0.72168        0.080855         0.87558        0.023042               
         A       1920        GLY               0               0               0               0               0               0               
         A       1921        GLU         0.11177         0.20831         0.20119         0.24519         0.66718               0               
         A       1922        ALA         0.10641         0.15779               0               0         0.40668               0               
         A       1923        ILE        0.069893        0.093845      7.7027e-05      0.00013341         0.21659               0               
         A       1924        ASP         0.62261         0.50962          1.0231         0.42647          1.6479        0.046834               
         A       1925        PHE         0.13881          0.1784         0.20114         0.19694          0.5522               0               
         A       1926        THR         0.35217         0.31353         0.46267         0.41421          1.0461         0.12535               
         A       1927        GLY        0.083796        0.080882               0               0         0.21659               0               
         A       1928        LYS         0.68236         0.48351           1.011         0.40643          1.5008        0.097899               
         A       1929        LEU         0.10639         0.19384         0.15767         0.25996         0.60764               0               
         A       1930        ILE         0.44986          0.2451         0.53669         0.20178         0.87558         0.18458               
         A       1931        ILE         0.53947         0.49599         0.86106         0.52394          1.5008        0.046834               
         A       1932        ASP          1.1542         0.81094          1.8776         0.51577          2.4626         0.36406               
         A       1933        GLU          1.3068          1.1231          2.1242         0.87113          3.0922         0.18458               
         A       1934        ASN         0.23889         0.26926         0.41519         0.26662         0.80055               0               
         A       1935        ILE        0.051058        0.070735         0.10204        0.069344         0.21659               0               
         A       1936        TYR        0.059457         0.10501        0.089185         0.11786         0.36406               0               
         A       1937        TYR         0.14395         0.16261         0.21592         0.15532         0.45206               0               
         A       1938        PHE               0               0               0               0               0               0               
         A       1939        ASP          0.2278         0.28545          0.4439         0.26298         0.66718               0               
         A       1940        ASP          1.0016         0.69584          1.6727         0.24364          1.8134         0.18458               
         A       1941        ASN         0.42689         0.33456          0.6255         0.37512          1.2507          0.1542               
         A       1942        TYR         0.39796         0.54535         0.59695         0.57212          1.8134               0               
         A       1943        ARG         0.17157         0.29004         0.26962          0.3252         0.95712               0               
         A       1944        GLY         0.10288         0.15198               0               0         0.36406      0.00030811               
         A       1945        ALA         0.13861        0.095077        0.071759               0         0.28611        0.046834               
         A       1946        VAL          0.3095         0.21723         0.27895         0.27473         0.66718        0.071759               
         A       1947        GLU         0.57011          0.6673          1.0262         0.57749          1.8134               0               
         A       1948        TRP         0.26444           0.202         0.27615         0.19186         0.60764               0               
         A       1949        LYS         0.38148          0.4441         0.58167         0.50242          1.5008               0               
         A       1950        GLU         0.53794         0.48221         0.81895         0.46207          1.6479        0.023042               
         A       1951        LEU         0.19931         0.13816         0.23202         0.17473         0.50046        0.023042               
         A       1952        ASP           1.319         0.87831          2.0652         0.64637          2.7512         0.45206               
         A       1953        GLY         0.72137          0.2045               0               0          1.0461         0.50046               
         A       1954        GLU         0.43702          0.5023         0.73196         0.49952          1.6479               0               
         A       1955        MET         0.22212         0.29516         0.44423          0.2749         0.87558               0               
         A       1956        HIS        0.019082        0.030329        0.031803        0.033593        0.097899               0               
         A       1957        TYR         0.02702        0.089524        0.040531         0.10712         0.32394               0               
         A       1958        PHE       5.602e-05      0.00011884      8.8031e-05      0.00013919      0.00030811               0               
         A       1959        SER        0.020891        0.046714        0.062673        0.062673         0.12535               0               
         A       1960        PRO         0.26956         0.15113         0.27042         0.10404         0.45206      0.00030811               
         A       1961        GLU          1.1426         0.95511          1.6695           1.004          3.5014         0.32394               
         A       1962        THR         0.34486         0.30527         0.57803         0.33137          1.0461        0.023042               
         A       1963        GLY               0               0               0               0               0               0               
         A       1964        LYS         0.47692         0.77838         0.84909         0.88237          2.4626               0               
         A       1965        ALA        0.052685        0.083936               0               0         0.21659               0               
         A       1966        PHE        0.074246        0.091045         0.11338         0.09358         0.25039               0               
         A       1967        LYS         0.34341         0.14735         0.40476         0.15146         0.66718          0.1542               
         A       1968        GLY        0.069964        0.070552               0               0          0.1542               0               
         A       1969        LEU         0.31898         0.25373         0.25057         0.17952         0.87558        0.071759               
         A       1970        ASN         0.14156         0.16654         0.22724         0.19387          0.5522               0               
         A       1971        GLN         0.37081         0.22518         0.51916         0.18144         0.87558        0.097899               
         A       1972        ILE          0.1263         0.11675        0.092505         0.13395         0.32394               0               
         A       1973        GLY         0.56038         0.11183               0               0         0.66718         0.40668               
         A       1974        ASP          1.0998         0.68646          1.6585          0.5612          2.4626         0.45206               
         A       1975        TYR         0.78956          0.9654          1.1695         0.98204          3.5014               0               
         A       1976        LYS          0.3445         0.47079          0.6201         0.47755          1.3692               0               
         A       1977        TYR        0.034178        0.099825        0.051268         0.11862         0.36406               0               
         A       1978        TYR         0.17595         0.29006         0.26392         0.32091          1.0461               0               
         A       1979        PHE               0               0               0               0               0               0               
         A       1980        ASN         0.14816         0.15647         0.27262         0.13086         0.45206               0               
         A       1981        SER         0.81545         0.53657           1.532         0.28134          1.8134         0.32394               
         A       1982        ASP         0.69328          0.5543          1.1493         0.42815          1.5008        0.071759               
         A       1983        GLY               0               0               0               0               0               0               
         A       1984        VAL        0.056028        0.081673         0.13073        0.076147         0.18458               0               
         A       1985        MET        0.064479        0.078427        0.050259        0.062984         0.21659               0               
         A       1986        GLN         0.24091         0.32674         0.40468         0.36126          1.0461               0               
         A       1987        LYS         0.52405         0.36525         0.59862          0.4288          1.3692          0.1542               
         A       1988        GLY        0.082861        0.071804               0               0          0.1542               0               
         A       1989        PHE         0.38399         0.22024         0.39549         0.19662         0.80055         0.12535               
         A       1990        VAL         0.14483         0.13796         0.15117         0.18168         0.40668               0               
         A       1991        SER         0.43334         0.17038         0.50213        0.050071          0.7313         0.21659               
         A       1992        ILE         0.17968         0.15727         0.20801         0.20696          0.5522      0.00030811               
         A       1993        ASN          1.2639         0.82151          1.9848          0.5513          2.4626         0.45206               
         A       1994        ASP          1.4517         0.96596          2.2771           0.665          2.7512         0.40668               
         A       1995        ASN         0.31724         0.30243         0.53333         0.27956         0.87558               0               
         A       1996        LYS         0.39261         0.46935         0.70663          0.4179          1.3692               0               
         A       1997        HIS       0.0093668        0.018734        0.015611        0.022078        0.046834               0               
         A       1998        TYR         0.11657         0.18015         0.17486         0.19618         0.60764               0               
         A       1999        PHE               0               0               0               0               0               0               
         A       2000        ASP         0.13241         0.16573         0.26475          0.1411         0.50046               0               
         A       2001        ASP          1.1141         0.71856          1.7263         0.51133          2.2153         0.32394               
         A       2002        SER         0.51918         0.37296           0.991          0.2597          1.2507          0.1542               
         A       2003        GLY               0               0               0               0               0               0               
         A       2004        VAL        0.060601        0.089285          0.1414        0.084708         0.21659               0               
         A       2005        MET         0.01185        0.023866         0.01794        0.031072        0.071759               0               
         A       2006        LYS         0.54596         0.86428         0.91497           1.016          2.7512               0               
         A       2007        VAL         0.39122         0.36406         0.54214         0.50362          1.2507        0.097899               
         A       2008        GLY         0.05471        0.043951               0               0        0.097899               0               
         A       2009        TYR         0.12996         0.14716        0.097992         0.11258         0.50046               0               
         A       2010        THR        0.068133        0.094267         0.11866          0.1188         0.28611               0               
         A       2011        GLU         0.45715         0.26913         0.58737         0.19547         0.80055        0.097899               
         A       2012        ILE         0.16589         0.18033         0.21493         0.23334         0.60764               0               
         A       2013        ASP          1.5015          1.0785          2.4193         0.79692          3.5014         0.45206               
         A       2014        GLY         0.54766         0.11816               0               0          0.7313         0.40668               
         A       2015        LYS         0.55142         0.66074         0.93665         0.66929          2.0009               0               
         A       2016        HIS         0.15552         0.20238         0.25919         0.20345          0.5522               0               
         A       2017        PHE       0.0085433        0.018051        0.013425         0.02113        0.046834               0               
         A       2018        TYR        0.086556          0.1516         0.12983         0.16986         0.50046               0               
         A       2019        PHE               0               0               0               0               0               0               
         A       2020        ALA        0.033312          0.0325        0.071759               0        0.071759               0               
         A       2021        GLU          1.9078          1.6054          3.0548          1.2908          4.6267         0.36406               
         A       2022        ASN         0.46019          0.2372         0.58922         0.26442          1.0461         0.18458               
         A       2023        GLY       0.0057606       0.0099776               0               0        0.023042               0               
         A       2024        GLU         0.38095         0.52121         0.68571         0.52917          1.3692               0               
         A       2025        MET         0.13613         0.13619         0.11493        0.061494         0.45206               0               
         A       2026        GLN         0.30842         0.37807         0.52548         0.38617          1.1435               0               
         A       2027        ILE         0.19533          0.1595        0.086138        0.040592          0.5522        0.046834               
         A       2028        GLY               0               0               0               0               0               0               
         A       2029        VAL        0.085924         0.13681        0.015362        0.010862         0.40668               0               
         A       2030        PHE         0.16387         0.19219         0.25082         0.19241         0.50046               0               
         A       2031        ASN          0.5584         0.41866         0.84581         0.37892          1.5008        0.071759               
         A       2032        THR        0.068049        0.091967               0               0         0.25039               0               
         A       2033        GLU         0.75502         0.26282         0.85832         0.27968          1.2507         0.36406               
         A       2034        ASP         0.63952         0.21772         0.70271          0.2623          1.1435         0.45206               
         A       2035        GLY         0.11674         0.11735               0               0         0.25039               0               
         A       2036        PHE         0.11779         0.14946         0.18181         0.15419         0.45206               0               
         A       2037        LYS        0.059114         0.12895         0.10641         0.15779         0.40668               0               
         A       2038        TYR        0.091889         0.14609         0.13783         0.16025         0.50046               0               
         A       2039        PHE               0               0               0               0               0               0               
         A       2040        ALA         0.03084        0.061681          0.1542               0          0.1542               0               
         A       2041        HIS         0.69679         0.57378          1.0989         0.37779          1.6479        0.023042               
         A       2042        HIS         0.39968         0.34092         0.52635         0.35186          1.0461        0.023042               
         A       2043        ASN         0.28462          0.2892         0.50046         0.26525         0.87558               0               
         A       2044        GLU          1.7352          1.6238          2.8071          1.4657          4.6267         0.28611               
         A       2045        ASP         0.95903         0.64512          1.4909         0.48861          2.2153         0.18458               
         A       2046        LEU         0.73967         0.29057         0.72023         0.20007          1.3692         0.45206               
         A       2047        GLY         0.62794         0.28205               0               0          1.0461         0.25039               
         A       2048        ASN        0.073494        0.074023               0               0          0.1542               0               
         A       2049        GLU         0.67791         0.65407          1.1583         0.49574          1.8134               0               
         A       2050        GLU         0.39766         0.24643          0.5973         0.13598          0.7313        0.097899               
         A       2051        GLY               0               0               0               0               0               0               
         A       2052        GLU         0.12502         0.19627         0.22503          0.2164         0.60764               0               
         A       2053        GLU          0.1407         0.14986         0.17646         0.16319         0.36406               0               
         A       2054        ILE         0.18928         0.12606         0.23125         0.13837         0.45206        0.046834               
         A       2055        SER          0.5322         0.19516         0.80055               0         0.80055         0.32394               
         A       2056        TYR         0.18659         0.23237         0.26195         0.25162          0.7313               0               
         A       2057        SER         0.41396         0.35657         0.73373         0.40979          1.1435         0.12535               
         A       2058        GLY        0.076379        0.072194               0               0         0.18458               0               
         A       2059        ILE         0.38696         0.20352         0.52928         0.16407         0.80055         0.12535               
         A       2060        LEU        0.021467        0.040446        0.031337        0.054277         0.12535               0               
         A       2061        ASN         0.57376         0.34946         0.78891         0.28524          1.2507         0.12535               
         A       2062        PHE         0.25377         0.18026         0.34878         0.15615         0.50046        0.046834               
         A       2063        ASN         0.89411         0.57719          1.3445         0.50573          1.8134         0.36406               
         A       2064        ASN          1.5968          1.1294          2.5636         0.81755          3.5014         0.50046               
         A       2065        LYS         0.43553          0.6347         0.73602         0.71787          2.0009               0               
         A       2066        ILE         0.15834         0.20361         0.29874         0.20621         0.60764               0               
         A       2067        TYR        0.036903        0.089413        0.055355         0.10474         0.32394               0               
         A       2068        TYR         0.20988          0.2966         0.31482         0.31452          1.0461               0               
         A       2069        PHE       0.0042576        0.013464               0               0        0.046834               0               
         A       2070        ASP         0.18506         0.26373         0.36436         0.27333         0.80055               0               
         A       2071        ASP          1.1653         0.81575          1.8843         0.53657          2.4626         0.36406               
         A       2072        SER         0.36752         0.24644         0.64113         0.23445         0.87558          0.1542               
         A       2073        PHE         0.28765          0.3657         0.45198         0.36865          1.1435               0               
         A       2074        THR        0.040354         0.06788        0.094158        0.075399         0.18458               0               
         A       2075        ALA          0.0502         0.10009               0               0         0.25039               0               
         A       2076        VAL         0.19635         0.12119         0.13746        0.055952         0.40668        0.046834               
         A       2077        VAL         0.35367         0.25227         0.41546         0.32635         0.87558        0.071759               
         A       2078        GLY       0.0058376        0.009934               0               0        0.023042               0               
         A       2079        TRP         0.43748         0.24628         0.47081         0.24854         0.80055        0.023042               
         A       2080        LYS         0.38856         0.54846         0.66396         0.60622          1.8134               0               
         A       2081        ASP         0.77342         0.64025          1.2803         0.53297          2.0009         0.12535               
         A       2082        LEU         0.18757        0.092295         0.22557         0.10516         0.36406        0.071759               
         A       2083        GLU          1.6581         0.92991          2.4256         0.45897          3.0922         0.45206               
         A       2084        ASP         0.78737         0.41696          1.0104         0.47878          1.8134         0.40668               
         A       2085        GLY         0.10115         0.10671               0               0         0.25039               0               
         A       2086        SER        0.024732        0.045776        0.062673        0.062673         0.12535               0               
         A       2087        LYS         0.26917         0.40373          0.4845         0.43482          1.1435               0               
         A       2088        TYR         0.16876         0.24688         0.25314          0.2647         0.87558               0               
         A       2089        TYR         0.14278         0.24192         0.21417         0.26925         0.87558               0               
         A       2090        PHE               0               0               0               0               0               0               
         A       2091        ASP        0.052821        0.085351         0.10564        0.094812         0.25039               0               
         A       2092        GLU         0.44605         0.30665         0.67612         0.19826          1.0461               0               
         A       2093        ASP         0.81154         0.47323          1.2364         0.29085          1.5008         0.32394               
         A       2094        THR          0.1647          0.1645         0.25848         0.20799          0.5522               0               
         A       2095        ALA               0               0               0               0               0               0               
         A       2096        GLU         0.18687         0.27192         0.33636         0.28777         0.66718               0               
         A       2097        ALA        0.082178          0.1421               0               0         0.36406               0               
         A       2098        TYR         0.67641         0.50064         0.74428         0.51891          1.8134         0.12535               
         A       2099        ILE         0.36641         0.26027         0.53277         0.22932         0.87558      0.00030811               
         A       2100        LEU         0.31704          0.2151         0.31844         0.25014          0.7313        0.071759               
         A       2101        GLU          0.4548         0.38893         0.76267          0.2346          1.1435               0               
         A       2102        HIS         0.81009         0.42972          1.0681          0.2726          1.5008         0.12535               
         A       2103        HIS         0.65012         0.21977         0.63766         0.18488         0.95712         0.25039               
         A       2104        HIS          1.5678         0.27619               0               0          1.8134          1.1435               
