pdb_id: 
analysis type: unbound
radii_file: F:\psiafrombintisolah\PSAIA-1.0\amac_data\chothia.radii
CX_sRadius: 6
CX_vAtom: 20.1

  chain id|    res id|  res name|     average CX|       s_avg CX|    s-ch avg CX|  s-ch s_avg CX|         max CX|         min CX|               
         A        278        GLN          2.7119           1.123          3.5946         0.66384          4.6267          1.2507               
         A        279        ILE          1.2673         0.65967          1.7437           0.606          2.4626          0.5522               
         A        280        SER         0.76385         0.34667           1.116         0.38473          1.5008         0.45206               
         A        281        PHE         0.11987         0.10502         0.17042        0.092872         0.28611               0               
         A        282        ARG         0.86506          1.1344          1.3494          1.1734          3.5014               0               
         A        283        ASP         0.01185        0.023866          0.0237        0.029298        0.071759               0               
         A        284        CYS               0               0               0               0               0               0               
         A        285        ALA       0.0046085        0.009217               0               0        0.023042               0               
         A        286        GLU         0.18609         0.29377          0.3349         0.32484         0.95712               0               
         A        287        VAL               0               0               0               0               0               0               
         A        288        PHE         0.17571         0.26118         0.26942         0.28776          0.7313               0               
         A        289        LYS          1.0961          1.1397          1.5686          1.2914          4.0015      0.00030811               
         A        290        SER         0.47713         0.29957         0.19785         0.12609          1.0461        0.071759               
         A        291        GLY         0.47381         0.12329               0               0         0.66718         0.32394               
         A        292        HIS         0.41119         0.44608         0.64675         0.43487          1.2507               0               
         A        293        THR          0.4719         0.32036         0.75425         0.28892          1.1435         0.12535               
         A        294        THR         0.73168         0.57791          1.3164         0.36967          1.6479        0.071759               
         A        295        ASN         0.23594         0.18573         0.17884         0.11095         0.66718        0.071759               
         A        296        GLY        0.049276        0.052793               0               0         0.12535               0               
         A        297        ILE         0.32366         0.19581         0.27349         0.08521         0.80055          0.1542               
         A        298        TYR         0.18805         0.13421         0.21486         0.15387         0.45206        0.046834               
         A        299        THR         0.42422         0.22023         0.64275         0.16599         0.87558         0.21659               
         A        300        LEU        0.012276        0.032363      7.7027e-05      0.00013341        0.097899               0               
         A        301        THR        0.041701        0.045306        0.073383        0.041781         0.12535               0               
         A        302        PHE         0.10202         0.11664         0.12843         0.13277         0.32394               0               
         A        303        PRO         0.18847         0.14602        0.067115        0.064443         0.45206      0.00030811               
         A        304        ASN          1.3799         0.38832           1.594         0.40074          2.2153         0.87558               
         A        305        SER         0.35477        0.077004         0.28716        0.036776         0.45206         0.25039               
         A        306        THR          1.3341         0.79813          2.1557          0.5122          2.7512         0.45206               
         A        307        GLU           0.696          0.6288          1.1594         0.46637          1.8134               0               
         A        308        GLU         0.70137         0.59501          1.0592         0.57019          1.8134         0.12535               
         A        309        ILE         0.17756        0.099488         0.14008        0.092177         0.36406               0               
         A        310        LYS          1.0309          1.1621          1.7255          1.1595          3.0922         0.12535               
         A        311        ALA      6.1622e-05      0.00012324      0.00030811               0      0.00030811               0               
         A        312        TYR         0.13322         0.24792         0.19982         0.28086         0.87558               0               
         A        313        CYS               0               0               0               0               0               0               
         A        314        ASP         0.11767         0.16316         0.23534         0.15985         0.50046               0               
         A        315        MET        0.012276        0.032363               0               0        0.097899               0               
         A        316        GLU         0.97276          0.8526          1.5306         0.76274          2.7512        0.046834               
         A        317        ALA         0.29202         0.12601         0.36406               0         0.45206        0.071759               
         A        318        GLY         0.81128         0.14354               0               0          1.0461         0.66718               
         A        319        GLY         0.44357         0.14349               0               0         0.60764         0.25039               
         A        320        GLY               0               0               0               0               0               0               
         A        321        GLY               0               0               0               0               0               0               
         A        322        TRP        0.013184        0.047535        0.018458        0.055373         0.18458               0               
         A        323        THR        0.010295        0.025093        0.024022        0.033755        0.071759               0               
         A        324        ILE               0               0               0               0               0               0               
         A        325        ILE        0.060516        0.070999         0.12088        0.052864         0.18458               0               
         A        326        GLN               0               0               0               0               0               0               
         A        327        ARG        0.066313         0.11817         0.10421         0.13414         0.40668               0               
         A        328        ARG       0.0020948       0.0066242               0               0        0.023042               0               
         A        329        GLU         0.29529         0.27024         0.45604         0.26575         0.95712               0               
         A        330        ASP         0.42879         0.17821         0.52407         0.13197          0.7313          0.1542               
         A        331        GLY         0.34031         0.25605               0               0          0.7313        0.097899               
         A        332        SER         0.72392         0.31031         0.59168         0.13962          1.3692         0.45206               
         A        333        VAL         0.25311         0.14492         0.16167         0.14634         0.45206        0.023042               
         A        334        ASP         0.45164         0.24419         0.65689        0.092372         0.80055        0.046834               
         A        335        PHE        0.015039        0.025313        0.016942        0.027603        0.071759               0               
         A        336        GLN         0.56364         0.52002         0.90097         0.47036          1.5008        0.046834               
         A        337        ARG          0.1632         0.23989         0.25316           0.261         0.80055               0               
         A        338        THR         0.15862         0.21443         0.37011         0.17034         0.60764               0               
         A        339        TRP         0.17174         0.17999         0.24041         0.16986         0.45206               0               
         A        340        LYS          1.2792          1.3999          2.2636          1.1599          3.5014               0               
         A        341        GLU         0.23302         0.31078         0.41944         0.30929         0.95712               0               
         A        342        TYR               0               0               0               0               0               0               
         A        343        LYS         0.31201         0.57697         0.56162         0.67751          1.8134               0               
         A        344        VAL         0.47851         0.35861         0.77013         0.34569          1.2507        0.071759               
         A        345        GLY         0.14974         0.20637               0               0         0.50046      0.00030811               
         A        346        PHE        0.081509         0.10816        0.030942        0.075791         0.28611               0               
         A        347        GLY          0.3781        0.072521               0               0         0.50046         0.32394               
         A        348        ASN         0.55208         0.63402           1.024         0.59699          2.0009        0.023042               
         A        349        PRO        0.051168        0.099054        0.095473          0.1348         0.28611               0               
         A        350        SER         0.50511         0.20672         0.73387        0.066687         0.80055         0.18458               
         A        351        GLY         0.10605        0.095554               0               0         0.21659               0               
         A        352        GLU       0.0079732        0.022552               0               0        0.071759               0               
         A        353        TYR               0               0               0               0               0               0               
         A        354        TRP        0.010599        0.032371        0.014839        0.037471         0.12535               0               
         A        355        LEU        0.078518        0.062428        0.094362        0.058003          0.1542               0               
         A        356        GLY               0               0               0               0               0               0               
         A        357        ASN               0               0               0               0               0               0               
         A        358        GLU         0.20059         0.20466         0.36106         0.13212         0.50046               0               
         A        359        PHE        0.047464        0.077643        0.074587        0.086315         0.21659               0               
         A        360        VAL        0.036014        0.058898        0.084034        0.063711          0.1542               0               
         A        361        SER               0               0               0               0               0               0               
         A        362        GLN         0.27885         0.40799         0.50186         0.43326          1.2507               0               
         A        363        LEU        0.028284        0.053066        0.056567        0.063498          0.1542               0               
         A        364        THR               0               0               0               0               0               0               
         A        365        ASN         0.29416          0.2182         0.27592         0.13915          0.7313               0               
         A        366        GLN          0.6444         0.38252         0.67974         0.44204          1.5008         0.25039               
         A        367        GLN         0.37161         0.19898         0.49439         0.14529          0.7313               0               
         A        368        ARG         0.54608         0.32517         0.76027         0.12694         0.95712               0               
         A        369        TYR       0.0019202       0.0063686       0.0028803       0.0076206        0.023042               0               
         A        370        VAL        0.017277         0.03386        0.040314        0.041791        0.097899               0               
         A        371        LEU        0.027944        0.048797        0.055888        0.056573         0.12535               0               
         A        372        LYS         0.15094          0.2303          0.2717         0.25031         0.60764               0               
         A        373        ILE        0.014824        0.026421        0.029648         0.03093        0.071759               0               
         A        374        HIS        0.072435         0.11053        0.090543         0.11676         0.40668               0               
         A        375        LEU               0               0               0               0               0               0               
         A        376        LYS         0.73606          1.2805          1.3249          1.4735          4.0015               0               
         A        377        ASP               0               0               0               0               0               0               
         A        378        TRP        0.075936         0.12065        0.043984        0.072706         0.40668               0               
         A        379        GLU           0.549          0.2571         0.57495         0.24744          1.0461         0.25039               
         A        380        GLY         0.68613         0.24188               0               0          1.0461         0.36406               
         A        381        ASN         0.45507          0.4148         0.74855         0.39343          1.3692      0.00030811               
         A        382        GLU         0.58446          0.4806         0.86397         0.46867          1.5008        0.097899               
         A        383        ALA        0.014352        0.028703        0.071759               0        0.071759               0               
         A        384        TYR         0.22212         0.30639         0.33029         0.32505         0.87558               0               
         A        385        SER      5.1351e-05      0.00011483      0.00015405      0.00015405      0.00030811               0               
         A        386        LEU        0.087844          0.1475         0.17569         0.16757         0.45206               0               
         A        387        TYR        0.018067        0.032927          0.0271        0.037168        0.097899               0               
         A        388        GLU         0.53274         0.49336         0.92499         0.30071          1.3692               0               
         A        389        HIS          0.1148         0.14679         0.19134         0.14583         0.40668               0               
         A        390        PHE        0.046033        0.065475        0.072338        0.069527         0.21659               0               
         A        391        TYR         0.30406          0.5063         0.45609          0.5614          1.8134               0               
         A        392        LEU               0               0               0               0               0               0               
         A        393        SER         0.01196        0.026743        0.035879        0.035879        0.071759               0               
         A        394        SER         0.16109         0.16401         0.38537        0.021313         0.40668               0               
         A        395        GLU         0.28406         0.34384         0.51131         0.31082         0.87558               0               
         A        396        GLU         0.88803         0.48115          1.2548         0.31669          1.6479         0.28611               
         A        397        LEU         0.43191         0.50731         0.82518         0.44825          1.3692               0               
         A        398        ASN         0.17518         0.22972         0.35036         0.21017         0.60764               0               
         A        399        TYR       0.0019202       0.0063686       0.0028803       0.0076206        0.023042               0               
         A        400        ARG         0.30659         0.38688         0.48178         0.38833          1.1435               0               
         A        401        ILE        0.031337        0.054277        0.031337        0.054277         0.12535               0               
         A        402        HIS         0.15668         0.18797         0.26113          0.1778         0.60764               0               
         A        403        LEU         0.16757         0.17493        0.066419        0.032585         0.60764        0.023042               
         A        404        LYS         0.79242         0.72851           1.321         0.56652          2.2153        0.046834               
         A        405        GLY          0.2998         0.22867               0               0         0.60764      0.00030811               
         A        406        LEU         0.32278         0.32527        0.088558        0.066014          1.0461               0               
         A        407        THR         0.44025           0.302         0.66832         0.27364          1.0461        0.071759               
         A        408        GLY         0.23534         0.15985               0               0         0.50046        0.071759               
         A        409        THR         0.54522         0.35167         0.79449         0.41455          1.3692         0.25039               
         A        410        ALA        0.027951        0.017565               0               0        0.046834               0               
         A        411        GLY         0.21882        0.052136               0               0         0.28611          0.1542               
         A        412        LYS           2.265          1.9166          3.4352          1.8724          6.5023         0.50046               
         A        413        ILE         0.66964         0.49053          1.0647         0.37447          1.6479        0.023042               
         A        414        SER         0.11937        0.059755        0.062673        0.062673         0.18458               0               
         A        415        SER               0               0               0               0               0               0               
         A        416        ILE          0.1223         0.06603         0.13397        0.041578         0.21659               0               
         A        417        SER          0.2692         0.16531         0.35277         0.25487         0.60764        0.097899               
         A        418        GLN         0.71652         0.25726         0.63689         0.17726          1.2507         0.40668               
         A        419        PRO          1.2505         0.51013          1.7656         0.16643          2.0009          0.5522               
         A        420        GLY         0.21769         0.10593               0               0         0.36406        0.071759               
         A        421        ASN        0.039614        0.046272        0.043045        0.051219         0.12535               0               
         A        422        ASP        0.071808         0.10763         0.14362         0.11338         0.28611               0               
         A        423        PHE               0               0               0               0               0               0               
         A        424        SER               0               0               0               0               0               0               
         A        425        THR        0.013543        0.025061               0               0        0.071759               0               
         A        426        LYS         0.46544         0.38636         0.66083         0.40388          1.3692               0               
         A        427        ASP         0.52537         0.28125         0.43016         0.27732         0.95712        0.071759               
         A        428        GLY         0.16266         0.14372               0               0         0.40668        0.046834               
         A        429        ASP         0.37192         0.18908         0.31635         0.11962         0.80055         0.12535               
         A        430        ASN         0.18353         0.22465         0.24049         0.29094          0.7313        0.023042               
         A        431        ASP        0.057325        0.095835               0               0         0.28611               0               
         A        432        LYS          0.9616         0.79833          1.3705          0.8486          2.7512         0.12535               
         A        433        CYS         0.17121        0.087742        0.092288        0.092288         0.25039               0               
         A        434        ILE          1.6239         0.93129          2.3503          0.8217          3.5014         0.80055               
         A        435        CYS         0.49237         0.19362         0.48585         0.12179         0.80055         0.25039               
         A        436        LYS         0.76278         0.82431          1.3006         0.75312          2.2153      0.00030811               
         A        437        CYS      5.1351e-05      0.00011483               0               0      0.00030811               0               
         A        438        SER               0               0               0               0               0               0               
         A        439        GLN         0.57617         0.45088         0.85323         0.41553          1.3692      0.00030811               
         A        440        MET         0.68669         0.79276          1.2281         0.81468          2.2153        0.071759               
         A        441        LEU         0.05498         0.07748         0.10996        0.077207         0.21659               0               
         A        442        THR         0.01403         0.03424        0.032736        0.046078        0.097899               0               
         A        443        GLY               0               0               0               0               0               0               
         A        444        GLY               0               0               0               0               0               0               
         A        445        TRP      2.2008e-05       7.935e-05      3.0811e-05      9.2433e-05      0.00030811               0               
         A        446        TRP        0.031914        0.050943         0.04468        0.055344         0.12535               0               
         A        447        PHE               0               0               0               0               0               0               
         A        448        ASP         0.30104         0.34808         0.59029         0.27307         0.87558               0               
         A        449        ALA         0.60014         0.37549         0.50046               0          1.2507          0.1542               
         A        450        CYS         0.26873         0.19073         0.16939        0.015187         0.66718        0.097899               
         A        451        GLY         0.37991         0.14804               0               0          0.5522         0.21659               
         A        452        PRO          0.1523         0.13404         0.14752        0.059316         0.40668               0               
         A        453        SER      5.1351e-05      0.00011483               0               0      0.00030811               0               
         A        454        ASN               0               0               0               0               0               0               
         A        455        LEU       0.0087731        0.016236        0.017546         0.01932        0.046834               0               
         A        456        ASN               0               0               0               0               0               0               
         A        457        GLY               0               0               0               0               0               0               
         A        458        MET         0.29732         0.45759         0.59457         0.49201          1.3692               0               
         A        459        TYR         0.12267         0.13441        0.065518        0.060219         0.50046               0               
         A        460        TYR           0.141         0.17585         0.18997         0.19463          0.5522               0               
         A        461        PRO         0.26418          0.2682          0.5605         0.11145         0.66718               0               
         A        462        GLN         0.54684         0.56573         0.93546         0.48441          1.8134      0.00030811               
         A        463        ARG           1.372         0.81575          1.8474         0.62131          3.0922         0.25039               
         A        464        GLN         0.67517         0.84408          1.1674         0.85482          2.7512               0               
         A        465        ASN        0.014824        0.026421        0.029648         0.03093        0.071759               0               
         A        466        THR         0.37014         0.26233         0.61685         0.11943          0.7313               0               
         A        467        ASN          1.0285         0.63888            1.61         0.30549          2.0009         0.21659               
         A        468        LYS         0.20341         0.22255         0.31111         0.24507         0.60764               0               
         A        469        PHE          0.5871         0.30594          0.7759           0.211          1.0461          0.1542               
         A        470        ASN        0.086961          0.1614         0.14258         0.20728         0.50046               0               
         A        471        GLY               0               0               0               0               0               0               
         A        472        ILE       0.0028803       0.0076206               0               0        0.023042               0               
         A        473        LYS          0.1126         0.14854         0.20261         0.14657         0.40668               0               
         A        474        TRP        0.020445        0.030081        0.028624        0.032136        0.097899               0               
         A        475        TYR         0.48414         0.59812         0.71397         0.61421          2.0009               0               
         A        476        TYR         0.28335         0.37886         0.37552         0.42539          1.3692               0               
         A        477        TRP         0.14428         0.18149         0.11704         0.15677          0.5522               0               
         A        478        LYS         0.20418         0.12742          0.1496        0.087663         0.50046      0.00030811               
         A        479        GLY         0.17447        0.078245               0               0         0.25039        0.071759               
         A        480        SER           1.123         0.70394          2.0552         0.40737          2.4626          0.5522               
         A        481        GLY         0.17087         0.17595               0               0         0.45206               0               
         A        482        TYR        0.025279        0.052131        0.035038        0.061163         0.18458               0               
         A        483        SER               0               0               0               0               0               0               
         A        484        LEU       0.0089698        0.023732               0               0        0.071759               0               
         A        485        LYS         0.34928           0.561         0.62865         0.62521          1.6479               0               
         A        486        ALA        0.025069        0.050139         0.12535               0         0.12535               0               
         A        487        THR      4.4016e-05      0.00010782               0               0      0.00030811               0               
         A        488        THR        0.016942        0.027603        0.039531        0.029747        0.071759               0               
         A        489        MET         0.06367        0.096647         0.12734         0.10283         0.28611               0               
         A        490        MET       0.0057991       0.0099559       0.0058376        0.009934        0.023042               0               
         A        491        ILE        0.028965        0.060776        0.057929        0.075562         0.18458               0               
         A        492        ARG        0.078599         0.19022         0.12351         0.22653         0.66718               0               
         A        493        PRO        0.017995        0.043826        0.041885        0.059016         0.12535               0               
         A        494        ALA         0.38071          0.3517         0.18458               0         0.95712               0               
         A        495        ASP          1.0508         0.51818          1.3607         0.57218          2.2153         0.60764               
         A        496        PHE         0.22881         0.17611         0.14088         0.11591          0.5522               0               
         A        497        GLY          1.9384         0.61891               0               0          2.7512          1.2507               
