pdb_id: 
analysis type: unbound
radii_file: F:\psiafrombintisolah\PSAIA-1.0\amac_data\chothia.radii
CX_sRadius: 6
CX_vAtom: 20.1

  chain id|    res id|  res name|     average CX|       s_avg CX|    s-ch avg CX|  s-ch s_avg CX|         max CX|         min CX|               
         A        219        GLY          4.1087         0.79001               0               0          5.4306          3.5014               
         A        220        SER         0.91782         0.37288          0.7313               0          1.6479         0.66718               
         A        221        HIS         0.87176         0.14598          1.0461               0          1.0461         0.66718               
         A        222        HIS          1.4816          1.0877          2.0684          1.0497          4.0015         0.50046               
         A        223        HIS         0.98287         0.71465          1.3996         0.64297          2.4626         0.28611               
         A        224        HIS         0.82676         0.25144         0.96512         0.21396          1.3692         0.40668               
         A        225        HIS           1.137          0.3868           1.331         0.37959          1.8134          0.7313               
         A        226        HIS          1.6356          0.5002               0               0          2.2153         0.95712               
         A        227        GLY          1.9316          0.2837               0               0          2.2153          1.6479               
         A        228        SER          1.7769         0.62428          2.4626               0          2.4626         0.87558               
         A        229        GLY         0.65434         0.28304               0               0          1.0461         0.36406               
         A        230        THR         0.65417         0.51461          1.1648         0.35596          1.6479        0.071759               
         A        231        ASP         0.28567         0.13008         0.35126         0.10162         0.50046        0.097899               
         A        232        ILE        0.040071        0.081064        0.068357         0.10551         0.25039               0               
         A        233        THR        0.071385        0.060013        0.091245        0.048227          0.1542               0               
         A        234        ASN          1.0489         0.72544          1.5246         0.75137          2.7512         0.36406               
         A        235        GLN         0.62902         0.37856         0.86973         0.35063          1.2507         0.25039               
         A        236        LEU         0.18213         0.17163               0               0         0.50046               0               
         A        237        THR         0.32328         0.23263          0.7313               0          0.7313        0.071759               
         A        238        ASN         0.90468         0.65363          1.4245         0.53429          2.2153         0.18458               
         A        239        VAL         0.29166         0.22394         0.13543        0.026541         0.80055        0.097899               
         A        240        THR         0.53154         0.35889         0.88306         0.26127          1.2507         0.18458               
         A        241        VAL         0.26554         0.32678       0.0001027      0.00014524         0.95712               0               
         A        242        GLY         0.20674         0.12525               0               0         0.32394      0.00030811               
         A        243        ILE         0.16917         0.15666        0.054754        0.045019         0.50046               0               
         A        244        ASP         0.63093         0.49599          1.0288         0.40748          1.5008        0.071759               
         A        245        SER         0.40177         0.26353         0.13977        0.014428         0.87558         0.12535               
         A        246        GLY         0.63807         0.21729               0               0         0.87558         0.32394               
         A        247        THR          1.1717         0.88856           2.126         0.44208          2.7512         0.21659               
         A        248        THR         0.21585         0.12892          0.2385         0.16616         0.45206        0.046834               
         A        249        VAL        0.035901         0.05657        0.083564        0.059089         0.12535               0               
         A        250        TYR         0.32947         0.44966         0.47962         0.48525          1.6479               0               
         A        251        PRO         0.11748         0.13923        0.015611        0.022078         0.36406               0               
         A        252        HIS         0.26235         0.21019         0.15129        0.088943         0.80055        0.046834               
         A        253        GLN         0.79379          0.3836           1.001         0.37618          1.5008         0.28611               
         A        254        ALA         0.72438          0.1878          1.0461               0          1.0461         0.50046               
         A        255        GLY         0.17944         0.10881               0               0         0.32394        0.023042               
         A        256        TYR          0.3587         0.40455         0.43095         0.47578          1.5008               0               
         A        257        VAL        0.086227         0.11829         0.14464         0.15545         0.36406               0               
         A        258        LYS         0.73408          1.2667          1.3213          1.4534          4.0015               0               
         A        259        LEU        0.037862        0.059742        0.075725        0.065353          0.1542               0               
         A        260        ASN         0.16613         0.17052         0.31431         0.11519         0.50046               0               
         A        261        TYR        0.027826        0.059538       0.0088116        0.016215         0.21659               0               
         A        262        GLY        0.099535        0.042437               0               0          0.1542        0.046834               
         A        263        PHE         0.11179         0.11927          0.1536         0.12248         0.40668               0               
         A        264        SER         0.14285         0.16888         0.36909        0.082975         0.45206               0               
         A        265        VAL          0.2169         0.15459         0.18953        0.076917         0.50046               0               
         A        266        PRO         0.32179         0.13855         0.21129        0.083245          0.5522         0.12535               
         A        267        ASN         0.62053         0.22981         0.91635        0.040773         0.95712         0.32394               
         A        268        SER          1.0292         0.37535          1.3445         0.46889          1.8134         0.60764               
         A        269        ALA         0.16613         0.11734               0               0         0.32394               0               
         A        270        VAL          0.3558         0.26724         0.63993         0.14357         0.80055        0.071759               
         A        271        LYS         0.30348          0.1545         0.40668               0          0.5522         0.12535               
         A        272        GLY         0.14321        0.065632               0               0         0.25039        0.071759               
         A        273        ASP        0.027518        0.043781        0.055037        0.048155         0.12535               0               
         A        274        THR        0.062181        0.099782         0.14509         0.10584         0.25039               0               
         A        275        PHE        0.043095        0.058149         0.06772        0.060381         0.18458               0               
         A        276        LYS          0.5415         0.74691         0.96528         0.77446          2.2153               0               
         A        277        ILE         0.01185        0.023866          0.0237        0.029298        0.071759               0               
         A        278        THR         0.24203          0.2389          0.4747           0.188          0.7313               0               
         A        279        VAL         0.14121        0.064387         0.13685        0.047664         0.21659        0.046834               
         A        280        PRO         0.14817        0.084549        0.067012        0.064549         0.25039               0               
         A        281        LYS          1.0971          1.3501          1.8104          1.4573          4.6267        0.023042               
         A        282        GLU         0.30498         0.33088         0.49889         0.32103          1.0461               0               
         A        283        LEU         0.02801        0.050282        0.050259        0.062984          0.1542               0               
         A        284        ASN        0.034725        0.058818        0.057665        0.073873         0.18458               0               
         A        285        LEU          0.2594         0.13229         0.37867        0.077181         0.50046        0.097899               
         A        286        ASN         0.11192        0.094042         0.16881        0.094321         0.32394               0               
         A        287        GLY         0.13733        0.075516               0               0         0.25039        0.046834               
         A        288        VAL         0.26956         0.24221         0.40171         0.28474         0.80055               0               
         A        289        THR        0.091314         0.12425         0.20539         0.11453         0.36406               0               
         A        290        SER         0.38299         0.34216         0.28716        0.036776          1.0461               0               
         A        291        THR          0.6462         0.27116          1.1435               0          1.1435         0.45206               
         A        292        ALA         0.60079         0.29857         0.28611               0          1.1435         0.28611               
         A        293        LYS          1.2108         0.33605          1.8134               0          1.8134         0.80055               
         A        294        VAL          0.3407         0.24228        0.083001        0.054132          0.7313        0.023042               
         A        295        PRO         0.23368         0.15963         0.15267        0.095515         0.40668      0.00030811               
         A        296        PRO         0.40582         0.37498         0.73592         0.32559          1.0461      0.00030811               
         A        297        ILE        0.024441        0.041318        0.043122        0.051155         0.12535               0               
         A        298        MET         0.48588         0.30353         0.70534          0.2056          1.0461        0.023042               
         A        302        GLN          1.6847          1.1619          2.7512          1.2504          4.0015          0.5522               
         A        303        VAL         0.43171         0.27723         0.54578          0.3652          1.0461         0.18458               
         A        304        LEU         0.12778          0.1256         0.25229         0.15439         0.40668        0.046834               
         A        305        ALA               0               0               0               0               0               0               
         A        306        ASN         0.58672         0.47839          1.0299         0.24545          1.3692        0.071759               
         A        307        GLY          0.2156         0.26345               0               0         0.66718        0.023042               
         A        308        VAL         0.37664         0.32133         0.68234         0.25721          1.0461      0.00030811               
         A        309        ILE         0.36738         0.19206         0.35971        0.090914         0.80055         0.12535               
         A        310        ASP         0.18714         0.11012         0.10165        0.062864         0.36406      0.00030811               
         A        311        SER          1.0184         0.30191          1.3692               0          1.3692          0.5522               
         A        312        ASP          0.7105         0.38635         0.95174         0.41792          1.6479         0.32394               
         A        313        GLY         0.17843         0.10186               0               0         0.28611        0.023042               
         A        314        ASN        0.044595        0.067142        0.089189        0.070983         0.18458               0               
         A        315        VAL        0.010251         0.02511         0.02392        0.033827        0.071759               0               
         A        316        ILE         0.11464         0.12886         0.21182          0.1181         0.36406               0               
         A        317        TYR        0.016317        0.036485        0.024475        0.042392        0.097899               0               
         A        318        THR         0.20624         0.22906          0.4486         0.13129         0.60764               0               
         A        319        PHE         0.14262         0.15765          0.2034         0.16723         0.40668               0               
         A        320        THR         0.10928        0.080915         0.18458               0         0.18458               0               
         A        321        ASP          1.1102         0.97393           1.919         0.76221          3.0922         0.18458               
         A        322        TYR         0.52371         0.32522         0.66786         0.30811          1.1435         0.12535               
         A        323        VAL        0.060169        0.056088        0.051401        0.072691          0.1542               0               
         A        324        ASN          0.5122         0.37357         0.52076         0.31802          1.1435        0.046834               
         A        325        THR          0.7892         0.33955          1.3692               0          1.3692         0.45206               
         A        326        LYS         0.12256        0.098425        0.046834               0         0.28611      0.00030811               
         A        327        CYS         0.36801         0.18944         0.54768         0.18362          0.7313         0.12535               
         A        328        ASP         0.80175         0.24514          1.2507               0          1.2507         0.60764               
         A        329        VAL         0.25606        0.083602         0.25039               0         0.36406         0.12535               
         A        330        LYS          0.2585         0.14065         0.40668               0         0.45206         0.12535               
         A        331        ALA         0.13469        0.065991        0.071759               0         0.25039        0.071759               
         A        332        THR         0.39204          0.3187         0.69958         0.24592          1.0461        0.046834               
         A        333        LEU        0.026581        0.027927        0.011521        0.011521        0.071759               0               
         A        334        THR         0.13683         0.16239         0.27975         0.15656         0.50046               0               
         A        335        MET        0.090094        0.079126         0.13824        0.081037         0.25039               0               
         A        336        PRO         0.05847        0.073916        0.096117        0.090085         0.21659               0               
         A        337        ALA               0               0               0               0               0               0               
         A        338        TYR        0.049364           0.054        0.071166        0.053836         0.18458               0               
         A        339        ILE         0.12885        0.062726         0.17818         0.03974         0.21659        0.023042               
         A        340        ASP        0.043574        0.084474        0.087148         0.10234         0.25039               0               
         A        341        PRO         0.21001         0.24355         0.44814         0.18774         0.60764               0               
         A        342        GLU         0.61022         0.70763          1.0733         0.64532          1.8134               0               
         A        343        ASN         0.31264         0.23773         0.36773         0.24665          0.7313        0.046834               
         A        344        VAL          0.0795        0.096442         0.13715          0.1171         0.28611               0               
         A        345        LYS         0.33191         0.37357          0.5778         0.33723          1.1435               0               
         A        346        LYS          1.3798          1.9859          2.4262          2.1516          6.5023      0.00030811               
         A        347        THR         0.32067         0.28857          0.2041         0.10333         0.95712        0.071759               
         A        348        GLY          0.2536         0.15772               0               0         0.40668        0.046834               
         A        349        ASN         0.76403         0.44937         0.99311         0.48723          1.8134         0.32394               
         A        350        VAL         0.23585         0.10863         0.33891        0.050349         0.40668        0.046834               
         A        351        THR         0.47093         0.29046         0.68255         0.32596          1.1435          0.1542               
         A        352        LEU         0.12603        0.069463         0.17282        0.064238         0.25039        0.046834               
         A        353        ALA         0.21352         0.11236         0.40668               0         0.40668        0.071759               
         A        354        THR        0.031307        0.042826       0.0077835         0.01079        0.097899               0               
         A        355        GLY      7.7027e-05      0.00013341               0               0      0.00030811               0               
         A        356        ILE         0.15213         0.10008         0.12399        0.079316         0.28611               0               
         A        357        GLY          0.4907         0.14889               0               0         0.66718         0.32394               
         A        358        SER          1.3733         0.47803          2.0143         0.20095          2.2153         0.95712               
         A        359        THR         0.34045         0.22271          0.4604         0.24794         0.80055        0.071759               
         A        360        THR         0.48947         0.12665         0.52005        0.065008          0.7313         0.36406               
         A        361        ALA         0.16121        0.035311         0.18458               0         0.21659         0.12535               
         A        362        ASN         0.59627         0.30769         0.71684         0.34877          1.2507         0.28611               
         A        363        LYS         0.29837         0.26955         0.45248         0.27644         0.95712        0.046834               
         A        364        THR         0.46985         0.21954         0.64275         0.16599         0.87558         0.21659               
         A        365        VAL        0.033659        0.024872        0.015714        0.022006        0.071759               0               
         A        366        LEU         0.20631         0.27807         0.40103         0.28052         0.87558               0               
         A        367        VAL        0.010251         0.02511               0               0        0.071759               0               
         A        368        ASP         0.16602         0.22184         0.33205         0.20808          0.5522               0               
         A        369        TYR        0.025485        0.055068      3.8514e-05       0.0001019         0.18458               0               
         A        370        GLU         0.55359         0.17047         0.54239          0.1379         0.80055         0.25039               
         A        371        LYS         0.73943         0.24918          1.1435               0          1.1435         0.45206               
         A        372        TYR         0.34301         0.27665         0.32971         0.30896         0.87558        0.023042               
         A        373        GLY          0.1013        0.059486               0               0          0.1542      0.00030811               
         A        374        LYS         0.40951         0.24719         0.43044         0.26995         0.95712          0.1542               
         A        375        PHE         0.42516          0.3688         0.62446         0.31863          1.0461               0               
         A        376        TYR         0.65164         0.58235         0.88118         0.59206          2.0009        0.046834               
         A        377        ASN        0.096047         0.09802         0.05471        0.043951         0.28611               0               
         A        378        LEU       0.0029188       0.0076067      7.7027e-05      0.00013341        0.023042               0               
         A        379        SER               0               0               0               0               0               0               
         A        380        ILE               0               0               0               0               0               0               
         A        381        LYS        0.038545        0.053408         0.06938        0.054726          0.1542               0               
         A        382        GLY        0.062596         0.10842               0               0         0.25039               0               
         A        383        THR         0.10466        0.088491         0.13746        0.055952         0.25039               0               
         A        384        ILE         0.15751         0.11215        0.061572         0.05163         0.36406               0               
         A        385        ASP         0.15502         0.22002         0.30427          0.2284         0.66718               0               
         A        386        GLN         0.30598         0.39964         0.55077         0.39073          1.2507               0               
         A        387        ILE        0.063593        0.070911         0.10917        0.070283         0.18458               0               
         A        388        ASP         0.11938          0.1655         0.23877         0.16209         0.45206               0               
         A        389        LYS          1.0332         0.69282          1.5261         0.54075          2.4626         0.25039               
         A        390        THR         0.81132         0.60309          1.2971         0.64995          2.2153         0.36406               
         A        391        ASN         0.68484          0.5787          1.1397         0.49975          1.6479         0.12535               
         A        392        ASN         0.10635         0.15927         0.18814         0.18857         0.50046               0               
         A        393        THR        0.086241         0.13518         0.20123         0.13964         0.36406               0               
         A        394        TYR        0.040695        0.047067        0.061043        0.045616         0.12535               0               
         A        395        ARG         0.40455         0.56452         0.63572         0.59484          1.5008               0               
         A        396        GLN        0.054127        0.095139        0.097429         0.10988         0.28611               0               
         A        397        THR               0               0               0               0               0               0               
         A        398        ILE        0.020972        0.033147        0.041944        0.036302        0.097899               0               
         A        399        TYR         0.03807        0.080085        0.057105        0.092376         0.21659               0               
         A        400        VAL        0.028158        0.046768        0.065702        0.051351         0.12535               0               
         A        401        ASN      3.8514e-05       0.0001019               0               0      0.00030811               0               
         A        402        PRO        0.064227          0.1145       0.0001027      0.00014524         0.32394               0               
         A        403        SER         0.18943         0.22826        0.023417        0.023417         0.66718               0               
         A        404        GLY         0.38701          0.2948               0               0         0.87558          0.1542               
         A        405        ASP          0.2044         0.14257         0.28213         0.13835         0.50046               0               
         A        406        ASN         0.34971         0.18635         0.52809        0.057994         0.60764        0.097899               
         A        407        VAL      4.4016e-05      0.00010782               0               0      0.00030811               0               
         A        408        ILE        0.062946         0.10549         0.14687         0.11679         0.28611               0               
         A        409        ALA         0.13943        0.055068         0.21659               0         0.21659        0.046834               
         A        410        PRO        0.013543        0.025061               0               0        0.071759               0               
         A        411        VAL        0.059737        0.084534         0.13171        0.086469         0.25039               0               
         A        412        LEU        0.025168        0.051118        0.050259        0.062984          0.1542               0               
         A        413        THR         0.03228        0.055592         0.07532        0.063003          0.1542               0               
         A        414        GLY               0               0               0               0               0               0               
         A        415        ASN         0.17385         0.16366         0.28613         0.16028          0.5522               0               
         A        416        LEU         0.22348         0.19111         0.35917         0.18085          0.5522        0.023042               
         A        417        LYS         0.25286         0.43511         0.40472         0.53422          1.3692               0               
         A        418        PRO         0.48269         0.16367         0.59075          0.1786         0.80055         0.25039               
         A        419        ASN          1.5502         0.65328           2.117         0.44862          2.7512         0.87558               
         A        420        THR         0.39215         0.11985         0.33086        0.096255         0.60764         0.21659               
         A        421        ASP          1.0922         0.81158          1.7799         0.54727          2.2153         0.12535               
         A        422        SER         0.12385         0.17311               0               0         0.50046               0               
         A        423        ASN        0.057048        0.093913        0.096079         0.11675         0.28611               0               
         A        424        ALA        0.057293        0.081515        0.023042               0         0.21659               0               
         A        425        LEU         0.17886         0.24127          0.3397         0.25242          0.7313               0               
         A        426        ILE       0.0058376        0.009934      7.7027e-05      0.00013341        0.023042               0               
         A        427        ASP        0.040071        0.081064        0.080142        0.099657         0.25039               0               
         A        428        GLN         0.52842          0.3512         0.77721         0.25516          1.2507        0.046834               
         A        429        GLN          1.1649          1.3309          1.8534          1.4534          4.6267         0.18458               
         A        430        ASN         0.12786         0.14547         0.21331         0.16073         0.45206               0               
         A        431        THR        0.041193        0.075766               0               0         0.21659               0               
         A        432        SER         0.44599         0.28401         0.80344        0.072138         0.87558        0.097899               
         A        433        ILE         0.17828         0.10717          0.1068        0.049506         0.40668        0.046834               
         A        434        LYS         0.60139          0.8391          1.0779         0.86972          2.4626               0               
         A        435        VAL               0               0               0               0               0               0               
         A        436        TYR        0.065443         0.14054        0.098164         0.16253         0.45206               0               
         A        437        LYS          0.3459         0.62798         0.61802         0.73699          2.0009               0               
         A        438        VAL        0.013587        0.025037       0.0001027      0.00014524        0.071759               0               
         A        439        ASP         0.84992         0.37193         0.99526         0.41428          1.6479         0.36406               
         A        440        ASN         0.58972         0.36932           0.904         0.23535          1.2507        0.071759               
         A        441        ALA         0.43681         0.18044          0.7313               0          0.7313         0.25039               
         A        442        ALA         0.62895         0.19321         0.95712               0         0.95712         0.45206               
         A        443        ASP         0.52072         0.26731         0.65332         0.32135          1.1435         0.25039               
         A        444        LEU         0.26211         0.12506         0.16332         0.04374         0.50046        0.097899               
         A        445        SER        0.064061        0.075936               0               0         0.21659               0               
         A        446        GLU         0.22299         0.27256         0.39671         0.25639         0.80055               0               
         A        447        SER       0.0078057        0.017454               0               0        0.046834               0               
         A        448        TYR        0.016294        0.035649       0.0087346        0.016256         0.12535               0               
         A        449        PHE         0.28141         0.20676         0.34141         0.22852         0.66718      0.00030811               
         A        450        VAL         0.34445         0.11203         0.26812        0.086612          0.5522          0.1542               
         A        451        ASN         0.29856          0.1894         0.46316         0.12584         0.60764        0.071759               
         A        452        PRO         0.24459         0.23374          0.5037        0.068598          0.5522               0               
         A        453        GLU           1.066         0.99023          1.6319          1.0133          3.5014         0.21659               
         A        454        ASN         0.49611         0.31992         0.60495         0.38798          1.2507         0.12535               
         A        455        PHE         0.15372        0.094116         0.11022        0.070753         0.36406      0.00030811               
         A        456        GLU         0.50704          0.3798         0.78345         0.27212          1.2507               0               
         A        457        ASP          0.2934         0.18434         0.31885         0.16663         0.60764        0.046834               
         A        458        VAL        0.068931         0.12276         0.12914         0.16637         0.36406               0               
         A        459        THR        0.095377          0.1018         0.11506        0.097733         0.25039               0               
         A        460        ASN          1.4104         0.97024          2.1538          0.8502          3.5014         0.40668               
         A        461        SER         0.53243         0.15067         0.66947        0.061832          0.7313         0.32394               
         A        462        VAL        0.067285          0.1097               0               0         0.28611               0               
         A        463        ASN          0.3137         0.26809         0.53884         0.19497         0.80055               0               
         A        464        ILE         0.37317         0.22993         0.27026        0.053673         0.95712         0.21659               
         A        465        THR         0.33983         0.39015         0.64623         0.42773          1.2507      0.00030811               
         A        466        PHE         0.16699         0.16845         0.10347         0.10401         0.60764               0               
         A        467        PRO         0.44344          0.4014         0.15117         0.18168          1.2507               0               
         A        468        ASN         0.61859         0.51151         0.99773         0.47772          1.6479         0.12535               
         A        469        PRO          1.1096         0.56512          1.6951         0.37175          2.2153          0.5522               
         A        470        ASN         0.32345         0.31228         0.50967         0.32072          1.0461               0               
         A        471        GLN        0.091737         0.18025         0.16513         0.21532          0.5522               0               
         A        472        TYR        0.091199         0.10201          0.1368        0.096805         0.32394               0               
         A        473        LYS         0.49355         0.87793         0.88839          1.0181          2.7512               0               
         A        474        VAL       0.0066906        0.016389        0.015611        0.022078        0.046834               0               
         A        475        GLU         0.43614         0.54926         0.78505         0.51878          1.3692               0               
         A        476        PHE        0.090669        0.051645        0.097231        0.058929         0.18458               0               
         A        477        ASN         0.57324         0.30398         0.69214         0.30711          1.1435        0.071759               
         A        478        THR         0.19228        0.091563         0.14687         0.11679         0.28611      0.00030811               
         A        479        PRO          1.0877         0.30527          1.3544          0.2459          1.6479          0.7313               
         A        480        ASP         0.56059         0.28421         0.66401         0.36467          1.2507         0.28611               
         A        481        ASP         0.46132         0.40748         0.77534         0.35555          1.3692               0               
         A        482        GLN           0.141         0.19415         0.27954         0.22536          0.5522               0               
         A        483        ILE        0.022194        0.050459        0.044311        0.064139          0.1542               0               
         A        484        THR         0.59863         0.48487          1.0252         0.45965          1.6479          0.1542               
         A        485        THR         0.10892         0.11366         0.13486         0.10313         0.28611               0               
         A        486        PRO       0.0067346        0.016371        0.015611        0.022078        0.046834               0               
         A        487        TYR        0.081011         0.13352         0.12148         0.14774         0.45206               0               
         A        488        ILE        0.028965        0.060776        0.057929        0.075562         0.18458               0               
         A        489        VAL        0.024597        0.044191        0.041782        0.059089         0.12535               0               
         A        490        VAL        0.073038        0.074075         0.15471        0.024183         0.18458               0               
         A        491        VAL        0.010026        0.016991        0.015611        0.022078        0.046834               0               
         A        492        ASN          0.3266         0.28423         0.58111         0.15557         0.80055               0               
         A        493        GLY      7.7027e-05      0.00013341               0               0      0.00030811               0               
         A        494        HIS         0.23955         0.27948         0.39925         0.25772         0.80055               0               
         A        495        ILE        0.034848        0.045597        0.065702        0.051351         0.12535               0               
         A        496        ASP         0.16929         0.19859         0.30239         0.20448          0.5522               0               
         A        497        PRO         0.46799         0.17862         0.61685         0.11943          0.7313          0.1542               
         A        498        ASN          1.0569         0.47643          1.4594         0.35474          1.8134          0.5522               
         A        499        SER         0.41081          0.2489         0.10381        0.080767          0.7313        0.023042               
         A        500        LYS          1.5192          1.2644          2.2597          1.2751          4.0015         0.40668               
         A        501        GLY         0.27349         0.08521               0               0         0.40668         0.18458               
         A        502        ASP         0.19647         0.16865         0.27859         0.20043         0.60764        0.046834               
         A        503        LEU         0.18349         0.11711         0.21742         0.14845         0.45206        0.046834               
         A        504        ALA       0.0093668        0.018734               0               0        0.046834               0               
         A        505        LEU        0.020972        0.033147        0.041944        0.036302        0.097899               0               
         A        506        ARG         0.34382         0.55167           0.537         0.61284          1.8134               0               
         A        507        SER        0.032589        0.044841        0.074195        0.051152         0.12535               0               
         A        508        THR        0.020502        0.032417        0.047839        0.033827        0.071759               0               
         A        509        LEU       0.0058543        0.015489        0.011709         0.02028        0.046834               0               
         A        510        TYR         0.37433         0.58487          0.5615         0.63876          2.0009               0               
         A        511        GLY               0               0               0               0               0               0               
         A        512        TYR         0.18685         0.32988         0.27739         0.37228          1.1435               0               
         A        513        ASN        0.078774        0.066198        0.090331        0.080701         0.21659               0               
         A        514        SER         0.87038         0.33634          1.3099        0.059229          1.3692         0.45206               
         A        515        ASN          0.8422         0.61078          1.3011         0.55969          2.0009         0.21659               
         A        516        ILE         0.41868         0.33969          0.6688         0.29435          1.1435        0.071759               
         A        517        ILE         0.36176         0.31451         0.65143         0.14897         0.80055               0               
         A        518        TRP         0.27549         0.25857         0.27946         0.26419         0.80055        0.023042               
         A        519        ARG         0.30874         0.35376         0.46092         0.36317          1.2507               0               
         A        520        SER         0.28431         0.11271         0.29563         0.11105         0.40668        0.097899               
         A        521        MET         0.16872         0.21505         0.27069         0.26506         0.60764               0               
         A        522        SER         0.22961         0.17493         0.23922         0.16746         0.50046        0.023042               
         A        523        TRP         0.20033         0.22819         0.27815         0.22728         0.80055               0               
         A        524        ASP         0.24185         0.18528         0.29999         0.18341         0.60764      0.00030811               
         A        525        ASN         0.10259        0.096504        0.074382         0.10339         0.25039               0               
         A        526        GLU         0.76976         0.39068         0.93308         0.42598          1.6479         0.32394               
         A        527        VAL         0.61191         0.26809          0.3247        0.031826          1.0461         0.28611               
         A        528        ALA         0.66361         0.12223         0.87558               0         0.87558         0.50046               
         A        529        PHE         0.71867         0.16783         0.73533         0.19123         0.95712         0.40668               
         A        530        ASN         0.51134         0.16258         0.44235         0.14246          0.7313         0.28611               
         A        531        ASN          1.3598         0.56297           1.858         0.35725          2.2153          0.7313               
         A        532        GLY         0.46097         0.22065               0               0         0.80055         0.18458               
         A        533        SER         0.70852         0.70593          1.5079         0.70736          2.2153          0.1542               
         A        534        GLY         0.15385        0.090857               0               0         0.28611        0.046834               
         A        535        SER         0.57312         0.49245          1.2289         0.27182          1.5008          0.1542               
         A        536        GLY         0.46075          0.2634               0               0         0.87558         0.21659               
         A        537        ASP          0.8568         0.42272           1.223         0.25683          1.6479         0.32394               
         A        538        GLY         0.65195         0.42164               0               0          1.3692         0.28611               
         A        539        ILE          0.6958         0.30665          1.1435               0          1.1435         0.36406               
         A        540        ASP          1.2699         0.53304          2.2153               0          2.2153         0.80055               
         A        541        CYS          1.8941           1.145          1.0461               0          4.0015         0.95712               
