pdb_id: 
analysis type: unbound
radii_file: F:\psiafrombintisolah\PSAIA-1.0\amac_data\chothia.radii
CX_sRadius: 6
CX_vAtom: 20.1

  chain id|    res id|  res name|     average CX|       s_avg CX|    s-ch avg CX|  s-ch s_avg CX|         max CX|         min CX|               
         B        308        LEU          2.7754          1.2175          3.7425         0.99427          4.6267          1.3692               
         B        309        PRO         0.94677         0.28006          1.1733          0.2561          1.5008         0.60764               
         B        310        THR          1.1148         0.55945          1.6689          0.4378          2.2153         0.66718               
         B        311        TYR         0.58437         0.33248         0.60342         0.38716          1.3692         0.12535               
         B        312        ARG         0.74711          0.4119          1.5008               0          1.5008         0.40668               
         B        313        TYR          0.4593         0.20793         0.42117         0.22961         0.80055          0.1542               
         B        314        PRO         0.17278         0.14948         0.25832         0.14954         0.36406               0               
         B        315        LEU         0.37456         0.43769         0.69897         0.41105          1.1435      0.00030811               
         B        316        GLU         0.20327         0.18542          0.5522               0          0.5522               0               
         B        317        LEU         0.50521         0.24372         0.40668               0         0.95712         0.28611               
         B        318        ASP         0.17374        0.042655         0.12535               0         0.25039         0.12535               
         B        319        THR         0.92719         0.39264          1.6479               0          1.6479         0.60764               
         B        320        ALA         0.97021         0.15892          1.1435               0          1.1435          0.7313               
         B        321        ASN         0.86671         0.55898          1.1785         0.65301          2.2153         0.40668               
         B        322        ASN         0.91927         0.49714          1.3692               0          1.6479         0.36406               
         B        323        ARG          1.4366             1.7          2.1213          1.8023          5.4306          0.1542               
         B        324        VAL         0.47337         0.28234         0.32394               0         0.95712          0.1542               
         B        325        GLN         0.36712          0.1317         0.37304         0.15661         0.60764         0.21659               
         B        326        VAL         0.64583         0.16494         0.66718               0         0.95712         0.50046               
         B        327        ALA         0.22974         0.13062        0.071759               0         0.45206        0.071759               
         B        328        ASP         0.95606         0.47024          1.8134               0          1.8134         0.50046               
         B        329        ARG         0.47916         0.34927          0.6507         0.30473          1.2507      0.00030811               
         B        330        PHE         0.25175         0.26441         0.38207         0.25034          0.7313               0               
         B        331        GLY         0.23109        0.088597               0               0         0.36406         0.12535               
         B        332        MET         0.39418         0.24711         0.58361         0.21266         0.80055        0.097899               
         B        333        ARG        0.070612        0.061988        0.082198        0.058366          0.1542               0               
         B        334        THR         0.69382         0.51241          1.1632         0.46078          1.8134         0.21659               
         B        335        GLY         0.13053        0.075739               0               0         0.21659        0.023042               
         B        336        THR         0.13451         0.10534         0.32394               0         0.32394               0               
         B        337        TRP               0               0               0               0               0               0               
         B        338        THR         0.44652         0.38835         0.80351         0.31701          1.2507               0               
         B        339        GLY         0.10125         0.10977               0               0         0.28611      0.00030811               
         B        340        GLN         0.41386         0.45453         0.68679         0.45105          1.3692        0.046834               
         B        341        LEU         0.11688        0.030589         0.13977        0.014428          0.1542        0.071759               
         B        342        GLN        0.039421        0.051168         0.12535               0         0.12535               0               
         B        343        TYR               0               0               0               0               0               0               
         B        344        GLN         0.41489         0.46729         0.73282         0.40659          1.5008               0               
         B        345        HIS         0.14661         0.13981         0.15275         0.15244         0.45206               0               
         B        346        PRO         0.98576         0.29361          1.1733          0.2561          1.5008         0.66718               
         B        347        GLN         0.71565         0.20732         0.87558               0          1.0461          0.5522               
         B        348        LEU         0.23163         0.21404         0.31445         0.24288          0.7313               0               
         B        349        SER         0.60032         0.45779         0.93481         0.43434          1.3692        0.071759               
         B        350        TRP        0.058906        0.091135        0.023963        0.064576         0.28611               0               
         B        351        ARG          1.2359          1.3109          1.7767          1.3735          4.6267          0.1542               
         B        352        ALA          0.1818         0.10686         0.32394               0         0.32394        0.046834               
         B        353        ASN         0.91635         0.58072          1.2618         0.56951          2.2153         0.32394               
         B        354        VAL         0.22221         0.13556         0.25166         0.12606         0.40668        0.023042               
         B        355        THR         0.50588         0.22992         0.75802         0.08715         0.87558         0.25039               
         B        356        LEU        0.055639        0.055361        0.057929        0.075562         0.18458               0               
         B        357        ASN         0.48909          0.5016           0.942         0.30218          1.3692               0               
         B        358        LEU        0.014627        0.020019       0.0058376        0.009934        0.046834               0               
         B        359        MET         0.37527         0.56129         0.75054         0.59028          1.5008               0               
         B        360        LYS        0.043114        0.072231        0.077604        0.081943         0.21659               0               
         B        361        VAL         0.22265         0.25693         0.42623         0.27361         0.80055               0               
         B        362        ASP         0.34548         0.39299         0.66718         0.31787          1.1435               0               
         B        363        ASP         0.49409         0.50899         0.88214         0.45592          1.5008               0               
         B        364        TRP         0.50893         0.56742         0.71251         0.55291          1.8134               0               
         B        365        LEU       0.0090083        0.023718        0.018017        0.031028        0.071759               0               
         B        366        VAL          0.1081         0.11044          0.2209        0.073903         0.32394               0               
         B        367        LEU        0.067154        0.074471         0.12252        0.067461         0.18458               0               
         B        368        SER         0.16696         0.22717         0.46579         0.14185         0.60764               0               
         B        369        PHE         0.12138         0.17672         0.18076          0.1979         0.50046               0               
         B        370        SER         0.46967         0.31292         0.87884        0.078285         0.95712        0.071759               
         B        371        GLN         0.97322         0.78645          1.4086         0.78135          2.7512         0.18458               
         B        372        MET         0.21304         0.12184         0.28101        0.073857         0.40668               0               
         B        373        THR         0.40745          0.2392         0.43012         0.10973         0.87558         0.12535               
         B        374        THR        0.061043        0.064159        0.051401        0.072691          0.1542               0               
         B        375        ASN         0.51037         0.55426         0.95799         0.45799          1.6479               0               
         B        376        SER           0.113         0.16159         0.30313         0.14893         0.45206               0               
         B        377        ILE        0.033743        0.046434       0.0059147       0.0098895         0.12535               0               
         B        378        MET         0.18959         0.27829         0.36767         0.30223         0.80055               0               
         B        379        ALA         0.27433         0.24049          0.7313               0          0.7313        0.071759               
         B        380        ASP          0.4557         0.36357         0.77626         0.21783          1.0461        0.023042               
         B        381        GLY        0.011709         0.02028               0               0        0.046834               0               
         B        382        LYS         0.22966         0.33413          0.4134         0.35356          1.0461               0               
         B        383        PHE        0.083078         0.10262         0.13055         0.10174         0.28611               0               
         B        384        VAL        0.053628        0.061848        0.023292        0.019121         0.18458               0               
         B        385        ILE        0.043657        0.058337        0.075605        0.065983         0.18458               0               
         B        386        ASN         0.25449         0.37073         0.50897         0.38125          1.1435               0               
         B        387        PHE        0.031462        0.049416         0.04944          0.0543          0.1542               0               
         B        388        VAL          0.5583         0.30625         0.54514         0.13164          1.1435        0.097899               
         B        389        SER         0.73177         0.57101          1.5008               0          1.5008        0.071759               
         B        390        GLY         0.27196         0.13436               0               0         0.50046          0.1542               
         B        391        LEU         0.14809         0.21038       0.0057606       0.0099776         0.66718               0               
         B        392        SER         0.30227         0.14216         0.29563         0.11105         0.50046        0.071759               
         B        393        SER          1.4033         0.78496          2.4832         0.26794          2.7512          0.7313               
         B        394        GLY         0.60206         0.27905               0               0         0.87558         0.25039               
         B        395        TRP        0.034428        0.060638       0.0093227        0.015448         0.21659               0               
         B        396        GLN         0.62639         0.55375          1.0098         0.46282          1.8134        0.023042               
         B        397        THR         0.29151         0.16637         0.44626         0.11519          0.5522        0.046834               
         B        398        GLY         0.18758         0.11559               0               0         0.36406        0.071759               
         B        399        ASP        0.040306        0.082799               0               0         0.25039               0               
         B        400        THR         0.02726        0.033032        0.040314        0.041791        0.097899               0               
         B        401        GLU         0.47099         0.58823         0.84779          0.5508          1.6479               0               
         B        402        PRO        0.069082         0.12333        0.015714        0.022006         0.36406               0               
         B        403        SER         0.56222         0.43389         0.38537        0.021313          1.3692        0.071759               
         B        404        SER          0.5354         0.12685         0.62631         0.17425         0.80055         0.40668               
         B        405        THR          1.2888         0.62019          1.9256          0.4006          2.4626         0.66718               
         B        406        ILE          0.7063         0.65866          1.1415         0.67253          2.2153        0.023042               
         B        407        ASP         0.56489         0.26206         0.50149         0.13822          1.1435         0.25039               
         B        408        PRO         0.32052         0.25861         0.40214         0.29129          0.7313        0.023042               
         B        409        LEU         0.14355         0.20194        0.029648         0.03093         0.60764               0               
         B        410        SER         0.21102         0.11471          0.3464        0.060286         0.40668        0.046834               
         B        411        THR         0.55129         0.27557         0.51088         0.26566          1.0461         0.25039               
         B        412        THR         0.17597         0.10676         0.32394               0         0.32394        0.023042               
         B        413        PHE           0.549          0.2994         0.64959         0.30989          1.2507         0.25039               
         B        414        ALA         0.12494        0.075128      0.00030811               0         0.21659      0.00030811               
         B        415        ALA         0.44175         0.27529         0.95712               0         0.95712         0.25039               
         B        416        VAL        0.038583         0.04938               0               0         0.12535               0               
         B        417        GLN         0.27014          0.3925         0.48625         0.41499          1.2507               0               
         B        418        PHE       0.0042857        0.013455       0.0067346        0.016371        0.046834               0               
         B        419        LEU        0.050146        0.087223         0.10029         0.10093         0.21659               0               
         B        420        ASN         0.44893         0.37809         0.70018         0.36675          1.1435               0               
         B        421        ASN           1.052         0.42429          1.8134               0          1.8134          0.5522               
         B        422        GLY         0.93985         0.22073               0               0          1.2507          0.7313               
         B        423        GLN          1.2656          1.2892          2.1098          1.1707          4.0015        0.023042               
         B        424        ARG         0.69017         0.46119         0.88268         0.44701          1.5008        0.071759               
         B        425        ILE         0.33844         0.23431         0.50544         0.20637          0.7313        0.023042               
         B        426        ASP         0.90078         0.34571          1.1664         0.22721          1.5008         0.36406               
         B        427        ALA         0.10409        0.084859               0               0         0.25039               0               
         B        428        PHE         0.34482         0.33369         0.53847         0.26792         0.95712               0               
         B        429        ARG       0.0041895       0.0088873       0.0065835        0.010409        0.023042               0               
         B        430        ILE         0.06513         0.10716         0.13026         0.12034         0.32394               0               
         B        431        MET       0.0028803       0.0076206               0               0        0.023042               0               
         B        432        GLY               0               0               0               0               0               0               
         B        433        VAL        0.017907        0.043862        0.041782        0.059089         0.12535               0               
         B        434        SER        0.074881         0.12042               0               0         0.32394               0               
         B        435        GLU         0.55299         0.48431         0.91303         0.34569          1.3692               0               
         B        436        TRP        0.082833         0.10709        0.044561        0.078277         0.36406               0               
         B        437        THR         0.36233         0.39063         0.67909         0.41355          1.2507               0               
         B        438        ASP         0.99899         0.67531          1.6414         0.28778          2.0009         0.28611               
         B        439        GLY         0.03855        0.066771               0               0          0.1542               0               
         B        440        GLU         0.44828         0.58611         0.80691         0.57355          1.5008               0               
         B        441        LEU        0.015118        0.032185        0.024475        0.042392        0.097899               0               
         B        442        GLU         0.14019         0.20009         0.25234         0.20921         0.50046               0               
         B        443        ILE        0.014863          0.0264        0.029725        0.030856        0.071759               0               
         B        444        LYS         0.44935         0.67938         0.80883         0.73488          2.0009               0               
         B        445        ASN       0.0089698        0.023732               0               0        0.071759               0               
         B        446        TYR         0.34734         0.22601         0.37564         0.22952         0.80055        0.046834               
         B        447        GLY        0.087904         0.05859               0               0          0.1542      0.00030811               
         B        448        GLY         0.33193         0.15356               0               0          0.5522         0.12535               
         B        449        THR         0.40202          0.3289         0.66742         0.33716          1.1435        0.023042               
         B        450        TYR         0.29345         0.25636         0.18612         0.16285         0.95712               0               
         B        451        THR         0.37847         0.24155         0.49131         0.31755         0.87558        0.097899               
         B        452        GLY         0.42689         0.11673               0               0         0.60764         0.32394               
         B        453        HIS        0.065878         0.12464               0               0         0.40668               0               
         B        454        THR         0.49209         0.56151         0.92408         0.63162          1.8134        0.071759               
         B        455        GLN         0.29929         0.39325         0.53871          0.3865          1.0461               0               
         B        456        VAL               0               0               0               0               0               0               
         B        457        TYR         0.18073         0.26409         0.27109         0.28305          0.7313               0               
         B        458        TRP        0.076025        0.096692        0.096615         0.10435         0.28611               0               
         B        459        ALA         0.24118         0.23196         0.66718               0         0.66718               0               
         B        460        PRO         0.54715          0.2438         0.77939        0.068012         0.87558         0.25039               
         B        461        TRP          0.1045         0.10068         0.11117          0.1125         0.32394               0               
         B        462        THR         0.52344         0.42743         0.92578         0.32325          1.3692        0.071759               
         B        463        ILE         0.14404        0.069752         0.12477        0.084109         0.21659               0               
         B        464        MET         0.23294         0.20264         0.44189         0.22529         0.66718        0.046834               
         B        465        TYR        0.037935        0.061659        0.056864        0.068028         0.21659               0               
         B        466        PRO         0.12193         0.16092         0.28441         0.11927         0.45206               0               
         B        467        CYS       0.0038404       0.0085874               0               0        0.023042               0               
         B        468        ASN         0.79591         0.52262          1.0378         0.56487          2.0009         0.21659               
         B        469        VAL         0.45251         0.41543         0.17398         0.19687          1.3692        0.023042               
         B        470        ARG          0.6674         0.22966         0.81852         0.17481          1.0461         0.40668               
