pdb_id: 
analysis type: unbound
radii_file: F:\psiafrombintisolah\PSAIA-1.0\amac_data\chothia.radii
CX_sRadius: 10
CX_vAtom: 20.1

  chain id|    res id|  res name|     average CX|       s_avg CX|    s-ch avg CX|  s-ch s_avg CX|         max CX|         min CX|               
         A         29        THR          1.2574           0.239         0.89452               0          1.5414         0.89452               
         A         30        VAL          1.5843         0.53173           2.144          0.2318          2.3079         0.82805               
         A         31        SER          1.2826         0.27356          1.0532        0.010114          1.8162          1.0431               
         A         32        HIS          2.7005          1.1856          3.4855         0.87155          4.4841          1.1265               
         A         33        GLU          1.3039         0.31351          1.5263          0.1507          1.6718         0.73665               
         A         34        VAL         0.80163         0.14605          0.9101         0.13373          1.0233         0.57877               
         A         35        ALA         0.35854        0.068651         0.24789               0         0.44721         0.24789               
         A         36        ASP         0.72193         0.15033         0.82611         0.14028          1.0633          0.5669               
         A         37        CYS         0.39976        0.061465         0.36656       0.0044805         0.48855         0.31068               
         A         38        SER         0.71986         0.16656         0.75235        0.044177         0.96601         0.49926               
         A         39        HIS          1.3259         0.32044          1.5135          0.2156          1.8944         0.75124               
         A         40        LEU          0.9691          0.2129         0.95941         0.25254          1.3682         0.72229               
         A         41        LYS          2.0004          1.3215          2.8136          1.2811          5.1293         0.87746               
         A         42        LEU         0.58936         0.11837         0.56671         0.11637         0.73665         0.40809               
         A         43        THR          1.1057         0.31463          1.4479         0.11776          1.5728         0.75124               
         A         44        GLN          1.4673         0.82341          2.0737         0.62193          2.8592         0.59082               
         A         45        VAL         0.42105         0.17458         0.25328        0.060904         0.70818         0.19084               
         A         46        PRO         0.57982         0.14183         0.44855        0.082844         0.79653         0.35323               
         A         47        ASP          1.5533         0.39785          1.8719         0.27053          2.2061          1.0233               
         A         48        ASP           1.785         0.39083          2.0311         0.38648          2.4164          1.3682               
         A         49        LEU         0.60251         0.28649         0.34133        0.083281          1.0233         0.20461               
         A         50        PRO         0.81417         0.17469         0.86551         0.14201          1.0633         0.48855               
         A         51        THR            1.23         0.25078            1.49         0.15347          1.7065         0.96601               
         A         52        ASN          1.6131         0.88079          2.3789          0.6108          3.0862         0.73665               
         A         53        ILE         0.35206         0.12559         0.26079         0.11486         0.51013        0.085404               
         A         54        THR         0.57172         0.20201         0.79897        0.065571         0.86069         0.37104               
         A         55        VAL         0.44142         0.17116         0.62685        0.070258         0.72229         0.23312               
         A         56        LEU         0.17067        0.068151          0.1078        0.029384         0.27072        0.068705               
         A         57        ASN         0.42272          0.1328         0.53642        0.078317         0.62811         0.25541               
         A         58        LEU        0.086598        0.045311        0.080402        0.025877         0.16423       0.0067513               
         A         59        THR         0.34337         0.12476         0.45868        0.084913         0.57877         0.19084               
         A         60        HIS         0.72646         0.39963         0.99699          0.2791          1.4232          0.2187               
         A         61        ASN           0.244        0.056228         0.20319         0.04994         0.30248         0.13878               
         A         62        GLN          1.0549         0.54153          1.4688         0.36331          1.8548         0.41767               
         A         63        LEU         0.23806        0.089091         0.16639         0.06458          0.3445        0.057855               
         A         64        ARG          1.7418          1.3325          2.4154          1.2411          4.2099         0.48855               
         A         65        ARG          1.2454         0.74251          1.6952         0.54846          2.3613         0.29439               
         A         66        LEU         0.28271         0.14137         0.14732        0.052133         0.44721         0.10263               
         A         67        PRO         0.71545         0.16385         0.85875         0.12683         0.96601         0.51013               
         A         68        ALA         0.65676        0.017407         0.68063               0         0.68063         0.62811               
         A         69        ALA          1.3048         0.40265          2.0647               0          2.0647         0.98474               
         A         70        ASN         0.75947         0.21389         0.90864         0.15923           1.084         0.43722               
         A         71        PHE         0.30581          0.1554         0.19862        0.067503         0.54369         0.10263               
         A         72        THR          1.0695         0.33573          1.4003         0.24342          1.7421         0.66718               
         A         73        ARG           1.066         0.32363          1.2212         0.30373          1.7065         0.69429               
         A         74        TYR         0.36297         0.14688          0.3935         0.15289         0.70818         0.15137               
         A         75        SER         0.66587          0.1821          0.8925         0.11132          1.0038         0.48855               
         A         76        GLN         0.85491         0.38933          1.1432         0.29165          1.5108         0.44721               
         A         77        LEU         0.20461         0.10673         0.10565        0.041976         0.36208        0.068705               
         A         78        THR         0.53607         0.12595          0.6728        0.043954         0.72229         0.38012               
         A         79        SER         0.36198        0.077772         0.46289        0.025665         0.48855         0.26302               
         A         80        LEU         0.18309        0.052318          0.1481        0.040526         0.25541         0.07978               
         A         81        ASP         0.25557        0.089448         0.31459        0.091346         0.46759         0.16423               
         A         82        VAL        0.056001        0.039939        0.033352        0.025938         0.11443               0               
         A         83        GLY         0.12721        0.028912               0               0         0.16423        0.091087               
         A         84        PHE         0.59011         0.33541         0.79278         0.25197          1.1708         0.19769               
         A         85        ASN         0.16884          0.1014        0.074873        0.026934         0.32737        0.052513               
         A         86        THR         0.61808         0.20919         0.81731        0.096367         0.92961         0.31897               
         A         87        ILE         0.25467        0.089989         0.17744        0.062296         0.36208        0.085404               
         A         88        SER         0.67518         0.18138         0.90417        0.043474         0.94764           0.478               
         A         89        LYS         0.95546         0.65689          1.3953         0.58209          2.2562          0.3445               
         A         90        LEU          0.2676         0.10738         0.17015        0.055466         0.39864        0.091087               
         A         91        GLU         0.64017         0.23066         0.81011         0.15739          1.0633         0.31068               
         A         92        PRO         0.64129         0.11345         0.76668        0.032702         0.81215         0.51013               
         A         93        GLU          1.0237          0.4259          1.3508          0.2804          1.7065         0.51013               
         A         94        LEU         0.24156        0.076809         0.24344        0.037192         0.37104         0.11443               
         A         95        CYS         0.22799        0.050596         0.18187        0.036829          0.2864         0.14504               
         A         96        GLN         0.94591         0.41514          1.2461         0.30977          1.6718         0.38012               
         A         97        LYS         0.54853         0.25253         0.66433         0.29006          1.1708         0.32737               
         A         98        LEU          0.1787        0.079448         0.11035        0.044488         0.30248        0.036804               
         A         99        PRO         0.71275         0.15642         0.82201         0.13121         0.94764         0.44721               
         A        100        MET         0.86726         0.37871          1.2104         0.21672          1.4517         0.41767               
         A        101        LEU         0.16327         0.10923        0.066807        0.067678         0.30248               0               
         A        102        LYS         0.59635         0.28802         0.82324         0.17692          1.0233         0.24789               
         A        103        VAL         0.37075         0.12626         0.50534        0.061737         0.59082         0.21161               
         A        104        LEU         0.12233        0.054256        0.081037        0.036369         0.19769        0.021556               
         A        105        ASN         0.21038        0.077922         0.27292        0.053882         0.36208          0.1085               
         A        106        LEU        0.046126        0.030291        0.054413        0.024488        0.091087       0.0019112               
         A        107        GLN         0.28543         0.17342         0.41515         0.12262         0.57877        0.074214               
         A        108        HIS         0.58911         0.36343          0.8383         0.25171          1.1937         0.13878               
         A        109        ASN          0.1716         0.14114        0.044454        0.042573         0.39864               0               
         A        110        GLU         0.81889         0.40399          1.0911         0.33717          1.6379         0.32737               
         A        111        LEU         0.22932        0.072843         0.20635        0.080843         0.33588         0.11443               
         A        112        SER         0.68129         0.22582         0.98925        0.094726           1.084           0.478               
         A        113        GLN         0.90595         0.34569          1.1824         0.19167          1.5108         0.44721               
         A        114        LEU         0.28228         0.16918         0.13408        0.071676          0.5669        0.047224               
         A        115        SER         0.51776         0.13248         0.68812        0.034172         0.72229         0.35323               
         A        116        ASP         0.63618         0.13501         0.75318        0.058802         0.84423         0.45733               
         A        117        LYS           1.443          1.1251          2.1867          1.0133          3.7363         0.41767               
         A        118        THR          0.2672        0.073415         0.30575        0.066342         0.39864         0.16423               
         A        119        PHE         0.10143        0.052335        0.073996        0.037887         0.19084       0.0067513               
         A        120        ALA         0.37296         0.08367         0.43722               0         0.43722         0.21161               
         A        121        PHE         0.71673         0.31241         0.90169          0.2412          1.2408          0.3445               
         A        122        CYS         0.10871         0.05969         0.05383        0.037257          0.2187        0.016573               
         A        123        THR         0.56341         0.17696         0.75755        0.049853         0.82805         0.31897               
         A        124        ASN         0.66942          0.3089         0.94205          0.1955          1.1265         0.31068               
         A        125        LEU        0.094377        0.079575        0.020181        0.019613          0.2187               0               
         A        126        THR         0.38661         0.15711         0.55854        0.072596         0.65395         0.23312               
         A        127        GLU         0.46934         0.31222         0.70009         0.22883          1.0633         0.10263               
         A        128        LEU        0.062144        0.031542        0.036932        0.011537         0.11443        0.021556               
         A        129        HIS         0.28005         0.15766         0.39309        0.095309         0.49926        0.085404               
         A        130        LEU        0.025752        0.026747        0.014203        0.010281        0.085404               0               
         A        131        MET         0.18342        0.078296         0.24744        0.042647         0.31897        0.068705               
         A        132        SER         0.36074         0.15618          0.5522         0.11498         0.66718         0.19084               
         A        133        ASN         0.17573         0.11596         0.06602        0.038953         0.31897        0.026589               
         A        134        SER          0.6223         0.17589         0.82861        0.032081         0.86069         0.37104               
         A        135        ILE         0.27146        0.098423         0.19815        0.090812         0.37104        0.052513               
         A        136        GLN         0.97361         0.30821          1.2358        0.099338          1.3682         0.52115               
         A        137        LYS          1.0033         0.54965          1.3881          0.4575          2.2061         0.45733               
         A        138        ILE         0.33149         0.14197         0.20407        0.074381         0.52115         0.10263               
         A        139        LYS          1.4923         0.91018          2.0598         0.86832          3.3416         0.57877               
         A        140        ASN          1.0635         0.48113           1.472         0.34205          1.9352         0.49926               
         A        141        ASN         0.49857         0.20948         0.65663         0.16737         0.92961         0.26302               
         A        142        PRO         0.23859        0.039694         0.25046       0.0093846         0.30248         0.16423               
         A        143        PHE        0.054134        0.026415        0.044577        0.019214          0.1085        0.021556               
         A        144        VAL         0.41138         0.13166         0.53107        0.062167         0.61548         0.17739               
         A        145        LYS         0.66322          0.3056         0.88318         0.23522          1.1484          0.2864               
         A        146        GLN         0.11661         0.04966        0.098672        0.044608          0.2187        0.036804               
         A        147        LYS         0.73345         0.39097         0.97714         0.37048          1.6379         0.31068               
         A        148        ASN          0.6148         0.24631         0.83584         0.14415          1.0038         0.30248               
         A        149        LEU        0.085337         0.07901        0.011806        0.020448         0.19769               0               
         A        150        ILE         0.41568         0.18697          0.5902        0.090194         0.66718         0.20461               
         A        151        THR         0.27995         0.13319         0.41681        0.058424         0.49926         0.12042               
         A        152        LEU        0.074106         0.03707        0.047789        0.024253         0.13878        0.011638               
         A        153        ASP         0.15631        0.070715         0.21231        0.055392         0.30248        0.074214               
         A        154        LEU        0.034035        0.026985        0.012588        0.014661         0.07978               0               
         A        155        SER         0.17655        0.064218         0.24444        0.018574         0.26302        0.074214               
         A        156        HIS         0.67406         0.37846         0.90667         0.31888          1.4232         0.26302               
         A        157        ASN         0.20024         0.12057        0.089538        0.038091         0.39864        0.047224               
         A        158        GLY         0.54023         0.16489               0               0         0.81215         0.37104               
         A        159        LEU          0.2156        0.093536         0.14722        0.078697          0.3445        0.047224               
         A        160        SER         0.65257         0.26122          1.0085        0.096561           1.105         0.39864               
         A        161        SER         0.33589         0.11312         0.46289        0.025665         0.48855         0.14504               
         A        162        THR         0.18978        0.046376         0.15475        0.037752         0.25541         0.10263               
         A        163        LYS          0.5164         0.29715         0.70137         0.28489           1.217         0.24789               
         A        164        LEU         0.15637        0.034481         0.12649       0.0043058          0.2187         0.12042               
         A        165        GLY         0.29591         0.06728               0               0         0.38012         0.20461               
         A        166        THR          1.0146         0.27487          1.1741        0.083561          1.3155         0.46759               
         A        167        GLN         0.99683         0.33045          1.2585         0.13323          1.4517         0.41767               
         A        168        VAL         0.74734         0.10571         0.84546         0.04751         0.89452         0.55521               
         A        169        GLN          0.2636        0.063421         0.25568        0.047407         0.38012         0.17739               
         A        170        LEU        0.088798        0.084986       0.0087408       0.0061258         0.21161               0               
         A        171        GLU         0.57953         0.16795         0.71067        0.095139         0.82805         0.31897               
         A        172        ASN          0.6551         0.28195         0.89523         0.20175          1.1708         0.33588               
         A        173        LEU         0.10268        0.079287        0.031751        0.033773         0.21161               0               
         A        174        GLN         0.60279          0.3611         0.87872         0.25062          1.1708         0.23312               
         A        175        GLU         0.43965          0.2686         0.63905         0.19796         0.94764         0.15137               
         A        176        LEU         0.11672        0.041733        0.081432        0.016448         0.17739        0.057855               
         A        177        LEU         0.21077         0.12166         0.30731         0.09751         0.46759        0.063253               
         A        178        LEU        0.040731         0.02689        0.037097          0.0174         0.07978       0.0019112               
         A        179        SER         0.23926        0.066681         0.29459        0.016082         0.31068         0.13878               
         A        180        ASN         0.64384         0.34951         0.94629         0.24446          1.3155         0.27851               
         A        181        ASN         0.19198         0.11528        0.081056        0.037776         0.31897        0.047224               
         A        182        LYS         0.86044         0.38767          1.1301         0.30085          1.5414         0.33588               
         A        183        ILE         0.21715         0.10289         0.12705        0.063725          0.3445        0.041988               
         A        184        GLN          1.0034         0.50078          1.3879          0.3418          1.7786         0.45733               
         A        185        ALA         0.42737         0.13327         0.66718               0         0.66718         0.27851               
         A        186        LEU         0.18194          0.1062        0.083939        0.038359         0.35323        0.031671               
         A        187        LYS         0.65855         0.33874         0.90686         0.25734          1.3415         0.27851               
         A        188        SER         0.59367         0.14714         0.79666        0.015488         0.81215         0.45733               
         A        189        GLU          1.4159         0.79596          1.9922          0.6219           2.789         0.59082               
         A        190        GLU          0.5522         0.17748         0.66793         0.13837         0.87746         0.29439               
         A        191        LEU         0.15012        0.055708         0.11181        0.045741         0.24046        0.057855               
         A        192        ASP         0.50536         0.19475         0.65708         0.15219          0.9119         0.26302               
         A        193        ILE         0.22127        0.079179         0.19025        0.098817          0.3445        0.085404               
         A        194        PHE         0.11893         0.13098        0.027058        0.038003         0.36208               0               
         A        195        ALA         0.66246         0.13217         0.78118               0         0.79653         0.43722               
         A        196        ASN          1.2282         0.59887          1.7262         0.46894          2.4164         0.68063               
         A        197        SER         0.36215        0.079131         0.27471        0.011695         0.48855         0.26302               
         A        198        SER          0.4653          0.1921          0.7309        0.050275         0.78118          0.2864               
         A        199        LEU           0.127        0.091558        0.042289        0.047842         0.22587               0               
         A        200        LYS          0.8776         0.72843          1.3188         0.71849          2.5931          0.2864               
         A        201        LYS         0.40664          0.2454         0.56275         0.22802         0.96601         0.14504               
         A        202        LEU          0.1113         0.04781        0.067677        0.019045         0.17077        0.041988               
         A        203        GLU         0.22613        0.098382         0.29408        0.079159         0.44721        0.096829               
         A        204        LEU        0.054595        0.038882        0.024554        0.022611         0.12647       0.0067513               
         A        205        SER         0.22301        0.070998         0.26687       0.0038507         0.27851          0.1085               
         A        206        SER         0.45193         0.18801         0.69163         0.13642         0.82805         0.29439               
         A        207        ASN         0.12837        0.080525        0.051391        0.014715         0.24789        0.036804               
         A        208        GLN         0.87813         0.49044          1.2693         0.28472          1.6379         0.26302               
         A        209        ILE         0.24946         0.13518         0.13299        0.084424         0.44721       0.0067513               
         A        210        LYS         0.93656         0.22951          1.1173         0.13415          1.3682         0.61548               
         A        211        GLU          1.0286         0.52837           1.431         0.36449          1.8548         0.41767               
         A        212        PHE         0.26288         0.18272         0.13534        0.073014          0.5669        0.041988               
         A        213        SER         0.73156         0.19749         0.95078         0.15425           1.105         0.52115               
         A        214        PRO          1.2794         0.32572          1.6034          0.2349          1.9352          0.9119               
         A        215        GLY         0.77002          0.1165               0               0         0.89452         0.64093               
         A        216        CYS         0.29688         0.11158          0.2274         0.04332           0.478         0.18408               
         A        217        PHE         0.12484        0.071689        0.075633        0.025867         0.24789        0.036804               
         A        218        HIS         0.67792         0.15224         0.76513        0.084004         0.87746         0.37104               
         A        219        ALA         0.50112        0.053109         0.51013               0         0.59082         0.42738               
         A        220        ILE          0.2152         0.12529        0.096162        0.048768         0.37104        0.021556               
         A        221        GLY         0.57013         0.13578               0               0         0.75124         0.37104               
         A        222        ARG          1.2777          1.0409          1.8074         0.96251          3.6311         0.24789               
         A        223        LEU         0.11625        0.086175        0.042625         0.03479         0.24046               0               
         A        224        PHE         0.52986         0.27196         0.70508         0.17641         0.96601         0.19084               
         A        225        GLY         0.16719        0.039301               0               0         0.21161         0.11443               
         A        226        LEU        0.090012        0.044067        0.048692        0.012556         0.15776        0.031671               
         A        227        PHE         0.27641         0.12865         0.35451        0.092884           0.478        0.096829               
         A        228        LEU        0.044361        0.040859       0.0058669       0.0090919         0.10263               0               
         A        229        ASN         0.25744        0.070895         0.29005        0.068763         0.38932         0.17077               
         A        230        ASN         0.56439         0.20326         0.73978         0.13574         0.94764         0.30248               
         A        231        VAL         0.16503        0.098053        0.063271       0.0044294          0.2864        0.057855               
         A        232        GLN         0.96771         0.57516          1.4086         0.39566          1.8548         0.36208               
         A        233        LEU         0.23322         0.18505        0.077351         0.05849         0.59082       0.0019112               
         A        234        GLY          0.4288        0.096173               0               0         0.57877         0.31068               
         A        235        PRO         0.54448         0.10611         0.65484        0.038253         0.69429         0.38012               
         A        236        SER           1.001         0.35105          1.4823        0.059103          1.5414         0.62811               
         A        237        LEU         0.48729         0.11591         0.52384         0.06374         0.65395         0.29439               
         A        238        THR         0.17972        0.076617         0.10273        0.046684          0.2864        0.036804               
         A        239        GLU         0.50754         0.21779         0.66645          0.1681         0.84423          0.2864               
         A        240        LYS         0.82224         0.60727           1.204         0.57704          2.1104         0.27072               
         A        241        LEU         0.11585        0.065728        0.057197        0.035395         0.21161               0               
         A        242        CYS         0.10755        0.056399        0.046499        0.044588         0.19084       0.0019112               
         A        243        LEU         0.43473         0.17559          0.5867         0.11201         0.72229          0.2187               
         A        244        GLU          0.3715         0.14032         0.46453         0.11912         0.66718          0.2187               
         A        245        LEU        0.093614        0.081072        0.019956        0.025897         0.20461               0               
         A        246        ALA         0.48669        0.097271         0.57877               0         0.59082         0.32737               
         A        247        ASN          1.1298         0.38378          1.4904         0.14938          1.6379         0.62811               
         A        248        THR         0.33331         0.13381         0.20847         0.10388           0.478         0.11443               
         A        249        SER         0.47964           0.139         0.64746         0.10378         0.75124         0.32737               
         A        250        ILE         0.13233         0.10383        0.037164         0.03798          0.2864               0               
         A        251        ARG         0.64328         0.34353         0.85928         0.23559          1.1708         0.19769               
         A        252        ASN         0.32879         0.13867         0.44977        0.086278         0.57877         0.15137               
         A        253        LEU        0.079012        0.056692        0.025212        0.019911         0.15137               0               
         A        254        SER         0.16476        0.057817         0.22208         0.06432          0.2864         0.11443               
         A        255        LEU         0.04247        0.032108        0.014816        0.021938         0.07978               0               
         A        256        SER         0.17472        0.077457         0.24403        0.066645         0.31068        0.057855               
         A        257        ASN         0.47764         0.25121         0.69896         0.15736          0.9119         0.17077               
         A        258        SER         0.17382        0.090398        0.050989        0.034415         0.25541        0.016573               
         A        259        GLN         0.82403         0.48896          1.1875         0.35657           1.605         0.26302               
         A        260        LEU         0.13414        0.073497        0.071734        0.048209         0.22587               0               
         A        261        SER         0.64454         0.20972         0.92402        0.079798          1.0038         0.40809               
         A        262        THR           0.703         0.28921          1.0136        0.082937          1.1265         0.30248               
         A        263        THR         0.22773         0.10388         0.11569        0.037169         0.33588        0.063253               
         A        264        SER         0.49191         0.16507         0.71547        0.021179         0.73665         0.30248               
         A        265        ASN         0.80917         0.33568          1.0771         0.28489          1.3682         0.51013               
         A        266        THR         0.73016         0.34195          1.0705         0.21353          1.3682         0.32737               
         A        267        THR         0.17309        0.070882         0.18033        0.079022          0.2864        0.091087               
         A        268        PHE        0.023131        0.031356       0.0015105       0.0022964        0.091087               0               
         A        269        LEU         0.45419         0.25588         0.66701         0.19264         0.92961         0.14504               
         A        270        GLY         0.25849        0.038545               0               0         0.30248         0.20461               
         A        271        LEU        0.037816        0.046678               0               0         0.12042               0               
         A        272        LYS         0.67234         0.29241         0.89065         0.18811          1.1484         0.23312               
         A        273        TRP          1.0258         0.45258            1.23         0.37114          1.8548         0.38932               
         A        274        THR         0.23842         0.10524          0.1276        0.059372         0.33588        0.052513               
         A        275        ASN         0.71054         0.34373          1.0143         0.22418          1.3415         0.36208               
         A        276        LEU         0.11378        0.085364        0.034367        0.034584         0.23312               0               
         A        277        THR         0.33427         0.13448          0.4808        0.064152         0.55521         0.20461               
         A        278        MET          0.2358        0.093959         0.32189        0.033107         0.36208         0.10263               
         A        279        LEU        0.056522        0.026591        0.044979        0.019742        0.091087        0.011638               
         A        280        ASP         0.14037        0.060848         0.18607        0.049708         0.27072        0.047224               
         A        281        LEU        0.022583         0.01667        0.023804        0.015526        0.047224               0               
         A        282        SER         0.13789        0.086156         0.22608        0.068315         0.29439        0.036804               
         A        283        TYR         0.65572         0.39329         0.85486         0.33259          1.5108         0.15776               
         A        284        ASN         0.14652         0.11221        0.039858        0.022007         0.31068       0.0067513               
         A        285        ASN         0.63458         0.28948         0.90724         0.12663           1.084         0.30248               
         A        286        LEU         0.14163        0.082848         0.06969        0.055996         0.24046               0               
         A        287        ASN         0.67252         0.26403          0.9103         0.15102          1.1484         0.35323               
         A        288        VAL         0.54047         0.20559         0.75484        0.080042         0.86069         0.27851               
         A        289        VAL         0.17595        0.090708        0.082417        0.028588          0.2864        0.041988               
         A        290        GLY          0.3354        0.070427               0               0         0.41767         0.23312               
         A        291        ASN         0.59644         0.24392         0.76429         0.24688          1.1708         0.37104               
         A        292        ASP         0.49565         0.23358         0.70977         0.11641         0.79653         0.20461               
         A        293        SER         0.13622        0.053857         0.15225         0.03183         0.19084        0.052513               
         A        294        PHE        0.028303        0.018551        0.024736        0.017807        0.063253       0.0019112               
         A        295        ALA         0.26666         0.10873         0.31068               0         0.41767        0.085404               
         A        296        TRP         0.39039         0.24677         0.47383         0.24571          0.9119         0.14504               
         A        297        LEU        0.034704        0.039762               0               0          0.1085               0               
         A        298        PRO          0.4836         0.12241         0.54972         0.12004         0.64093         0.31068               
         A        299        GLN         0.65724         0.38054         0.91832         0.32529          1.3954         0.27072               
         A        300        LEU        0.050683        0.051699               0               0         0.12042               0               
         A        301        GLU         0.44715         0.32856         0.68977         0.24797          1.0038         0.11443               
         A        302        TYR          0.5303         0.38054         0.73972         0.29123          1.3682        0.057855               
         A        303        PHE        0.038991        0.034971        0.020029        0.022076         0.11443               0               
         A        304        PHE          0.2835         0.18514          0.3884         0.15014         0.60306        0.057855               
         A        305        LEU        0.015516        0.024003        0.008335        0.010893        0.074214               0               
         A        306        GLU          0.1739        0.093359         0.24161        0.056783         0.31068        0.031671               
         A        307        TYR         0.59733         0.37132         0.80354         0.28064          1.3682         0.13878               
         A        308        ASN         0.10486        0.093679        0.017654        0.029485         0.24046               0               
         A        309        ASN         0.57808         0.27206         0.80946         0.18074           1.105         0.19769               
         A        310        ILE         0.13281        0.085796        0.055198        0.044658         0.24789               0               
         A        311        GLN         0.64956         0.32462         0.88807         0.24755          1.1708         0.31897               
         A        312        HIS         0.68681         0.31665         0.89889         0.22957          1.2652         0.29439               
         A        313        LEU         0.17876        0.091885        0.093473        0.032177         0.31068        0.047224               
         A        314        PHE         0.62596         0.27247         0.78799         0.20265          1.1484         0.24046               
         A        315        SER          0.3979          0.1365         0.55202        0.063465         0.61548         0.20461               
         A        316        HIS         0.74196         0.39116          1.0156         0.25696          1.3682         0.27072               
         A        317        SER         0.13427        0.055444         0.13253        0.058314         0.20461        0.074214               
         A        318        LEU        0.045558        0.031774        0.016634       0.0078414        0.091087       0.0067513               
         A        319        HIS         0.44301         0.26253         0.60702         0.21631         0.96601         0.15776               
         A        320        GLY         0.25697        0.044771               0               0         0.32737         0.21161               
         A        321        LEU        0.040007        0.049858               0               0         0.13878               0               
         A        322        PHE         0.59222          0.2372         0.73631         0.15739         0.98474         0.21161               
         A        323        ASN         0.54206         0.25906         0.77334         0.15613         0.94764         0.24789               
         A        324        VAL        0.053966         0.04991               0               0         0.12647               0               
         A        325        ARG         0.64101         0.42378          0.9035         0.30351          1.3415          0.1326               
         A        326        TYR         0.30145         0.15335         0.39926        0.074837         0.48855        0.057855               
         A        327        LEU        0.036042        0.028579        0.019979        0.013078        0.085404               0               
         A        328        ASN         0.11738         0.05719         0.16191         0.03282         0.21161        0.031671               
         A        329        LEU        0.026637         0.03147        0.040611        0.036021        0.096829               0               
         A        330        LYS         0.36647          0.2927         0.56113         0.25788         0.87746        0.047224               
         A        331        ARG         0.46582         0.38071          0.6853         0.30815          1.1708        0.041988               
         A        332        SER       0.0098104        0.017263               0               0        0.047224               0               
         A        333        PHE        0.029708        0.049592       0.0033321       0.0058862         0.16423               0               
         A        334        THR          0.3373         0.11884         0.44331        0.095858         0.57877         0.19084               
         A        335        LYS         0.76311         0.24413         0.97301          0.0796          1.0633         0.45733               
         A        336        GLN         0.95469         0.20555         0.97674        0.081941          1.2652         0.54369               
         A        337        SER          1.6783         0.36343          1.6447         0.13391          2.3613           1.217               
         A        338        ILE          2.4614         0.45158          2.6122         0.44439          3.3416          1.6718               
         A        339        SER          3.2369         0.23194          3.5304               0          3.5304           2.932               
         A        340        LEU          3.0376         0.63165          3.4773         0.62735          4.3435          2.4733               
         A        341        ALA          1.9617         0.52706          2.4733               0          2.5322          1.2408               
         A        342        SER          1.0242         0.32399          1.3232          0.2182          1.5414         0.57877               
         A        343        LEU         0.60455         0.15281          0.6929         0.14834         0.92961         0.38012               
         A        344        PRO         0.21622         0.05571         0.16781        0.041052         0.27851         0.13878               
         A        345        LYS         0.70839         0.39544         0.97104         0.35166           1.605         0.33588               
         A        346        ILE         0.16904         0.10678        0.070516        0.049833         0.31068               0               
         A        347        ASP         0.55996         0.27998         0.79439         0.18927          1.0431         0.16423               
         A        348        ASP         0.64013         0.31449         0.88697         0.27145          1.3415         0.31897               
         A        349        PHE         0.68721         0.39963         0.92982         0.29422          1.3682         0.18408               
         A        350        SER         0.10689        0.038403         0.13053        0.033701         0.16423        0.052513               
         A        351        PHE        0.057108        0.027463        0.050103        0.025572        0.091087        0.016573               
         A        352        GLN         0.44425         0.21015         0.58403         0.17566         0.79653         0.16423               
         A        353        TRP         0.37463         0.14683         0.42089         0.14777         0.61548         0.19769               
         A        354        LEU        0.057505        0.064288      0.00047779      0.00082756         0.17077               0               
         A        355        LYS         0.61476         0.21366         0.78368         0.12286         0.96601         0.31068               
         A        356        CYS         0.43677         0.17049         0.63206         0.16447         0.79653          0.2864               
         A        357        LEU        0.061223        0.063624               0               0         0.16423               0               
         A        358        GLU         0.49159         0.33409         0.73152         0.26567          1.0633         0.15776               
         A        359        HIS         0.37224         0.19779         0.50737         0.13408         0.68063        0.096829               
         A        360        LEU        0.047322        0.042066       0.0087648       0.0078828         0.10263               0               
         A        361        ASN          0.1209        0.087102         0.18194        0.074836         0.30248       0.0067513               
         A        362        MET       0.0071312        0.011555       0.0088733        0.013185        0.031671               0               
         A        363        GLU         0.22766         0.17921          0.3556         0.13949         0.54369        0.011638               
         A        364        ASP         0.34369         0.22761         0.55531         0.11344         0.68063          0.1085               
         A        365        ASN        0.050717        0.049356       0.0029096       0.0050396         0.12042               0               
         A        366        ASP         0.29325         0.11418         0.37872        0.086533         0.49926         0.14504               
         A        367        ILE         0.13421        0.095693        0.067776         0.06303         0.27851               0               
         A        368        PRO         0.55883         0.14083         0.53596         0.14909         0.70818          0.3445               
         A        369        GLY         0.43082         0.10902               0               0         0.57877          0.2864               
         A        370        ILE         0.29955         0.11644         0.20309        0.047771         0.51013         0.12647               
         A        371        LYS         0.62535         0.19238         0.74984           0.171          1.0233         0.38932               
         A        372        SER         0.82064         0.27464          1.1666         0.12348          1.2901         0.45733               
         A        373        ASN         0.79737         0.34766          1.1006         0.21231          1.3954         0.38012               
         A        374        MET         0.14858         0.07188         0.10074        0.033935          0.2864        0.068705               
         A        375        PHE        0.047317        0.028125        0.034139        0.024073        0.096829               0               
         A        376        THR         0.30628         0.11549          0.4248        0.076037         0.53233         0.19084               
         A        377        GLY         0.26225        0.038656               0               0         0.32737         0.22587               
         A        378        LEU        0.079031        0.079011       0.0053891       0.0093342          0.2187               0               
         A        379        ILE         0.75535         0.28786         0.96011         0.25907          1.3954         0.37104               
         A        380        ASN         0.58652          0.1895         0.74768         0.13889         0.94764         0.38932               
         A        381        LEU        0.082671        0.079904       0.0066472        0.011513         0.19769               0               
         A        382        LYS         0.59687          0.3746         0.86473          0.3003          1.2652         0.22587               
         A        383        TYR         0.35492         0.17994         0.46183         0.10996         0.59082        0.052513               
         A        384        LEU        0.053256         0.04836        0.011806        0.020448          0.1326               0               
         A        385        SER         0.11195        0.051601           0.161        0.003234         0.16423        0.026589               
         A        386        LEU        0.025741        0.017057        0.019724        0.020476        0.047224               0               
         A        387        SER         0.19354        0.086734         0.28596        0.067266         0.35323        0.074214               
         A        388        ASN         0.29253         0.17997         0.44103         0.14157         0.65395          0.1085               
         A        389        SER        0.015107        0.018831               0               0        0.052513               0               
         A        390        PHE         0.12018        0.076431        0.087183        0.068507         0.24789       0.0019112               
         A        391        THR         0.49712        0.077324         0.51347         0.07226         0.61548         0.37104               
         A        392        SER         0.67395         0.17967         0.90799        0.095835          1.0038         0.49926               
         A        393        LEU         0.20326        0.097671         0.12959        0.073068         0.33588        0.036804               
         A        394        ARG          1.2454         0.63852          1.6393         0.46178          2.3613         0.49926               
         A        395        THR         0.76597         0.27451          1.0662          0.0777          1.1708         0.43722               
         A        396        LEU            0.22         0.12794        0.099025        0.049229         0.37104        0.031671               
         A        397        THR         0.58292         0.23114         0.82331         0.14305          1.0038          0.3445               
         A        398        ASN         0.77794         0.32502           1.045         0.25976          1.3415           0.478               
         A        399        GLU          1.1257         0.51575          1.5368         0.30856          2.0203         0.54369               
         A        400        THR         0.23658        0.084088          0.2297        0.089325         0.36208         0.14504               
         A        401        PHE        0.081859         0.05328        0.047257        0.028877         0.17739       0.0067513               
         A        402        VAL         0.41881         0.14831         0.53813         0.12367         0.70818         0.21161               
         A        403        SER          0.2214        0.057156         0.15168        0.019089         0.30248          0.1326               
         A        404        LEU        0.069881        0.071557       0.0016878       0.0029234         0.15776               0               
         A        405        ALA         0.54861         0.15698         0.78118               0         0.78118         0.30248               
         A        406        HIS           1.266         0.64744          1.7001         0.47416          2.5322         0.53233               
         A        407        SER         0.24775        0.095262         0.13313        0.024633         0.39864          0.1085               
         A        408        PRO         0.44452         0.10481         0.54079        0.083999         0.62811         0.32737               
         A        409        LEU           0.102        0.090749        0.015813        0.027389          0.2187               0               
         A        410        HIS         0.53763         0.29739         0.73189         0.22995          1.0633         0.22587               
         A        411        ILE         0.30267         0.15268         0.42204         0.13057         0.61548         0.15137               
         A        412        LEU        0.068557        0.039789        0.038287        0.026977          0.1326               0               
         A        413        ASN         0.14823        0.095009         0.22778        0.049421         0.31068       0.0067513               
         A        414        LEU        0.035568        0.024041         0.02627        0.026537        0.063253               0               
         A        415        THR         0.23144        0.090611         0.31808        0.050476         0.38932        0.096829               
         A        416        LYS         0.59636         0.37053          0.8765          0.2653          1.2901         0.22587               
         A        417        ASN        0.093661        0.079129        0.016216         0.01174         0.19084               0               
         A        418        LYS         0.83889          0.5925          1.2185         0.54795          2.2061         0.24046               
         A        419        ILE          0.1308        0.075945        0.068944        0.061284         0.21161               0               
         A        420        SER         0.47697         0.12169         0.63169        0.076486         0.70818          0.3445               
         A        421        LYS         0.76404         0.38507          1.0605         0.25896          1.3954          0.3445               
         A        422        ILE           0.124        0.092724        0.037133        0.029498         0.26302               0               
         A        423        GLU         0.75315         0.46813          1.1177         0.29618          1.5728         0.19084               
         A        424        SER          0.5406         0.18466         0.77641         0.13549          0.9119         0.40809               
         A        425        ASP         0.51749         0.23669         0.73524         0.10172         0.89452         0.19084               
         A        426        ALA        0.088769        0.034056         0.07978               0         0.12042        0.026589               
         A        427        PHE        0.036895         0.05078       0.0055408       0.0059535         0.15776               0               
         A        428        SER         0.36736        0.092855         0.41327        0.023954           0.478         0.18408               
         A        429        TRP          0.5499          0.2932         0.66569         0.26979          1.1708         0.22587               
         A        430        LEU        0.070457        0.056921        0.023665        0.024808         0.17077               0               
         A        431        GLY         0.45767         0.10796               0               0         0.61548         0.31068               
         A        432        HIS         0.71955         0.33557         0.91332         0.30389          1.3954         0.37104               
         A        433        LEU        0.087211        0.082414       0.0092009        0.015936         0.21161               0               
         A        434        GLU         0.49876          0.3194         0.73429         0.23954          1.0431         0.15776               
         A        435        VAL         0.22059         0.11714         0.34119        0.057644         0.41767        0.068705               
         A        436        LEU        0.066007        0.047344        0.022986        0.013347         0.15137       0.0019112               
         A        437        ASP         0.18968         0.08773         0.26655        0.045207         0.31897        0.074214               
         A        438        LEU        0.036336        0.021057        0.018796        0.015411        0.063253               0               
         A        439        GLY         0.14969        0.041368               0               0         0.19084         0.10263               
         A        440        LEU         0.51449         0.27428         0.74537         0.20591         0.92961          0.2187               
         A        441        ASN          0.1665        0.090818        0.080848        0.034142         0.29439        0.036804               
         A        442        GLU         0.64875         0.32304           0.902         0.20157           1.217         0.25541               
         A        443        ILE         0.10826        0.075599        0.038546        0.031802          0.2187               0               
         A        444        GLY         0.52566          0.1072               0               0         0.69429         0.39864               
         A        445        GLN         0.39061         0.13869         0.33629         0.14364         0.60306         0.19769               
         A        446        GLU         0.80658          0.3925          1.1029         0.26387          1.5414          0.2864               
         A        447        LEU         0.18866         0.10231         0.10377        0.053454         0.36208        0.036804               
         A        448        THR         0.52978         0.14011         0.65005         0.12595         0.82805         0.38012               
         A        449        GLY         0.31958        0.028546               0               0         0.36208          0.2864               
         A        450        GLN         0.72596         0.36483          1.0195         0.21025          1.2901         0.29439               
         A        451        GLU         0.16537         0.08047         0.19161        0.076513         0.31068        0.057855               
         A        452        TRP        0.062934        0.041679        0.045031        0.031858         0.14504       0.0067513               
         A        453        ARG         0.79804         0.43649          1.0793         0.28435          1.4809         0.25541               
         A        454        GLY         0.42768         0.06364               0               0         0.53233         0.36208               
         A        455        LEU         0.15757         0.11903        0.049221        0.035498         0.33588               0               
         A        456        GLU          1.2087         0.60755          1.6155         0.52929          2.4164         0.49926               
         A        457        ASN         0.81618         0.36942          1.1406         0.23175          1.4809         0.38932               
         A        458        ILE         0.14736         0.11496        0.041296        0.041344         0.31068               0               
         A        459        PHE         0.49858         0.26392         0.66604         0.17808         0.92961         0.15776               
         A        460        GLU         0.31527         0.21319         0.47709         0.15111         0.66718         0.10263               
         A        461        ILE         0.05836        0.042445        0.022382        0.024221         0.12647               0               
         A        462        TYR         0.38116         0.26918         0.50791         0.24458         0.98474        0.091087               
         A        463        LEU        0.037445        0.034919        0.031682        0.032598         0.10263               0               
         A        464        SER         0.13891        0.049827         0.17453         0.02316         0.19769        0.068705               
         A        465        TYR         0.69628         0.39154         0.91034          0.3009          1.4809         0.16423               
         A        466        ASN         0.20252         0.13178        0.075918        0.018395         0.39864        0.047224               
         A        467        LYS          1.0686         0.74134          1.5318         0.70647          2.6561          0.3445               
         A        468        TYR         0.73216         0.30096         0.91675         0.18171          1.3155         0.31897               
         A        469        LEU         0.12922         0.11991        0.011806        0.020448          0.2864               0               
         A        470        GLN         0.71788         0.40532          1.0287         0.26773          1.3682         0.24046               
         A        471        LEU          0.1705        0.085578        0.099037        0.050344         0.31068        0.052513               
         A        472        THR         0.36449         0.17044         0.53904         0.10327         0.68063         0.17739               
         A        473        ARG          1.2532         0.75456          1.7072         0.57168          2.5931         0.38012               
         A        474        ASN         0.81679         0.46106          1.2328         0.26963           1.605         0.31897               
         A        475        SER         0.14895        0.056424        0.090386        0.048398         0.23312        0.041988               
         A        476        PHE        0.078917        0.090354         0.01984        0.032668         0.24789               0               
         A        477        ALA         0.49464         0.14403          0.5669               0         0.69429         0.25541               
         A        478        LEU         0.58612         0.19698         0.69959         0.21956          1.0633         0.40809               
         A        479        VAL         0.21504        0.082035         0.15063        0.040122          0.3445          0.1085               
         A        480        PRO         0.64575         0.18349         0.83076         0.11916         0.94764         0.40809               
         A        481        SER         0.50099        0.089031         0.56368        0.064421         0.62811         0.38932               
         A        482        LEU        0.095237         0.09377       0.0066472        0.011513         0.25541               0               
         A        483        GLN         0.46741         0.31578         0.69509         0.24992         0.98474         0.15776               
         A        484        ARG         0.64844         0.58487         0.95109         0.53362          1.6718        0.074214               
         A        485        LEU          0.0334          0.0218        0.023103        0.017447         0.07978       0.0067513               
         A        486        MET         0.14994        0.092581         0.22895        0.061137         0.31068        0.031671               
         A        487        LEU        0.028378        0.025844        0.032989        0.033046        0.068705               0               
         A        488        ARG         0.43107         0.29609         0.58931          0.2569          1.0038        0.074214               
         A        489        ARG         0.67466         0.39341         0.91814         0.28231          1.4517         0.20461               
         A        490        VAL         0.11542        0.069517        0.040819        0.024405         0.20461        0.016573               
         A        491        ALA         0.34836          0.1139         0.55521               0         0.55521         0.21161               
         A        492        LEU         0.19007         0.11933        0.082846         0.04342          0.3445        0.052513               
         A        493        LYS         0.80495          0.4056          1.0949         0.31762          1.5728         0.33588               
         A        494        ASN         0.75292         0.33514           1.022         0.24413          1.2901         0.31068               
         A        495        VAL         0.22722        0.071963         0.16802        0.066363         0.32737        0.085404               
         A        496        ASP         0.73772          0.2733         0.91775         0.23734          1.2901         0.39864               
         A        497        SER         0.47052        0.042326         0.46289        0.025665         0.54369         0.40809               
         A        498        SER          1.1272          0.3703          1.6298         0.14886          1.7786         0.79653               
         A        499        PRO         0.92468         0.40151          1.3127         0.22993           1.605         0.39864               
         A        500        SER         0.21223         0.08231         0.19647        0.051424         0.37104         0.12042               
         A        501        PRO        0.078604        0.021356        0.076398        0.019072          0.1085        0.057855               
         A        502        PHE        0.052742        0.035639        0.029071         0.01794          0.1085       0.0067513               
         A        503        GLN          0.4462         0.22731          0.5859         0.19132         0.82805        0.096829               
         A        504        PRO         0.34577        0.084805          0.3013        0.044802         0.53233         0.25541               
         A        505        LEU        0.085956        0.057004        0.039547        0.026352         0.19084               0               
         A        506        ARG         0.90779         0.42141          1.1506         0.33924          1.6379         0.38932               
         A        507        ASN         0.68844         0.33321         0.96341         0.25151          1.2901         0.31068               
         A        508        LEU        0.061633        0.058835       0.0053891       0.0093342         0.13878               0               
         A        509        THR         0.25999         0.10073         0.36438        0.055271         0.40809         0.14504               
         A        510        ILE         0.24184         0.14749         0.37374        0.084241         0.51013        0.057855               
         A        511        LEU        0.080647        0.041238        0.050414        0.024067         0.14504        0.021556               
         A        512        ASP         0.13019        0.050965         0.16776        0.047598         0.24046         0.07978               
         A        513        LEU        0.031841        0.021026        0.017488        0.013044        0.074214               0               
         A        514        SER         0.15152        0.071793         0.22795        0.050563         0.27851        0.068705               
         A        515        ASN          0.4211         0.15336         0.55135        0.086766         0.68063         0.17739               
         A        516        ASN         0.25035         0.16659         0.11251        0.053836         0.55521        0.052513               
         A        517        ASN         0.92311         0.38231          1.2278         0.25335           1.605         0.38012               
         A        518        ILE         0.30776        0.094047         0.24116         0.08608         0.40809          0.1085               
         A        519        ALA         0.83578         0.16845          1.1484               0          1.1484         0.70818               
         A        520        ASN         0.73629         0.18407         0.90672        0.082322          1.0233           0.478               
         A        521        ILE         0.23316         0.11629         0.12436        0.032255         0.38932         0.07978               
         A        522        ASN         0.56036          0.2122         0.74925         0.12254         0.89452          0.2864               
         A        523        ASP         0.61424         0.20026         0.76815         0.17938          1.0633         0.43722               
         A        524        ASP         0.61584         0.29743         0.84087         0.25833          1.2652         0.29439               
         A        525        MET         0.12913        0.046324          0.0917         0.02588         0.21161        0.063253               
         A        526        LEU         0.10048        0.039573         0.07269        0.035791         0.15137        0.011638               
         A        527        GLU         0.66099         0.36645         0.92242           0.292          1.3682         0.24046               
         A        528        GLY         0.47693        0.047523               0               0         0.52115         0.40809               
         A        529        LEU          0.1187        0.087368        0.049605        0.056621         0.27072               0               
         A        530        GLU         0.69101         0.19838         0.85978        0.066373         0.94764         0.38932               
         A        531        LYS         0.72522         0.44571          1.0222         0.39488          1.5728          0.2864               
         A        532        LEU        0.070526        0.059336        0.014464        0.025052         0.13878               0               
         A        533        GLU         0.43589          0.2629         0.61905          0.2199          0.9119         0.17739               
         A        534        ILE         0.33927         0.18916          0.4986         0.14056         0.70818          0.1326               
         A        535        LEU        0.083009        0.045006        0.043387        0.009936         0.17077        0.026589               
         A        536        ASP          0.2017          0.1211         0.30267        0.088575         0.40809        0.052513               
         A        537        LEU        0.011806        0.020448        0.011806        0.020448        0.047224               0               
         A        538        GLN         0.21838         0.09664         0.28973        0.065344         0.38012        0.085404               
         A        539        HIS         0.55282         0.29704         0.74316         0.23005           1.084         0.15776               
         A        540        ASN         0.18228        0.097018        0.093488        0.050996         0.30248        0.021556               
         A        541        ASN         0.70036         0.29978         0.96395         0.18524          1.2652          0.3445               
         A        542        LEU        0.095256        0.064479         0.05225         0.04088         0.21161               0               
         A        543        ALA         0.23856        0.071343         0.36208               0         0.36208         0.15137               
         A        544        ARG          1.1933         0.91831          1.6991          0.7877          2.8592         0.24046               
         A        545        LEU         0.16427        0.083236         0.21975        0.075921         0.33588        0.047224               
         A        546        TRP        0.083629        0.082752        0.042958        0.029805         0.27072               0               
         A        547        LYS         0.71031         0.38312         0.94018         0.37358          1.5414          0.2864               
         A        548        HIS          1.8388         0.91941          2.3398         0.85085          3.6311         0.73665               
         A        549        ALA          1.5115         0.17452          1.6379               0          1.7065           1.217               
         A        550        ASN         0.98532         0.27097         0.74513         0.16005          1.3415         0.48855               
         A        551        PRO          2.0552         0.44106          2.3629         0.47099           2.789          1.5414               
         A        552        GLY          2.0817         0.39489               0               0          2.5322          1.6718               
         A        553        GLY          1.0796         0.29893               0               0          1.5108         0.73665               
         A        554        PRO          0.4515         0.10259         0.45032         0.11972         0.60306         0.31068               
         A        555        ILE          0.2656        0.085588         0.30675        0.093074         0.45733         0.14504               
         A        556        TYR         0.46124            0.18         0.54405         0.16502          0.9119         0.24046               
         A        557        PHE         0.12221        0.072336        0.083645        0.061187         0.23312               0               
         A        558        LEU         0.14492        0.072215        0.087348         0.04614         0.27072        0.031671               
         A        559        LYS         0.81467         0.58795          1.1767         0.57004          1.9352         0.27072               
         A        560        GLY         0.50125        0.054663               0               0          0.5669         0.44721               
         A        561        LEU         0.14527        0.074956        0.085978         0.04641         0.26302        0.026589               
         A        562        SER         0.60786         0.15696         0.81229        0.015759         0.82805         0.39864               
         A        563        HIS         0.83112         0.45557          1.1252         0.35627          1.5728         0.31068               
         A        564        LEU        0.066945        0.069965       0.0016878       0.0029234         0.17077               0               
         A        565        HIS         0.46594          0.2385         0.62449         0.17774         0.87746         0.19769               
         A        566        ILE         0.37909         0.20245         0.54878         0.15086         0.79653         0.17739               
         A        567        LEU        0.059209         0.04945        0.012466       0.0093986          0.1326               0               
         A        568        ASN         0.13945        0.058608          0.1868        0.035668         0.24789        0.057855               
         A        569        LEU        0.008202        0.010523       0.0046211       0.0069446        0.031671               0               
         A        570        GLU          0.2149         0.11486         0.28805         0.10149         0.43722        0.074214               
         A        571        SER         0.34118         0.14785         0.53532        0.067735         0.60306         0.17739               
         A        572        ASN         0.11851        0.097945        0.023023        0.014723         0.24046       0.0019112               
         A        573        GLY         0.39284        0.089442               0               0         0.48855         0.27072               
         A        574        PHE        0.092968        0.085606        0.035028        0.047025         0.20461               0               
         A        575        ASP         0.57395         0.19338         0.72311         0.16447         0.98474         0.35323               
         A        576        GLU          0.5098         0.31398         0.71995          0.2709          1.1937         0.13878               
         A        577        ILE         0.15426        0.064598         0.10473        0.048587         0.24046        0.057855               
         A        578        PRO         0.25913        0.093423         0.20061        0.079495         0.40809          0.1085               
         A        579        VAL         0.69669         0.28359         0.99299         0.17538          1.2408         0.39864               
         A        580        GLU         0.76153         0.37797          1.0611         0.22924          1.3954         0.31897               
         A        581        VAL         0.16102        0.061849         0.17496        0.070252         0.26302        0.091087               
         A        582        PHE         0.07673        0.053235        0.054708        0.026334         0.20461       0.0019112               
         A        583        LYS         0.88483          0.7415          1.3077         0.76132          2.5322         0.20461               
         A        584        ASP         0.63779         0.25867         0.85664         0.19022           1.084         0.37104               
         A        585        LEU        0.087221        0.075088        0.026604        0.023192         0.24789               0               
         A        586        PHE         0.76231         0.31113         0.96291         0.19751           1.217         0.30248               
         A        587        GLU         0.67489         0.35702         0.92977          0.2828          1.4232         0.27072               
         A        588        LEU        0.076277        0.079084       0.0029096       0.0050396          0.2187               0               
         A        589        LYS         0.65679         0.44961         0.96214         0.39189          1.6379         0.23312               
         A        590        ILE         0.36652         0.18263         0.52666         0.11506         0.70818         0.15137               
         A        591        ILE        0.083756        0.045259        0.044971        0.019631         0.16423        0.016573               
         A        592        ASP         0.18984         0.09995         0.27223        0.065374         0.35323        0.063253               
         A        593        LEU       0.0071499        0.012387      0.00047779      0.00082756        0.036804               0               
         A        594        GLY          0.0988         0.02409               0               0          0.1326        0.068705               
         A        595        LEU         0.44248         0.22886         0.60876         0.20149          0.9119         0.12042               
         A        596        ASN         0.18037         0.11396        0.073769        0.050337         0.31897        0.011638               
         A        597        ASN          0.7862         0.32736          1.0755         0.19601          1.3954         0.38932               
         A        598        LEU         0.17179         0.11658        0.062856        0.055821         0.31068               0               
         A        599        ASN         0.71504         0.26618         0.96308         0.10996           1.105         0.35323               
         A        600        THR         0.87677          0.2846          1.1841         0.11142          1.3155         0.49926               
         A        601        LEU          0.2893          0.1525          0.1517        0.048026         0.54369          0.1085               
         A        602        PRO         0.66287         0.13711         0.70607         0.14589          0.9119           0.478               
         A        603        ALA         0.91424         0.16565          1.2408               0          1.2408         0.79653               
         A        604        SER         0.71683          0.2774          1.0733         0.14369           1.217         0.42738               
         A        605        VAL         0.21495        0.053581          0.2031        0.031139         0.30248         0.15137               
         A        606        PHE        0.091425        0.069799        0.051261        0.041448         0.21161               0               
         A        607        ASN          0.7426         0.29313         0.94187         0.24951          1.3415         0.31068               
         A        608        ASN         0.59391         0.19444         0.73136         0.18824          1.0233         0.38012               
         A        609        GLN         0.16553        0.088648          0.1049         0.03498         0.36208        0.063253               
         A        610        VAL         0.67163         0.19837         0.88525        0.062733         0.92961         0.40809               
         A        611        SER         0.60756         0.20788         0.87541         0.10933         0.98474         0.37104               
         A        612        LEU         0.14744         0.12725        0.028606        0.049548         0.31897               0               
         A        613        LYS         0.70367         0.35168         0.97004         0.24664          1.3415         0.31897               
         A        614        SER         0.31626         0.12762         0.47279       0.0052042           0.478         0.15137               
         A        615        LEU         0.07856        0.050205        0.035597       0.0091967         0.17739        0.026589               
         A        616        ASN         0.21574          0.1228         0.32165          0.0791         0.42738        0.057855               
         A        617        LEU        0.024657        0.027163      0.00047779      0.00082756        0.068705               0               
         A        618        GLN         0.23511        0.067156         0.28329        0.046241         0.36208         0.12647               
         A        619        LYS         0.80014          0.5831          1.1742         0.54425          2.1104         0.27851               
         A        620        ASN         0.17863         0.11596        0.072079        0.025845          0.3445        0.036804               
         A        621        LEU          0.6542         0.26327         0.90337        0.093714          1.0431         0.30248               
         A        622        ILE         0.17044        0.096445        0.097668        0.068286         0.31068               0               
         A        623        THR         0.48736         0.17648         0.68039        0.083657         0.76608         0.31897               
         A        624        SER         0.33705         0.15556         0.53266        0.095441         0.62811         0.18408               
         A        625        VAL         0.13067        0.069669        0.069387         0.02677         0.24789        0.031671               
         A        626        GLU         0.58517         0.25128         0.76418         0.19357         0.98474         0.27851               
         A        627        LYS          1.3812          1.0503           2.013          1.0424          3.8465         0.54369               
         A        628        LYS          1.1572         0.54775          1.5238         0.48097          2.3613         0.57877               
         A        629        VAL         0.34411        0.086938         0.30749         0.10101         0.45733         0.19084               
         A        630        PHE         0.14029        0.070081          0.1027        0.053215         0.26302        0.026589               
         A        631        GLY         0.39204        0.060471               0               0         0.44721         0.29439               
         A        632        PRO         0.40838        0.065226         0.47512        0.029832         0.51013         0.31068               
         A        633        ALA         0.14268         0.05492        0.057855               0         0.22587        0.057855               
         A        634        PHE         0.13501        0.097778        0.074507        0.045057         0.32737       0.0067513               
         A        635        ARG          2.0212          1.6154          2.8179          1.5323          5.7225         0.43722               
         A        636        ASN         0.99021         0.44362          1.3807            0.29          1.6379         0.52115               
         A        637        LEU         0.23474         0.15396        0.094965        0.081877         0.41767               0               
         A        638        THR         0.79371         0.22623         0.98808        0.082693           1.105         0.43722               
         A        639        GLU         0.48654         0.18211           0.609         0.13112         0.81215         0.20461               
         A        640        LEU        0.098444        0.089562        0.013344         0.01514          0.2187               0               
         A        641        ASP         0.18808         0.11339         0.27128         0.10492         0.43722        0.057855               
         A        642        MET        0.025038        0.018932        0.029642        0.023349        0.068705       0.0067513               
         A        643        ARG         0.55597         0.40889         0.77327         0.36305          1.3682          0.1085               
         A        644        PHE         0.69088         0.39612         0.92622          0.3064          1.3155         0.24789               
         A        645        ASN         0.14584        0.074041        0.081904        0.028054         0.27072        0.052513               
         A        646        PRO         0.41206          0.1257         0.52732        0.095732         0.62811         0.26302               
         A        647        PHE        0.073245        0.054984        0.037834        0.024578         0.18408               0               
         A        648        ASP         0.41284          0.2235         0.61839         0.11936         0.75124         0.17077               
         A        649        CYS         0.19061        0.089883           0.109        0.023596         0.33588        0.085404               
         A        650        THR         0.69877         0.26073         0.97297        0.038555          1.0233         0.33588               
         A        651        CYS         0.83014         0.19556           1.084               0           1.084         0.55521               
         A        652        GLU          1.7869         0.82281          2.4133         0.57258          3.3416         0.89452               
         A        653        SER          0.5515         0.20051         0.68368         0.12847         0.81215         0.25541               
         A        654        ILE          0.1136        0.085087        0.044152        0.044562         0.27072               0               
         A        655        ALA         0.33387        0.095808         0.51013               0         0.51013          0.2187               
         A        656        TRP         0.39727         0.10464         0.41082         0.11825         0.62811         0.27072               
         A        657        PHE        0.094116        0.075798        0.044258        0.041822         0.22587               0               
         A        658        VAL         0.26067          0.1221         0.23259         0.12033         0.43722        0.096829               
         A        659        ASN         0.66808         0.13498         0.64775        0.023488         0.92961         0.42738               
         A        660        TRP         0.29554          0.1847          0.1881        0.085052         0.59082        0.057855               
         A        661        ILE         0.30608         0.18436         0.15291        0.086604         0.59082        0.052513               
         A        662        ASN          1.2722         0.37794          1.4944         0.33607          2.0203         0.68063               
         A        663        GLU          1.5708         0.28753          1.6468         0.34282          2.2061          1.2408               
         A        664        THR         0.79281         0.30589         0.46446        0.021072          1.1937         0.43722               
         A        665        HIS          2.1465          1.2678          2.8774          1.1519          4.6324         0.87746               
         A        666        THR         0.46252         0.14921         0.29992        0.013858         0.64093          0.2864               
         A        667        ASN          1.2503         0.48371          1.6918         0.23316          2.0203         0.66718               
         A        668        ILE         0.42111         0.20131         0.23491        0.067191         0.75124         0.17077               
         A        669        PRO          0.7767         0.15039         0.88095           0.131          1.0431         0.52115               
         A        670        GLU         0.94458         0.28411          1.1219         0.21362          1.4517         0.45733               
         A        671        LEU         0.44888          0.1301          0.3786         0.13652         0.59082         0.17077               
         A        672        SER          1.0099         0.18373          1.2562        0.085369          1.3415         0.82805               
         A        673        SER           1.074         0.32108          1.4936         0.17812          1.6718         0.78118               
         A        674        HIS         0.97143          0.5135          1.3006           0.395          1.8944         0.31897               
         A        675        TYR         0.12252        0.070978        0.085362        0.026851         0.31897        0.052513               
         A        676        LEU         0.37221         0.21178         0.54439         0.17222         0.82805         0.16423               
         A        677        CYS         0.22669         0.14078        0.072117        0.060478         0.44721        0.011638               
         A        678        ASN         0.89811         0.34369          1.1122         0.30668          1.4232         0.38012               
         A        679        THR         0.65257         0.21533         0.83646          0.1561          1.0038         0.31068               
         A        680        PRO         0.87399         0.19433         0.91683         0.24855          1.1937         0.59082               
         A        681        PRO           1.687         0.35972          2.0447          0.2645          2.2562          1.2901               
         A        682        HIS          1.9159         0.67725          2.3231         0.58843           3.168           1.217               
         A        683        TYR           0.563         0.15992         0.56096         0.16202         0.89452         0.37104               
         A        684        HIS          1.2873          0.4041          1.5597         0.27181          1.9771         0.76608               
         A        685        GLY         0.84319         0.11309               0               0         0.96601         0.68063               
         A        686        PHE         0.60501         0.26128         0.75011         0.20711           1.084         0.19084               
         A        687        PRO         0.52871         0.20831         0.73838         0.10434         0.81215         0.25541               
         A        688        VAL        0.078227        0.061539        0.011194          0.0145         0.16423               0               
         A        689        ARG          1.0199         0.67651          1.3487         0.64184          2.5931         0.27072               
         A        690        LEU          1.2233         0.48953          1.5985         0.39321          2.1575         0.54369               
         A        691        PHE         0.34268         0.14011         0.24387        0.039838         0.61548         0.18408               
         A        692        ASP          1.4232         0.68602          2.0385         0.41405          2.5322         0.61548               
         A        693        THR          1.0098         0.37601         0.72094         0.18749           1.605         0.45733               
         A        694        SER          3.2864           0.839          4.1102         0.37392          4.4841          1.8162               
         A        695        SER          2.4851         0.20176          2.4638         0.25763          2.7214          2.2061               
         A        696        CYS          2.0019         0.48482          1.2408               0          2.6561          1.2408               
