pdb_id: 
analysis type: unbound
radii_file: F:\psiafrombintisolah\PSAIA-1.0\amac_data\chothia.radii
CX_sRadius: 10
CX_vAtom: 20.1

  chain id|    res id|  res name|     average CX|       s_avg CX|    s-ch avg CX|  s-ch s_avg CX|         max CX|         min CX|               
         R          3        PRO          1.8497         0.54439          2.3477         0.35219          2.6561          1.1708               
         R          4        PRO         0.88691         0.30837          1.1332         0.20456          1.2901         0.41767               
         R          5        GLY         0.55115        0.051496               0               0         0.61548           0.478               
         R          6        LYS         0.88225         0.27535          1.1062          0.1432          1.3155         0.54369               
         R          7        PRO         0.30105         0.10706         0.19285        0.049616         0.44721         0.15776               
         R          8        GLU         0.70972         0.39564          1.0163         0.26258          1.3682          0.2864               
         R          9        ILE         0.20787         0.14312         0.08941        0.053054           0.478        0.026589               
         R         10        PHE         0.87924          0.2007         0.91291         0.17383          1.1265         0.45733               
         R         11        LYS         0.84207         0.36524          1.1386         0.27409          1.5414         0.38012               
         R         12        CYS         0.24059        0.095263         0.12094        0.024106         0.37104        0.096829               
         R         13        ARG         0.57504         0.33426         0.78194         0.23599          1.1265         0.13878               
         R         14        SER         0.15109        0.046082        0.093958       0.0028713         0.22587        0.091087               
         R         15        PRO         0.38635         0.12217         0.49888         0.10011         0.61548         0.24789               
         R         16        ASN         0.46911         0.18013         0.61926         0.13068         0.82805         0.26302               
         R         17        LYS         0.21121        0.047956         0.18554        0.041205         0.27072         0.11443               
         R         18        GLU         0.81444          0.3749          1.0735          0.3107          1.5414         0.36208               
         R         19        THR         0.42894         0.19225          0.6155         0.11859         0.78118         0.18408               
         R         20        PHE        0.041348        0.046231        0.010972        0.021704          0.1326               0               
         R         21        THR         0.20848        0.067893         0.27637        0.024459         0.31068        0.091087               
         R         22        CYS        0.072449        0.061985               0               0         0.15137               0               
         R         23        TRP         0.40275         0.12104         0.47052        0.065865         0.57877         0.21161               
         R         24        TRP         0.15909          0.1205        0.098275        0.062623         0.41767               0               
         R         25        ARG          1.2117         0.60546          1.6091         0.37252          2.0203         0.42738               
         R         26        PRO         0.63355         0.16094          0.6978         0.14265         0.82805         0.37104               
         R         27        GLY         0.90072           0.377               0               0          1.4232         0.46759               
         R         28        THR          1.2333         0.30339          1.4873         0.12421           1.605         0.65395               
         R         29        ASP          1.1619         0.20844          1.1429         0.22983          1.3682         0.76608               
         R         30        GLY          1.7459          0.1024               0               0          1.8944           1.605               
         R         31        GLY          1.5842         0.16747               0               0          1.7421          1.3155               
         R         34        THR         0.77373         0.27404         0.49175        0.099235          1.1708         0.36208               
         R         35        ASN          1.4527         0.66461          2.0219         0.42874          2.7214         0.59082               
         R         36        TYR         0.41662         0.17562         0.31198         0.09946         0.76608         0.17077               
         R         37        SER         0.41755         0.18456          0.6297        0.050928         0.68063         0.11443               
         R         38        LEU         0.14627         0.13306        0.027346        0.043554         0.37104               0               
         R         39        THR         0.33145         0.15021         0.47761         0.10024         0.61548         0.14504               
         R         40        TYR         0.17394        0.076837         0.14335         0.05058         0.35323        0.068705               
         R         41        HIS         0.35447         0.14122         0.45983        0.060837         0.55521         0.13878               
         R         42        ARG         0.60894         0.26965          0.7183         0.27841          1.1708         0.32737               
         R         43        GLU          1.0552         0.35345          1.2011          0.3232          1.7786         0.48855               
         R         44        GLY          1.4423         0.25509               0               0          1.8162          1.1265               
         R         45        GLU          1.2204         0.26925          1.1281         0.23385           1.605         0.75124               
         R         46        THR          1.7739         0.28419          1.9247         0.30867          2.3613          1.4232               
         R         47        LEU          1.6092         0.25797          1.7765         0.25676          2.0647          1.3155               
         R         48        MET          1.1308         0.18489          1.1512         0.20891          1.4809         0.92961               
         R         49        HIS         0.73665         0.24779         0.83379         0.26247          1.3155         0.43722               
         R         50        GLU         0.93471         0.33821          1.1677         0.28369          1.7065         0.54369               
         R         51        CYS         0.37482         0.15892         0.19474        0.068271         0.61548         0.12647               
         R         52        PRO         0.49579         0.20316         0.33967         0.15877         0.82805         0.17739               
         R         53        ASP         0.63004         0.20398          0.8017         0.12465         0.94764         0.31897               
         R         54        TYR         0.57994         0.14247         0.54658         0.14065         0.76608         0.33588               
         R         55        ILE           1.845         0.70466          2.4276         0.55384          3.3416          1.1265               
         R         56        THR          1.2626         0.16005          1.3245         0.14191          1.4517          1.0633               
         R         57        GLY         0.79389        0.047027               0               0         0.86069         0.73665               
         R         58        GLY          1.0093         0.14388               0               0           1.217         0.81215               
         R         59        PRO          1.4751         0.56693          2.0523         0.31754          2.4733         0.81215               
         R         60        ASN          0.5881         0.25499         0.78081         0.18456          1.0633          0.2187               
         R         61        SER         0.25375         0.12534         0.41826        0.028944         0.44721         0.11443               
         R         62        CYS        0.033423        0.027385               0               0        0.074214               0               
         R         63        HIS         0.28936         0.10963         0.36922        0.061239         0.45733          0.1326               
         R         64        PHE        0.096245        0.099229        0.033263        0.046786         0.27072               0               
         R         65        GLY         0.56253        0.081113               0               0         0.64093         0.42738               
         R         66        LYS          1.8031         0.90214          2.4122         0.79022          3.7363          0.9119               
         R         67        GLN          2.3522         0.95959          3.0823          0.6633          3.8465          1.2901               
         R         68        TYR         0.81385         0.40558         0.96292         0.40438          1.8548         0.27851               
         R         69        THR         0.40558          0.1416         0.27687        0.035067         0.65395         0.23312               
         R         70        SER         0.48533         0.19242         0.70232          0.1922         0.89452         0.32737               
         R         71        MET         0.77296         0.10892         0.80292        0.067202         0.92961          0.5669               
         R         72        TRP           1.548         0.74532          1.8132         0.72271           2.932         0.70818               
         R         73        ARG         0.97867         0.56001          1.2706         0.49577          2.2562         0.26302               
         R         74        THR         0.37754         0.11367         0.48865        0.073537         0.57877         0.22587               
         R         75        TYR         0.11267        0.068173        0.082026        0.056997         0.23312       0.0067513               
         R         76        ILE         0.30088         0.15418         0.44031        0.065593         0.51013        0.091087               
         R         77        MET         0.09759        0.098012        0.007077       0.0088024         0.24789               0               
         R         78        MET         0.29169         0.20095          0.4722         0.11936         0.62811        0.063253               
         R         79        VAL        0.091714        0.067636        0.019453        0.015098         0.18408               0               
         R         80        ASN         0.33913         0.11497         0.44459        0.059153         0.53233         0.21161               
         R         81        ALA         0.26458         0.06187         0.16423               0         0.33588         0.16423               
         R         82        THR         0.78192         0.21105           1.018        0.050455          1.0633         0.54369               
         R         83        ASN         0.77802         0.14791         0.75225         0.12351          1.0233         0.60306               
         R         84        GLN           2.133         0.88106          2.6661         0.81933          3.7363          1.0431               
         R         85        MET          1.7063         0.24494          1.8878         0.19547          2.1575          1.3415               
         R         86        GLY          1.3095         0.33766               0               0          1.6718         0.87746               
         R         87        SER          0.9543         0.17481          0.9431         0.16193          1.1484         0.73665               
         R         88        SER          0.6071         0.13872         0.70601        0.090523         0.79653         0.38012               
         R         89        PHE          1.1039         0.49847          1.3517         0.46764          2.0647         0.60306               
         R         90        SER         0.44439         0.19141         0.22279        0.025101         0.69429         0.19769               
         R         91        ASP          1.1693         0.54588          1.6451         0.32681          2.1104         0.39864               
         R         92        GLU         0.87102          0.1732         0.95279         0.18712          1.3155         0.69429               
         R         93        LEU         0.53448         0.12668         0.52108          0.1331         0.73665          0.3445               
         R         94        TYR         0.98373         0.27858          1.1539         0.15772          1.4809         0.51013               
         R         95        VAL         0.20173        0.078891          0.1494         0.01299         0.33588          0.1085               
         R         96        ASP         0.37708         0.13821         0.48567        0.087075         0.61548         0.18408               
         R         97        VAL        0.063383        0.046477        0.071895        0.038652         0.13878               0               
         R         98        THR           0.278         0.11592          0.4023        0.027145         0.43722        0.096829               
         R         99        TYR         0.93827         0.48891          1.1973         0.39214          2.0647         0.30248               
         R        100        ILE         0.17637        0.085942         0.16846         0.11134         0.31068        0.021556               
         R        101        VAL         0.07553        0.041297        0.031553        0.023909         0.11443               0               
         R        102        GLN         0.36217         0.20805         0.51652         0.15053         0.68063         0.12042               
         R        103        PRO         0.12745        0.084085        0.050141         0.06286         0.22587               0               
         R        104        ASP         0.55675         0.27611         0.78274         0.18862          1.0431         0.13878               
         R        105        PRO          0.3732         0.16734         0.52931         0.10974         0.64093         0.14504               
         R        106        PRO        0.077673        0.081985               0               0         0.22587               0               
         R        107        LEU         0.79507         0.34788          1.1102         0.18167          1.2901         0.33588               
         R        108        GLU          1.8159          1.0766          2.6236         0.78086          3.9618         0.68063               
         R        109        LEU         0.29442         0.16185         0.14724        0.079587         0.51013        0.057855               
         R        110        ALA         0.49952         0.17641         0.81215               0         0.81215         0.27851               
         R        111        VAL         0.39988         0.19801          0.2053        0.059645         0.72229         0.12647               
         R        112        GLU         0.93508         0.47788          1.3291         0.22938           1.605         0.30248               
         R        113        VAL         0.49173         0.15227         0.38327         0.11404         0.78118         0.25541               
         R        114        LYS         0.83938         0.56826          1.1937          0.5346          2.0647          0.2187               
         R        115        GLN          0.5846        0.096227         0.60418          0.1152         0.76608         0.41767               
         R        116        PRO         0.80393          0.1934         0.82525         0.26503          1.1484         0.49926               
         R        117        GLU          2.0878         0.92037          2.7991         0.61447          3.5304           1.084               
         R        118        ASP          1.9288         0.39561          2.2663         0.28069          2.7214          1.4517               
         R        119        ARG          1.7282         0.93596          2.2078         0.85005          3.8465         0.64093               
         R        120        LYS          1.1136         0.64982          1.5455         0.57265          2.2562         0.44721               
         R        121        PRO         0.24469        0.073069         0.22392        0.081346         0.35323         0.14504               
         R        122        TYR         0.36278         0.14734         0.44038         0.11722         0.62811         0.16423               
         R        123        LEU         0.10178        0.063846        0.044033        0.036224         0.17077               0               
         R        124        TRP         0.56818         0.22748         0.68919         0.14429         0.87746         0.24789               
         R        125        ILE         0.10921        0.096596        0.017749         0.02107         0.23312               0               
         R        126        LYS         0.64995         0.44046          0.9495         0.38259          1.6379         0.23312               
         R        127        TRP         0.14319         0.18223        0.036147        0.046897         0.53233               0               
         R        128        SER         0.66109         0.21349         0.93896        0.027055         0.96601         0.39864               
         R        129        PRO         0.54829         0.15781         0.64503         0.14001         0.75124         0.32737               
         R        130        PRO         0.41608         0.24253         0.19053        0.071587         0.78118         0.11443               
         R        131        THR          1.2561           0.295          1.5736        0.045495          1.6379         0.81215               
         R        132        LEU          0.8687         0.29976         0.98288         0.28066          1.4517         0.39864               
         R        133        ILE          0.5963         0.32886         0.33949         0.14811          1.1937         0.15776               
         R        136        LYS          1.9689         0.61169          1.6379               0          3.0862          1.4517               
         R        137        THR          2.6482         0.57203          2.4402         0.13008          3.8465          1.8548               
         R        138        GLY          1.7592         0.32738               0               0          2.3079          1.4809               
         R        139        TRP          1.5179         0.30022          1.4632         0.32647          1.9771         0.89452               
         R        140        PHE         0.57977         0.37058         0.33437         0.20972          1.1484        0.096829               
         R        141        THR         0.81695          0.2954          1.1009         0.18657          1.3155         0.40809               
         R        142        LEU         0.24762         0.16535         0.10279        0.072119           0.478        0.026589               
         R        143        LEU         0.34104         0.18716         0.50363         0.10177         0.62811        0.052513               
         R        144        TYR        0.088955        0.067952        0.089281        0.073238         0.19084               0               
         R        145        GLU         0.18496         0.17408         0.31584         0.12209         0.43722               0               
         R        146        ILE        0.032732        0.060092               0               0         0.17077               0               
         R        147        ARG         0.30026         0.23084         0.43593         0.18041         0.69429        0.031671               
         R        148        LEU         0.11033        0.078644        0.047566        0.042193         0.23312       0.0067513               
         R        149        LYS         0.45229         0.31721         0.68215         0.24521           1.084         0.07978               
         R        150        PRO         0.39502         0.13454         0.39742        0.050975         0.66718         0.20461               
         R        151        GLU         0.94259         0.33574          1.1171          0.3081          1.6718         0.39864               
         R        152        LYS          2.3603          1.2072          2.9909          1.2401          5.1293          1.0233               
         R        153        ALA          1.3258         0.41288         0.81215               0          1.9352         0.81215               
         R        154        ALA          2.2804         0.21196          2.5931               0          2.5931          1.9352               
         R        155        GLU          2.8143          1.6416          3.9077          1.4348          6.4428         0.98474               
         R        156        TRP         0.66199         0.26191         0.56204         0.22637           1.084          0.2187               
         R        157        GLU         0.58272         0.13634         0.63623         0.13103         0.81215          0.3445               
         R        158        ILE         0.75649         0.16431         0.72267         0.13957           1.084          0.5669               
         R        159        HIS          0.5802         0.16285          0.6672         0.13519         0.87746         0.29439               
         R        160        PHE         0.83716         0.22029         0.94867         0.19496          1.2652         0.54369               
         R        161        ALA         0.45173           0.182         0.20461               0         0.73665         0.20461               
         R        162        GLY         0.65561         0.15364               0               0         0.86069         0.42738               
         R        163        GLN          1.3107         0.51582          1.6601         0.45078          2.4733         0.84423               
         R        164        GLN          1.0763         0.56015          1.4886         0.39322          2.1575         0.30248               
         R        165        THR         0.48905         0.21169         0.61334          0.2631         0.98474          0.3445               
         R        166        GLU         0.75209         0.39826          1.0493         0.29366          1.5108          0.3445               
         R        167        PHE         0.30256         0.13255         0.34108         0.15293         0.54369          0.1326               
         R        168        LYS         0.70225         0.29577         0.91085         0.23313          1.3155         0.37104               
         R        169        ILE         0.26882        0.083645         0.20677        0.067014         0.37104        0.096829               
         R        170        LEU         0.92596         0.23308          1.0741          0.1896          1.3954         0.59082               
         R        171        SER         0.99401         0.41622          1.5049         0.31126          1.8162          0.5669               
         R        172        LEU         0.39287         0.23053         0.20745         0.11974         0.79653        0.063253               
         R        173        HIS          1.1021         0.44067          1.3616         0.38722          2.0203         0.60306               
         R        174        PRO         0.84935         0.11819         0.90913         0.12804          1.0431         0.69429               
         R        175        GLY         0.94668         0.12669               0               0          1.1265         0.81215               
         R        176        GLN         0.74489         0.28093         0.93076         0.22768          1.3155         0.33588               
         R        177        LYS         0.90961         0.57133          1.2987         0.49325          2.0647         0.35323               
         R        178        TYR         0.18505         0.10653         0.14765         0.10587         0.38932        0.021556               
         R        179        LEU         0.27424         0.12928         0.38573         0.06842         0.48855         0.07978               
         R        180        VAL        0.057049        0.055663       0.0071855        0.010162         0.15137               0               
         R        181        GLN          0.2258         0.21926         0.39374         0.15112         0.60306               0               
         R        182        VAL       0.0054889         0.01094               0               0        0.031671               0               
         R        183        ARG         0.23481         0.26334         0.36899         0.24385         0.79653               0               
         R        184        CYS       0.0063712       0.0099905               0               0        0.026589               0               
         R        185        LYS         0.34204         0.28109         0.52063         0.26316         0.94764        0.052513               
         R        186        PRO         0.12369          0.1069        0.044419        0.026635          0.3445       0.0067513               
         R        187        ASP         0.61341          0.1411         0.68322         0.12915         0.89452         0.39864               
         R        188        HIS          1.2479         0.66801          1.6708         0.53731          2.4733         0.45733               
         R        189        GLY         0.39203        0.084737               0               0         0.52115         0.29439               
         R        190        TYR         0.53005         0.18851         0.63444          0.1333         0.79653         0.21161               
         R        191        TRP         0.39825         0.15648         0.41676         0.17715         0.69429         0.14504               
         R        192        SER         0.23549         0.11093         0.11742       0.0029958         0.41767         0.11443               
         R        193        ALA         0.54874         0.17349         0.84423               0         0.84423         0.31897               
         R        194        TRP         0.40949         0.20674          0.3423         0.18667         0.82805        0.036804               
         R        195        SER         0.34108         0.14971         0.17077               0          0.5669         0.17077               
         R        196        PRO         0.88844         0.28528          1.1701          0.1713          1.3155         0.48855               
         R        197        ALA         0.83584         0.18261         0.60306               0          1.1484         0.60306               
         R        198        THR         0.53033         0.12422         0.55641        0.043019         0.72229         0.27851               
         R        199        PHE         0.98514         0.25438          1.1528         0.15345          1.4232         0.65395               
         R        200        ILE         0.39677         0.11316         0.34114         0.11096         0.53233         0.17739               
         R        201        GLN         0.93743         0.31448           1.204         0.11304          1.3954         0.48855               
         R        202        ILE         0.30964         0.20506         0.14012        0.092116         0.69429        0.021556               
         R        203        PRO         0.68846         0.18894         0.59759         0.17855         0.96601         0.42738               
         R        204        SER          1.4914         0.36669          1.9681         0.18945          2.1575          1.0633               
         R        205        ASP          1.5321         0.50109          1.9132         0.42776          2.5931         0.92961               
         R        206        PHE         0.31406         0.19425         0.18887         0.08717         0.73665         0.11443               
         R        207        THR         0.66592         0.14102         0.65287          0.1624         0.86069         0.44721               
         R        208        MET          1.2455         0.25662          1.4486         0.17185          1.7421         0.87746               
         R        209        ASN          1.0349         0.17567          1.1106         0.19129          1.4232         0.79653               
         R        210        ASP          1.3151         0.33464          1.5892         0.24062          1.8162         0.87746               
         R        211        THR           2.014         0.45289          2.3888        0.027551          2.4164          1.1708               
