pdb_id: 
analysis type: unbound
radii_file: F:\psiafrombintisolah\PSAIA-1.0\amac_data\chothia.radii
CX_sRadius: 10
CX_vAtom: 20.1

  chain id|    res id|  res name|     average CX|       s_avg CX|    s-ch avg CX|  s-ch s_avg CX|         max CX|         min CX|               
         A        219        GLY          4.0002          1.1724               0               0          5.7225          2.5931               
         A        220        SER           2.476         0.49279           2.932               0          3.0862          1.8944               
         A        221        HIS          1.4133         0.12822           1.217               0           1.605           1.217               
         A        222        HIS          2.7959         0.49513          3.0135         0.42138          3.6311          1.8162               
         A        223        HIS          2.9865         0.57752          3.3888         0.36477          3.8465          2.1575               
         A        224        HIS          1.6858         0.67246          1.1941          0.1898          3.0076         0.94764               
         A        225        HIS          2.8441         0.53173          3.0155         0.36893          3.5304          1.7421               
         A        226        HIS          3.0318         0.30933               0               0           3.434          2.5931               
         A        227        GLY           2.913         0.38495               0               0          3.5304          2.4733               
         A        228        SER          2.6039         0.54402          3.0561          0.1969           3.253          1.6718               
         A        229        GLY           1.592         0.30558               0               0          2.0203          1.2901               
         A        230        THR          1.1414         0.40623          1.4887         0.30804          1.8944         0.54369               
         A        231        ASP         0.82207         0.15044         0.74787         0.11887           1.105         0.64093               
         A        232        ILE         0.38253         0.11656         0.32567         0.13231         0.53233         0.17739               
         A        233        THR         0.41617        0.042078         0.41197        0.031356         0.48855         0.35323               
         A        234        ASN           1.436         0.47272          1.7711         0.41856          2.4733         0.81215               
         A        235        GLN         0.94242         0.19165          1.0942         0.11075          1.2408         0.66718               
         A        236        LEU         0.46166          0.1916         0.22074        0.049972         0.73665         0.17077               
         A        237        THR          1.0057         0.22363          1.3415               0          1.3415         0.72229               
         A        238        ASN          1.5979         0.45732          1.9481         0.38055          2.5931          1.0038               
         A        239        VAL          0.7119         0.22861         0.47593        0.084819          1.0038         0.37104               
         A        240        THR         0.92838         0.39463          1.2981         0.31943          1.7421         0.46759               
         A        241        VAL         0.49203         0.17698         0.30842         0.06385         0.72229          0.2187               
         A        242        GLY         0.43896         0.11257               0               0          0.5669         0.27072               
         A        243        ILE           0.396         0.17412         0.26626        0.041269         0.78118          0.2187               
         A        244        ASP          1.0291         0.40779          1.3955         0.22094          1.7065         0.53233               
         A        245        SER         0.81389         0.27158         0.52773        0.039172          1.3155         0.48855               
         A        246        GLY          1.0524          0.2031               0               0          1.3682         0.81215               
         A        247        THR          1.6556         0.62121          2.2988         0.29938          2.7214         0.86069               
         A        248        THR         0.82032         0.21829         0.95399         0.24474          1.2652         0.59082               
         A        249        VAL         0.17962        0.051226         0.12463        0.014433         0.24789         0.11443               
         A        250        TYR         0.77877         0.32488         0.93172          0.2903           1.605         0.35323               
         A        251        PRO         0.17367        0.080585        0.084414        0.030848         0.26302        0.041988               
         A        252        HIS         0.20967         0.14129         0.11965        0.094665         0.42738        0.036804               
         A        253        GLN           1.179         0.34435          1.3898         0.26321          1.8548         0.57877               
         A        254        ALA           0.747         0.11652         0.94764               0         0.94764         0.61548               
         A        255        GLY         0.45921         0.13418               0               0         0.65395         0.31068               
         A        256        TYR         0.52954         0.25643         0.62597         0.26495          1.0633         0.25541               
         A        257        VAL         0.20175        0.090708         0.10364        0.033398         0.31897        0.063253               
         A        258        LYS         0.62713         0.34698         0.85997         0.30745          1.4232         0.31068               
         A        259        LEU         0.12965         0.11624        0.018995        0.021111         0.30248               0               
         A        260        ASN         0.52052          0.1773         0.68233        0.095184         0.84423         0.30248               
         A        261        TYR          0.1435         0.12905        0.058573        0.039068         0.40809        0.021556               
         A        262        GLY         0.45864        0.043601               0               0         0.51013         0.39864               
         A        263        PHE         0.20271         0.17745        0.077532        0.070669         0.49926               0               
         A        264        SER         0.72154         0.20406           1.004        0.019269          1.0233         0.52115               
         A        265        VAL         0.27476         0.17531        0.093788        0.029186         0.55521        0.052513               
         A        266        PRO           0.597          0.1232         0.56452          0.1447         0.75124         0.39864               
         A        267        ASN           1.074         0.15087          1.2776        0.012446          1.2901         0.89452               
         A        268        SER          1.3965         0.44549          1.9681         0.18945          2.1575         0.87746               
         A        269        ALA         0.42295          0.1497         0.17739               0         0.57877         0.17739               
         A        270        VAL         0.71175         0.23296         0.96788        0.060676          1.0431         0.42738               
         A        271        LYS          0.8261         0.12144          1.0431               0          1.0431         0.73665               
         A        272        GLY         0.59718        0.020426               0               0         0.62811         0.57877               
         A        273        ASP         0.44821         0.13341         0.50854         0.13361         0.69429         0.24046               
         A        274        THR         0.36185        0.094216         0.43636        0.092596          0.5669         0.23312               
         A        275        PHE        0.077493        0.082121        0.019294        0.032977         0.19769               0               
         A        276        LYS         0.47582         0.30217         0.67087         0.27941          1.1937         0.18408               
         A        277        ILE         0.11484         0.08559        0.031851        0.026627          0.2187               0               
         A        278        THR         0.41556         0.13713         0.55807        0.067798         0.65395         0.24789               
         A        279        VAL         0.24977        0.095895         0.15601        0.021272         0.38932          0.1326               
         A        280        PRO         0.38914         0.11038         0.29147        0.082676         0.54369         0.22587               
         A        281        LYS          1.4247          1.0417          2.0509          1.0342          3.8465         0.57877               
         A        282        GLU         0.61965          0.2615         0.78693         0.22846           1.105         0.27072               
         A        283        LEU         0.16769         0.10279        0.077885        0.049942          0.2864        0.016573               
         A        284        ASN         0.31323          0.0581         0.34915        0.056717         0.39864         0.23312               
         A        285        LEU         0.21417         0.10189         0.13426         0.07573         0.37104        0.068705               
         A        286        ASN         0.50153         0.11541         0.60172        0.052364         0.66718         0.32737               
         A        287        GLY         0.26094        0.083797               0               0         0.38012         0.15137               
         A        288        VAL         0.28418        0.054752         0.29772        0.066564         0.38932         0.20461               
         A        289        THR         0.50196        0.064215         0.49942        0.015366         0.62811         0.39864               
         A        290        SER         0.72098         0.13747         0.63452       0.0064099         0.92961         0.57877               
         A        291        THR         0.79157          0.0881          0.9119               0          0.9119         0.68063               
         A        292        ALA         0.83706         0.16121         0.54369               0          1.0233         0.54369               
         A        293        LYS         0.76646         0.18957          1.1265               0          1.1265         0.60306               
         A        294        VAL         0.44055         0.12017         0.34968         0.10547         0.60306         0.23312               
         A        295        PRO         0.42049         0.09956         0.45313        0.093858         0.57877         0.26302               
         A        296        PRO         0.72269          0.2004         0.94416        0.071372          1.0431           0.478               
         A        297        ILE         0.22932         0.13451         0.10423        0.057565         0.39864        0.021556               
         A        298        MET          1.1056         0.34591           1.393         0.21087          1.7065         0.53233               
         A        302        GLN          2.0182         0.61339          2.4619         0.39727          2.8592          1.2408               
         A        303        VAL           1.081         0.31452          1.2523         0.33794          1.6718         0.76608               
         A        304        LEU         0.25275         0.14126         0.14726        0.050429         0.52115        0.096829               
         A        305        ALA         0.25413         0.11422         0.07978               0         0.38932         0.07978               
         A        306        ASN         0.64205         0.26014         0.88489         0.11508         0.98474         0.32737               
         A        307        GLY         0.40487        0.096515               0               0          0.5669         0.32737               
         A        308        VAL         0.44625         0.11353         0.56011        0.040224         0.61548         0.27072               
         A        309        ILE         0.53715         0.14007         0.47486        0.055514         0.79653         0.39864               
         A        310        ASP          1.1172         0.20607          1.0774         0.16855          1.4809         0.82805               
         A        311        SER          2.9855          0.6431          3.7363               0          3.7363          1.8548               
         A        312        ASP          1.8297         0.68351           2.338         0.54804          3.0862          0.9119               
         A        313        GLY         0.59005         0.19412               0               0         0.87746          0.3445               
         A        314        ASN         0.59427         0.14685         0.67983         0.14931          0.9119         0.40809               
         A        315        VAL         0.16792        0.057245         0.11279        0.019708         0.27072        0.091087               
         A        316        ILE         0.31978        0.062216          0.3664        0.052598         0.41767         0.23312               
         A        317        TYR         0.10669        0.048251         0.08256        0.038827         0.19084        0.036804               
         A        318        THR         0.31552        0.069695           0.384        0.033947         0.42738         0.23312               
         A        319        PHE         0.12622         0.15077        0.023949         0.04262         0.43722               0               
         A        320        THR          0.5639        0.096005         0.57877               0         0.64093         0.38012               
         A        321        ASP          1.3721         0.54216          1.7706         0.50606          2.5931         0.78118               
         A        322        TYR         0.61744          0.1762         0.58047         0.17326         0.92961         0.29439               
         A        323        VAL         0.38039        0.075714         0.32403         0.05472         0.48855         0.25541               
         A        324        ASN          1.3253         0.33045          1.5491         0.24803          1.9352         0.75124               
         A        325        THR          1.4121         0.28887          1.8548               0          1.8548           1.084               
         A        326        LYS         0.80523         0.12399         0.62811               0         0.94764         0.62811               
         A        327        CYS          1.0682         0.22061          1.3709        0.080826          1.4517         0.87746               
         A        328        ASP          1.0496         0.19982          1.3954               0          1.3954         0.82805               
         A        329        VAL          0.4621        0.083627          0.3445               0         0.57877          0.3445               
         A        330        LYS         0.61932         0.14242         0.89452               0         0.89452         0.49926               
         A        331        ALA         0.40791        0.048492         0.31897               0         0.46759         0.31897               
         A        332        THR         0.62691         0.23284         0.88925        0.029345         0.92961         0.33588               
         A        333        LEU         0.21479         0.11391         0.11454        0.074496          0.3445               0               
         A        334        THR         0.43614          0.1239         0.56626        0.072628         0.66718         0.29439               
         A        335        MET         0.11215        0.058805        0.075047        0.054314         0.18408               0               
         A        336        PRO           0.239        0.085883         0.33093         0.03139         0.37104         0.12647               
         A        337        ALA         0.15769        0.037314         0.10263               0         0.20461         0.10263               
         A        338        TYR          0.2097        0.044558          0.2263        0.041314         0.31897         0.12647               
         A        339        ILE        0.040972        0.039109       0.0045974       0.0049114          0.1085               0               
         A        340        ASP         0.36468         0.15515         0.50042        0.098889         0.64093         0.16423               
         A        341        PRO         0.23242         0.12154         0.11545         0.03344         0.41767        0.068705               
         A        342        GLU          1.1221         0.52445          1.4892         0.42454          2.0647         0.46759               
         A        343        ASN         0.83859         0.22292          1.0151         0.18606          1.3155         0.57877               
         A        344        VAL          0.2248        0.070962          0.1756        0.056492         0.35323          0.1326               
         A        345        LYS         0.53013         0.17065         0.67148         0.08511         0.79653         0.32737               
         A        346        LYS          1.1135         0.67364          1.6017         0.52522          2.4164         0.40809               
         A        347        THR         0.70059         0.19714         0.59317         0.12724          1.0431         0.42738               
         A        348        GLY         0.71164         0.15595               0               0         0.94764         0.51013               
         A        349        ASN          1.3396         0.42893          1.6939         0.34019          2.2562         0.92961               
         A        350        VAL         0.54887         0.18737          0.3452        0.030424         0.76608         0.30248               
         A        351        THR          1.1319         0.38185          1.5485         0.13687          1.7421         0.68063               
         A        352        LEU         0.29073         0.19302         0.10378        0.035548         0.54369        0.052513               
         A        353        ALA         0.50346         0.11886         0.73665               0         0.73665         0.40809               
         A        354        THR         0.22651        0.097589         0.12298        0.024734         0.35323        0.091087               
         A        355        GLY         0.24686        0.057801               0               0         0.31068         0.17077               
         A        356        ILE         0.18478         0.10389        0.097517        0.047188         0.33588        0.016573               
         A        357        GLY         0.83113         0.25616               0               0          1.1265         0.44721               
         A        358        SER          1.9307          0.4245          2.4246         0.16842          2.5931          1.2652               
         A        359        THR         0.93654         0.16111         0.96481        0.097045           1.105         0.61548               
         A        360        THR          1.0378         0.11128          1.0756         0.10483          1.1708          0.9119               
         A        361        ALA         0.64474        0.079965         0.57877               0         0.76608         0.55521               
         A        362        ASN          1.3567         0.36518          1.6038         0.36706          2.2061          1.0233               
         A        363        LYS         0.80137          0.2495         0.86751         0.29685          1.3954         0.53233               
         A        364        THR          1.1196         0.29219          1.4382         0.11841           1.605         0.75124               
         A        365        VAL          0.5339         0.12809          0.3948         0.05726         0.66718         0.31897               
         A        366        LEU         0.68855         0.22893         0.89525        0.099991          1.0633          0.3445               
         A        367        VAL         0.20636         0.12326        0.076755        0.027237         0.36208        0.041988               
         A        368        ASP         0.52897         0.25145         0.74372         0.17987          1.0233         0.24046               
         A        369        TYR         0.18288         0.10478         0.11315         0.03256         0.36208        0.063253               
         A        370        GLU         0.79567         0.24958         0.95556         0.22051          1.3682         0.44721               
         A        371        LYS         0.84028         0.25526          1.3155               0          1.3155         0.60306               
         A        372        TYR         0.62517         0.21558          0.6206         0.23609          1.1484         0.35323               
         A        373        GLY         0.43456         0.11465               0               0          0.5669         0.25541               
         A        374        LYS         0.73753         0.17179         0.79828         0.14085          1.0038         0.49926               
         A        375        PHE          1.0648          0.4641           1.316         0.38733          1.9352         0.40809               
         A        376        TYR          1.2408         0.66633          1.4823         0.69427          3.0076         0.60306               
         A        377        ASN         0.18454        0.093657          0.1536        0.081955         0.33588        0.091087               
         A        378        LEU        0.057105        0.058472       0.0095568        0.010921         0.15137               0               
         A        379        SER         0.10066        0.075015         0.18754         0.01015         0.19769               0               
         A        380        ILE        0.053682        0.057826        0.010827        0.012938         0.16423               0               
         A        381        LYS         0.11757        0.069946          0.1728        0.028593         0.19769       0.0067513               
         A        382        GLY         0.12604         0.03503               0               0         0.16423        0.091087               
         A        383        THR         0.10821        0.038897          0.1269        0.021961         0.15776        0.041988               
         A        384        ILE         0.15811        0.020118         0.16767        0.014146         0.18408          0.1326               
         A        385        ASP         0.29158        0.038791         0.29485        0.024539          0.3445         0.21161               
         A        386        GLN         0.55983         0.21243         0.71224          0.1449         0.89452         0.26302               
         A        387        ILE         0.24764        0.075463         0.19136        0.024597         0.38932         0.15137               
         A        388        ASP         0.70099         0.25214         0.92276         0.14016          1.0633         0.32737               
         A        389        LYS         0.79845         0.23866         0.76238         0.25262          1.2408         0.51013               
         A        390        THR          1.8216         0.45963          2.1418         0.46185           2.789          1.1265               
         A        391        ASN            1.71         0.53675          2.1448         0.41876          2.7214           1.105               
         A        392        ASN         0.63416         0.22034          0.7316         0.19229          1.0431         0.36208               
         A        393        THR         0.39244         0.16153         0.56395        0.039005         0.61548         0.19084               
         A        394        TYR        0.064073        0.072481        0.015917        0.018358         0.19769               0               
         A        395        ARG         0.39538          0.1659         0.48213          0.1472         0.81215         0.18408               
         A        396        GLN        0.075492        0.078134        0.011977        0.011798         0.20461               0               
         A        397        THR        0.091058        0.041202        0.084352        0.053492         0.13878        0.011638               
         A        398        ILE        0.021136        0.024367               0               0        0.057855               0               
         A        399        TYR        0.028342        0.024333        0.036483        0.024543        0.074214               0               
         A        400        VAL       0.0040302       0.0065074               0               0        0.016573               0               
         A        401        ASN        0.096677         0.08831         0.15064        0.089069         0.24789               0               
         A        402        PRO         0.19914         0.10967         0.12096        0.024613         0.41767        0.091087               
         A        403        SER         0.61553         0.24456          0.5091         0.08172           1.105         0.33588               
         A        404        GLY         0.73256         0.19279               0               0          1.0233         0.48855               
         A        405        ASP         0.59785        0.094413         0.62587          0.1081         0.76608           0.478               
         A        406        ASN         0.64209         0.20338         0.81564        0.078775          0.9119         0.30248               
         A        407        VAL           0.107        0.084068        0.017742        0.013208          0.2187               0               
         A        408        ILE         0.33272         0.15444         0.50735        0.036224         0.55521         0.16423               
         A        409        ALA         0.28246         0.07232         0.40809               0         0.40809         0.19084               
         A        410        PRO        0.085518        0.052391        0.063541        0.047525         0.15776        0.011638               
         A        411        VAL         0.23488        0.068835         0.30812        0.015352         0.31897         0.14504               
         A        412        LEU         0.05687        0.058176       0.0016878       0.0029234         0.15137               0               
         A        413        THR         0.20841        0.068246         0.28644       0.0064839         0.29439         0.13878               
         A        414        GLY          0.1087         0.01515               0               0          0.1326        0.091087               
         A        415        ASN         0.22186         0.12159         0.32837        0.064625         0.41767        0.052513               
         A        416        LEU          0.3073        0.087325          0.3534        0.076385         0.42738         0.19769               
         A        417        LYS         0.68661         0.24455         0.79244         0.22981           1.105          0.2864               
         A        418        PRO          1.3034         0.29393          1.2485         0.36196          1.6379         0.76608               
         A        419        ASN          3.0845          1.0263          4.0028         0.56696          4.6324          1.7065               
         A        420        THR          1.1249         0.19013         0.94416        0.071372          1.4232         0.87746               
         A        421        ASP          1.4695         0.62575          1.9937         0.43032          2.4164         0.68063               
         A        422        SER         0.41104         0.13524         0.27304        0.054337         0.66718          0.2187               
         A        423        ASN         0.53756         0.23386         0.74234         0.14531         0.89452         0.26302               
         A        424        ALA         0.19377        0.079831        0.052513               0          0.2864        0.052513               
         A        425        LEU         0.37146         0.19792         0.55021         0.10093         0.69429         0.10263               
         A        426        ILE         0.12238         0.10284        0.035666        0.026099         0.31068               0               
         A        427        ASP         0.53619         0.18734         0.70452        0.076422         0.82805         0.23312               
         A        428        GLN          1.2728         0.44286          1.5225          0.4164          2.2061         0.62811               
         A        429        GLN          2.3229          1.2159          3.0693          1.1793          5.3151          1.2901               
         A        430        ASN         0.61821         0.16733         0.62863         0.12528         0.92961         0.40809               
         A        431        THR         0.26568         0.12834         0.12899        0.052765         0.41767        0.057855               
         A        432        SER         0.63779         0.28271         0.99943         0.17138          1.1708         0.36208               
         A        433        ILE         0.27132         0.14886          0.1312        0.060948         0.44721        0.057855               
         A        434        LYS         0.68859         0.48113           1.017         0.40333          1.6379         0.12647               
         A        435        VAL         0.12414        0.084732        0.055686        0.038758         0.25541        0.016573               
         A        436        TYR         0.21896         0.12412         0.27745         0.11138         0.43722        0.063253               
         A        437        LYS         0.48945         0.27164         0.66074         0.25293          1.0633          0.2187               
         A        438        VAL         0.23382         0.12268         0.15641        0.090403         0.43722        0.041988               
         A        439        ASP          1.0996         0.27131          1.2031         0.18478          1.4809         0.64093               
         A        440        ASN          1.7003         0.68172          2.2886         0.47108           2.932          1.0038               
         A        441        ALA         0.89993         0.13113         0.75124               0           1.105         0.75124               
         A        442        ALA          1.8128         0.47568          2.6561               0          2.6561          1.4232               
         A        443        ASP          1.1944         0.46262          1.5154         0.33531          1.8944         0.49926               
         A        444        LEU         0.30307          0.1475         0.17402        0.060837         0.52115         0.07978               
         A        445        SER         0.29158        0.068619         0.29099        0.027978         0.36208         0.15776               
         A        446        GLU         0.43825         0.24588         0.61175         0.18209         0.87746         0.10263               
         A        447        SER         0.14175        0.046909         0.18792        0.023691         0.21161        0.074214               
         A        448        TYR        0.091998        0.038866        0.078192        0.036118         0.15776        0.031671               
         A        449        PHE         0.51928         0.28801         0.68871         0.22597          1.0038         0.18408               
         A        450        VAL          0.2554         0.13564         0.13594        0.038099         0.48855        0.085404               
         A        451        ASN          1.2194         0.49657          1.6625         0.28737          2.0203         0.59082               
         A        452        PRO         0.83011         0.11036         0.77152        0.098289          1.0233         0.65395               
         A        453        GLU          2.4155         0.84204          2.9313         0.79677          4.4841          1.4517               
         A        454        ASN          1.0589         0.33112          1.2079         0.37894          1.8162         0.72229               
         A        455        PHE         0.36855         0.21042         0.21928        0.026642         0.79653         0.17739               
         A        456        GLU         0.99686         0.48818          1.3534         0.36518          1.8944         0.41767               
         A        457        ASP         0.79729         0.15935         0.86153        0.097114          1.0233          0.5669               
         A        458        VAL         0.52411         0.12519         0.46769         0.14028         0.69429          0.2864               
         A        459        THR         0.65471        0.086465         0.67576        0.082365         0.76608         0.54369               
         A        460        ASN           2.018         0.71317          2.5759         0.55446          3.5304          1.0233               
         A        461        SER         0.89551         0.13287         0.76394        0.096756          1.0633         0.66718               
         A        462        VAL         0.52116         0.24022         0.25634        0.034123         0.86069         0.21161               
         A        463        ASN          0.8959          0.3414          1.2025         0.13648          1.3415         0.38932               
         A        464        ILE         0.44824         0.20285         0.28765        0.040069         0.84423         0.24046               
         A        465        THR         0.72006         0.31286          1.0251         0.21268          1.3155         0.30248               
         A        466        PHE         0.53467          0.2127         0.41229         0.11459          1.0233         0.23312               
         A        467        PRO          1.1202         0.45769         0.79216         0.22425          2.0203         0.59082               
         A        468        ASN          1.4769         0.57739          1.9233         0.46445          2.6561         0.69429               
         A        469        PRO          1.6036         0.61928          2.2557         0.32714          2.6561         0.92961               
         A        470        ASN         0.57678         0.22972         0.70679          0.2241           1.084         0.26302               
         A        471        GLN         0.45185         0.14207         0.53123         0.14301         0.79653          0.2864               
         A        472        TYR        0.061029        0.077525       0.0076469        0.017099         0.19084               0               
         A        473        LYS         0.44661         0.25303         0.58178         0.26658          1.0431         0.19084               
         A        474        VAL         0.13849        0.075971        0.057855               0         0.26302        0.057855               
         A        475        GLU         0.54108         0.23773         0.71977         0.17036         0.92961         0.27072               
         A        476        PHE         0.10766         0.13955       0.0077748        0.018276         0.37104               0               
         A        477        ASN         0.90441         0.37101          1.1653         0.32941          1.5728         0.40809               
         A        478        THR         0.78723         0.23958         0.62776        0.078567          1.1708         0.52115               
         A        479        PRO          2.6644         0.54271          2.6133          0.5167          3.3416          1.8162               
         A        480        ASP          1.7719         0.32428          1.7549         0.36114          2.2562          1.2408               
         A        481        ASP         0.86624         0.23776          0.8389          0.1668          1.3415         0.59082               
         A        482        GLN         0.70855         0.20328          0.8845         0.18429           1.105         0.49926               
         A        483        ILE         0.18504         0.12142        0.073335        0.063963         0.32737               0               
         A        484        THR         0.79926         0.27724          1.1016        0.087085          1.1937         0.44721               
         A        485        THR         0.40068         0.17707         0.52318         0.17997         0.76608         0.17739               
         A        486        PRO         0.15585        0.065665         0.17652        0.083124          0.2864        0.085404               
         A        487        TYR        0.067391        0.050781        0.082488        0.054607         0.17739       0.0067513               
         A        488        ILE       0.0014548       0.0038491               0               0        0.011638               0               
         A        489        VAL        0.043266        0.029227        0.029737        0.021136         0.07978               0               
         A        490        VAL         0.23054         0.07527         0.25491        0.073901         0.31897         0.12042               
         A        491        VAL         0.15042        0.071689        0.076712        0.026667         0.25541        0.057855               
         A        492        ASN         0.45409         0.13065         0.57917        0.025254         0.60306         0.27851               
         A        493        GLY         0.20182        0.028384               0               0         0.23312         0.15776               
         A        494        HIS         0.40896           0.219         0.56396         0.13895         0.73665          0.1326               
         A        495        ILE         0.20895        0.082163          0.1654        0.036468         0.36208         0.11443               
         A        496        ASP         0.82714         0.30988          1.0859         0.18606          1.3155         0.32737               
         A        497        PRO          1.2379         0.22738          1.2924          0.1541          1.4809         0.86069               
         A        498        ASN           3.056          1.0549          3.9958         0.63564          4.4841          1.8162               
         A        499        SER          1.2928         0.24371         0.98072         0.10326           1.605         0.87746               
         A        500        LYS          2.0452         0.94276          2.7417         0.69443          3.6311         0.98474               
         A        501        GLY         0.50673         0.14099               0               0         0.72229         0.32737               
         A        502        ASP         0.74868         0.38839          1.0799         0.24409          1.3415         0.21161               
         A        503        LEU         0.13522         0.10879         0.03196        0.017229          0.2864       0.0067513               
         A        504        ALA         0.24479        0.074422         0.37104               0         0.37104         0.15137               
         A        505        LEU        0.085543        0.080941        0.013128        0.022739         0.22587               0               
         A        506        ARG         0.47873         0.33433         0.66367         0.28307          1.1265          0.1085               
         A        507        SER        0.050193        0.040369        0.015835        0.015835        0.091087               0               
         A        508        THR         0.22393         0.13874         0.37812        0.037704         0.41767        0.068705               
         A        509        LEU          0.0449        0.045746               0               0          0.1085               0               
         A        510        TYR         0.44378         0.27469         0.60026         0.19328         0.92961        0.021556               
         A        511        GLY         0.14384        0.020506               0               0         0.16423         0.12042               
         A        512        TYR         0.66324         0.44009         0.89347         0.36128          1.6379         0.13878               
         A        513        ASN         0.60746         0.16205         0.70704         0.12495         0.86069         0.35323               
         A        514        SER          1.5825         0.37541          1.8355        0.019289          1.8944         0.82805               
         A        515        ASN          2.2683         0.68111          2.7782           0.602           3.434          1.4809               
         A        516        ILE          1.4442          0.2088          1.5516         0.24419          1.7786          1.1484               
         A        517        ILE          1.1165         0.38887          1.4062         0.27446          1.7421           0.478               
         A        518        TRP         0.78459          0.2198         0.80343         0.25168           1.217         0.46759               
         A        519        ARG         0.68876         0.37776         0.88687         0.33646          1.5728         0.24046               
         A        520        SER         0.46112         0.12828         0.60915        0.099025         0.70818         0.31068               
         A        521        MET          0.3467          0.1427         0.42892         0.15157         0.60306         0.17077               
         A        522        SER          0.4046        0.093788          0.4557          0.1112          0.5669         0.31897               
         A        523        TRP          0.3183         0.11541         0.33576          0.1245         0.57877         0.19769               
         A        524        ASP         0.54897         0.13347         0.66314        0.097413         0.78118         0.42738               
         A        525        ASN         0.24612         0.09549         0.16177        0.052021         0.38012         0.07978               
         A        526        GLU         0.75859         0.26342         0.94978         0.20301          1.2901         0.44721               
         A        527        VAL         0.68906         0.25808         0.45525        0.082469          1.1708         0.35323               
         A        528        ALA          1.0076         0.21846          1.3682               0          1.3682         0.78118               
         A        529        PHE          1.0649          0.3295         0.88911         0.24336          1.7421         0.57877               
         A        530        ASN         0.87018         0.13419         0.84123         0.16098           1.105         0.68063               
         A        531        ASN          1.5414         0.60352           1.999         0.54747           2.932          0.9119               
         A        532        GLY         0.72397         0.12455               0               0          0.9119         0.57877               
         A        533        SER         0.80646         0.28662          1.1767         0.11337          1.2901         0.43722               
         A        534        GLY         0.66883         0.08888               0               0         0.75124         0.52115               
         A        535        SER         0.95186         0.39087           1.498        0.074791          1.5728         0.64093               
         A        536        GLY         0.84807         0.17492               0               0           1.105         0.66718               
         A        537        ASP          1.4023         0.49537          1.8481         0.25809          2.2562         0.75124               
         A        538        GLY          1.5637         0.37275               0               0          2.0647          1.1708               
         A        539        ILE          1.9036          0.3581          2.5322               0          2.5322          1.5414               
         A        540        ASP          3.0205         0.54327          3.6311               0          3.6311          2.4164               
         A        541        CYS          3.5711         0.81088          2.8592               0          4.7888          2.6561               
