pdb_id: 
analysis type: unbound
radii_file: F:\psiafrombintisolah\PSAIA-1.0\amac_data\chothia.radii
CX_sRadius: 10
CX_vAtom: 20.1

  chain id|    res id|  res name|     average CX|       s_avg CX|    s-ch avg CX|  s-ch s_avg CX|         max CX|         min CX|               
         A        229        ARG          1.7563         0.50369          1.7794         0.47877           2.789          1.0038               
         A        230        PRO           1.379         0.54122          1.8698         0.37405          2.1575         0.69429               
         A        231        PHE         0.17607         0.17904        0.052859        0.069849         0.49926               0               
         A        232        THR         0.48437         0.21366         0.70047         0.13869         0.89452         0.21161               
         A        233        LEU          0.2458         0.19685        0.070654        0.064893         0.59082               0               
         A        234        PRO         0.41322         0.11516         0.33791        0.080042         0.62811         0.23312               
         A        235        ASN          1.2765         0.40755          1.5587         0.37692          2.2061         0.82805               
         A        236        LEU         0.77766         0.41171            1.08         0.37102          1.7065          0.2864               
         A        237        PRO          0.5374         0.23021          0.7663         0.15802         0.89452         0.30248               
         A        238        LEU        0.089321        0.076974        0.017176         0.02975         0.19084               0               
         A        239        SER         0.73507         0.23031         0.91448        0.070256         0.98474         0.32737               
         A        240        SER          0.9326         0.18461          1.0733         0.14369           1.217         0.69429               
         A        241        LEU         0.31988         0.11744         0.28839         0.14865         0.53233         0.14504               
         A        242        SER         0.19406         0.12478         0.34019       0.0043093          0.3445        0.016573               
         A        243        ASN        0.017643        0.029542       0.0053891       0.0093342        0.091087               0               
         A        244        SER               0               0               0               0               0               0               
         A        245        ARG               0               0               0               0               0               0               
         A        246        ALA          0.0467        0.040808       0.0067513               0         0.10263       0.0019112               
         A        247        PRO         0.45372         0.12395         0.46997         0.11352         0.62811         0.26302               
         A        248        LEU          0.3792        0.088555         0.35421         0.10042         0.48855         0.21161               
         A        249        PRO         0.69481         0.28048         0.99921        0.060406           1.084         0.31897               
         A        250        ILE          0.1844         0.16118        0.045603        0.046313           0.478               0               
         A        251        SER          0.5796          0.1406         0.71105        0.070125         0.78118         0.36208               
         A        252        SER         0.31705         0.14828         0.48343        0.015837         0.49926        0.085404               
         A        253        MET         0.14897         0.11593        0.054195        0.048974         0.36208               0               
         A        254        GLY         0.22835         0.05529               0               0         0.29439         0.16423               
         A        255        ILE         0.39136        0.088015         0.40132          0.1163         0.53233         0.26302               
         A        256        SER         0.54321         0.17426         0.43311        0.034474         0.82805         0.37104               
         A        257        PRO          1.2325         0.31771           1.207         0.38614          1.7065         0.76608               
         A        258        ASP          2.5636         0.54618          3.0157         0.42954          3.6311          2.0647               
         A        259        ASN          2.2463          0.3836          2.4886         0.30897           2.789          1.7065               
         A        260        VAL          0.7941          0.2769         0.61257         0.14522          1.3682         0.41767               
         A        261        GLN           1.829          1.0228          2.5882         0.76304          3.6311         0.81215               
         A        262        SER         0.62555         0.23421         0.93027        0.035746         0.96601         0.33588               
         A        263        VAL         0.17353        0.098719        0.065327        0.016659         0.31068        0.041988               
         A        264        GLN         0.44851          0.2475         0.64565         0.14179         0.82805         0.16423               
         A        265        PHE       0.0095478        0.020254               0               0        0.052513               0               
         A        266        GLN        0.038906        0.056026        0.070031         0.05891          0.1326               0               
         A        267        ASN               0               0               0               0               0               0               
         A        268        GLY               0               0               0               0               0               0               
         A        269        ARG        0.050773        0.060797        0.071522        0.065314         0.17739               0               
         A        270        CYS        0.062469        0.049181        0.032582        0.030671         0.13878               0               
         A        271        THR         0.31901         0.16097         0.48362        0.056289         0.55521        0.068705               
         A        272        LEU         0.07199        0.046011        0.050358        0.022766         0.16423        0.016573               
         A        273        ASP          0.5282         0.19915         0.67997         0.14928          0.9119         0.25541               
         A        274        GLY         0.42086        0.090249               0               0         0.55521         0.31897               
         A        275        ARG          1.1098         0.50223          1.4463         0.27853          1.9771         0.39864               
         A        276        LEU          0.4728         0.11978         0.41868         0.11697         0.68063          0.2187               
         A        277        VAL          0.3255        0.073499         0.37299        0.052478         0.44721         0.19769               
         A        278        GLY         0.18259        0.047023               0               0         0.23312          0.1326               
         A        279        THR        0.039598         0.04154        0.011049       0.0078127          0.1085               0               
         A        280        THR         0.11561        0.099488        0.035887        0.039614         0.31897               0               
         A        281        PRO         0.18891         0.07509         0.15668        0.078536          0.2864        0.063253               
         A        282        VAL         0.61078         0.20549         0.84098        0.063933         0.92961         0.38012               
         A        283        SER         0.79275           0.406          1.3227         0.12904          1.4517         0.37104               
         A        284        LEU          0.4353         0.10434         0.40779         0.12603         0.57877         0.22587               
         A        285        SER          1.1474          0.3843          1.6718               0          1.6718         0.78118               
         A        286        HIS         0.56975         0.30719         0.75131         0.23182          1.0633        0.096829               
         A        287        VAL        0.076658        0.070117        0.017742        0.013208         0.21161               0               
         A        288        ALA        0.037906        0.039944        0.016573               0        0.096829               0               
         A        289        LYS         0.27808          0.2654         0.45317         0.24041         0.84423        0.052513               
         A        290        ILE        0.020522        0.024645               0               0        0.068705               0               
         A        291        ARG         0.40371          0.3567         0.59493         0.31362          1.0431       0.0019112               
         A        292        GLY         0.21393        0.025602               0               0         0.23312         0.17077               
         A        293        THR         0.59235          0.2432         0.86801        0.057812         0.94764          0.3445               
         A        294        SER         0.49779         0.19577         0.38594         0.04144         0.84423         0.31897               
         A        295        ASN          1.2515         0.28861          1.3464         0.24247          1.7065         0.76608               
         A        296        GLY          1.1378         0.11066               0               0          1.2652         0.96601               
         A        297        THR          1.2131          0.4021          1.6272         0.23842          1.8944         0.75124               
         A        298        VAL         0.61101         0.18262         0.77464           0.122          0.9119         0.38932               
         A        299        ILE         0.10102        0.070512        0.038251        0.026327          0.2187               0               
         A        300        ASN         0.66766         0.29831          0.9473         0.12966           1.084         0.31068               
         A        301        LEU         0.11434        0.087903        0.037614        0.037467         0.24046               0               
         A        302        THR         0.32772         0.13523         0.47276        0.050803         0.54369         0.15776               
         A        303        GLU         0.40273        0.094692         0.41339         0.12563         0.57877         0.25541               
         A        304        LEU         0.34327         0.17458         0.20448        0.064761         0.68063         0.13878               
         A        305        ASP          1.5137         0.37463           1.769          0.2163          2.0203         0.79653               
         A        306        GLY          1.1782         0.12674               0               0          1.3155          1.0233               
         A        307        THR          1.5691         0.48437          1.9274         0.46693          2.5322          0.9119               
         A        308        PRO           1.531         0.55647           2.108         0.28713          2.3613         0.87746               
         A        309        PHE         0.30973         0.17778         0.17995        0.043558         0.59082         0.11443               
         A        310        HIS          1.3499         0.65016           1.827         0.36349          2.2562          0.5669               
         A        311        PRO          0.6772        0.086374         0.70896        0.097946         0.84423         0.59082               
         A        312        PHE          1.8474         0.56718          2.2415         0.25997          2.5931         0.92961               
         A        313        GLU         0.67618         0.13788         0.75124               0         0.82805         0.49926               
         A        314        GLY         0.29033        0.089585               0               0         0.43722         0.19769               
         A        315        PRO        0.031732        0.046111        0.019285        0.027273          0.1326               0               
         A        316        ALA       0.0043113       0.0086226               0               0        0.021556               0               
         A        317        PRO        0.012146       0.0092458       0.0061299       0.0047717        0.026589               0               
         A        318        ILE         0.20545         0.13181         0.32383         0.08033         0.41767        0.068705               
         A        319        GLY        0.022382        0.024221               0               0        0.057855               0               
         A        320        PHE               0               0               0               0               0               0               
         A        321        PRO               0               0               0               0               0               0               
         A        322        ASP       0.0026946       0.0071291               0               0        0.021556               0               
         A        323        LEU       0.0054137         0.01063               0               0        0.031671               0               
         A        324        GLY         0.14619        0.036173               0               0         0.18408        0.096829               
         A        325        GLY         0.19872        0.034871               0               0         0.23312         0.14504               
         A        326        CYS        0.033863        0.029423       0.0082866       0.0082866        0.085404               0               
         A        327        ASP          0.1736         0.11562          0.2761        0.067856         0.38932        0.036804               
         A        328        TRP        0.018359        0.044435               0               0         0.13878               0               
         A        329        HIS         0.27671        0.080764         0.33306        0.043611         0.39864         0.12647               
         A        330        ILE        0.097752        0.078028        0.022558        0.015853         0.19769               0               
         A        331        ASN         0.57304         0.29116         0.83079         0.18298           1.084          0.2187               
         A        332        MET         0.23213         0.17931        0.080421        0.077929          0.5669               0               
         A        333        THR         0.50743          0.1629          0.6677        0.089437         0.75124         0.30248               
         A        334        GLN         0.74262         0.20424         0.63766         0.10852          1.1708         0.52115               
         A        335        PHE          1.5866         0.27996          1.6148         0.30907          1.9771          1.1708               
         A        336        GLY          2.9385         0.48893               0               0          3.6311          2.2562               
         A        337        HIS          1.9295         0.25264          1.8446         0.28602          2.2562          1.5108               
         A        338        SER          2.7753           0.794          3.7557         0.58779          4.3435          1.9771               
         A        339        SER          1.8784         0.47486          2.3604         0.29571          2.6561          1.1265               
         A        340        GLN           1.715         0.50689          2.0135         0.47401          2.7214           1.105               
         A        341        THR         0.62909         0.12304         0.67209        0.027674         0.75124         0.38932               
         A        342        GLN          0.6568         0.18473         0.78813         0.13342         0.94764         0.38932               
         A        343        TYR          0.1023        0.088363         0.05537        0.063151         0.24789               0               
         A        344        ASP          0.4681         0.22778         0.65111         0.18958         0.96601         0.24046               
         A        345        VAL        0.071905        0.041641        0.024944       0.0062723         0.12042        0.016573               
         A        346        ASP         0.35513         0.17994         0.50187         0.14611         0.73665         0.17739               
         A        347        THR         0.10553        0.058897        0.061443        0.051695         0.17739               0               
         A        348        THR         0.56442         0.16234         0.61423        0.067786         0.81215         0.29439               
         A        349        PRO         0.72749         0.12654         0.70381         0.15711          0.9119         0.53233               
         A        350        ASP          1.4423         0.66215          2.0495          0.3558          2.5931         0.70818               
         A        351        THR           0.645         0.27759         0.85313         0.22463          1.1708          0.2864               
         A        352        PHE         0.10887        0.095664        0.060707        0.079635          0.2864               0               
         A        353        VAL         0.19413         0.10502         0.29954        0.056161         0.36208        0.047224               
         A        354        PRO        0.032573        0.039949       0.0077749       0.0068046         0.11443               0               
         A        355        HIS         0.24023          0.1026         0.28786        0.090769         0.39864        0.085404               
         A        356        LEU         0.58607         0.21483         0.74867         0.11898         0.87746         0.20461               
         A        357        GLY         0.27821        0.046516               0               0         0.35323         0.22587               
         A        358        SER         0.36123         0.14877         0.55737        0.058111         0.61548          0.2187               
         A        359        ILE        0.087264        0.076176        0.017144        0.017988          0.2187               0               
         A        360        GLN         0.26418        0.075938         0.32215        0.044533         0.38012         0.15137               
         A        361        ALA         0.36775        0.054076         0.38932               0         0.45733         0.29439               
         A        362        ASN         0.87475         0.21003         0.93531         0.25303          1.3155         0.60306               
         A        363        GLY          1.0243         0.10702               0               0           1.105         0.84423               
         A        364        ILE         0.37758         0.16093         0.22168          0.0384         0.57877         0.17739               
         A        365        GLY         0.83762         0.19579               0               0          1.0431          0.5669               
         A        366        SER          1.3035         0.25155          1.6396        0.066826          1.7065           1.084               
         A        367        GLY         0.74324         0.20356               0               0         0.94764         0.46759               
         A        368        ASN         0.52391        0.079571         0.55413        0.053082         0.64093         0.39864               
         A        369        TYR         0.21576        0.087979         0.22355         0.10474         0.44721         0.10263               
         A        370        VAL          0.3167         0.10614         0.42909        0.049027           0.478         0.17077               
         A        371        GLY         0.18149        0.029863               0               0         0.21161          0.1326               
         A        372        VAL         0.36177         0.13205         0.50822        0.051492         0.57877         0.22587               
         A        373        LEU         0.10239          0.1178         0.01459        0.015554         0.37104               0               
         A        374        SER         0.45699         0.16516         0.58275         0.12543         0.70818         0.16423               
         A        375        TRP          0.5316         0.20391         0.64477         0.10568         0.84423         0.14504               
         A        376        ILE         0.11691         0.11495        0.025812        0.032281         0.36208               0               
         A        377        SER         0.29495          0.1345         0.46289        0.025665         0.48855         0.11443               
         A        378        PRO         0.47114         0.17203          0.6601        0.053907         0.72229         0.26302               
         A        379        PRO         0.43767         0.18239         0.33685        0.035672         0.82805          0.2864               
         A        380        SER         0.86268         0.25818         0.70818               0          1.3682         0.57877               
         A        381        HIS          1.6858         0.68684          2.1409         0.50676          2.8592         0.81215               
         A        382        PRO           1.743         0.40007          1.9322         0.45907          2.4164          1.2901               
         A        383        SER          2.5609          0.3247          2.9727         0.11351          3.0862          2.1575               
         A        384        GLY          2.2635         0.15177               0               0          2.4164          2.0203               
         A        385        SER          1.1806         0.17971          1.0336         0.02976          1.5414          1.0038               
         A        386        GLN          1.6685          0.7901          2.2662          0.5144          3.0862         0.62811               
         A        387        VAL          0.3967         0.14998         0.25014        0.075495         0.59082         0.14504               
         A        388        ASP         0.56217         0.19904         0.73826         0.12369          0.9119          0.3445               
         A        389        LEU          0.1225        0.098816         0.03714        0.029758         0.31068               0               
         A        390        TRP         0.26193        0.088585         0.27967        0.097787         0.43722          0.1326               
         A        391        LYS         0.64191         0.40377         0.91782         0.34269          1.4809         0.18408               
         A        392        ILE         0.25448        0.090717          0.2238         0.09204         0.39864         0.11443               
         A        393        PRO         0.16374        0.076671        0.086144        0.028604         0.27072        0.063253               
         A        394        ASN         0.45239         0.19604         0.61649         0.13447         0.84423         0.19084               
         A        395        TYR        0.054207         0.06605        0.013391        0.023277         0.21161               0               
         A        396        GLY         0.29616        0.047163               0               0          0.3445          0.2187               
         A        397        SER         0.77688         0.17748         0.86069         0.12405         0.98474         0.51013               
         A        398        SER          1.9547         0.55108          1.9869         0.17068          2.8592           1.084               
         A        399        ILE          3.0332         0.60657          3.4969         0.41969          4.0829          2.0647               
         A        400        THR          1.5219         0.32526           1.712         0.22132          2.0203         0.92961               
         A        401        GLU          1.6897         0.84235          2.2959         0.62971           3.253         0.68063               
         A        402        ALA         0.43207         0.12343         0.26302               0         0.61548         0.26302               
         A        403        THR         0.77356         0.20938         0.97313          0.1165           1.084         0.51013               
         A        404        HIS          1.0847         0.49156          1.3674         0.42979          2.0647         0.45733               
         A        405        LEU         0.45955         0.13396         0.37973         0.10912         0.70818         0.22587               
         A        406        ALA         0.41122        0.082824         0.27072               0         0.51013         0.27072               
         A        407        PRO         0.74073         0.18648         0.82823         0.19212          1.0233         0.43722               
         A        408        SER         0.84617         0.15421          1.0344        0.049618           1.084         0.62811               
         A        409        VAL         0.31246         0.15327         0.14832        0.037031         0.53233          0.1085               
         A        410        TYR          1.1613          0.5407          1.4914         0.32906          2.0647         0.38012               
         A        411        PRO         0.51762         0.11973           0.469        0.086139         0.73665         0.39864               
         A        412        PRO         0.50801         0.23564          0.2823        0.038587         0.92961         0.23312               
         A        413        GLY         0.87126         0.18996               0               0          1.1484         0.64093               
         A        414        PHE           1.023         0.26637         0.95159         0.25628          1.4232         0.64093               
         A        415        GLY         0.79282         0.23528               0               0           1.105         0.52115               
         A        416        GLU         0.26114         0.17591         0.12021        0.072067         0.55521        0.026589               
         A        417        VAL         0.24642         0.10709          0.3372        0.075338         0.43722        0.091087               
         A        418        LEU        0.068645        0.037199        0.081774        0.025138         0.12042       0.0019112               
         A        419        VAL        0.023404        0.027178        0.008396       0.0045855         0.07978               0               
         A        420        PHE        0.040845        0.025936        0.042953        0.028871        0.074214               0               
         A        421        PHE       0.0048389        0.010489       0.0030795       0.0075432        0.031671               0               
         A        422        MET         0.15235        0.068647         0.20257        0.040721         0.23312        0.047224               
         A        423        SER         0.21173        0.066822         0.14925        0.034826         0.32737         0.11443               
         A        424        LYS          1.0715         0.70344          1.5346         0.63753          2.6561         0.43722               
         A        425        MET         0.30112         0.16626         0.15395        0.054565         0.59082        0.091087               
         A        426        PRO         0.65881         0.17413         0.78179         0.13963         0.96601         0.40809               
         A        427        GLY         0.98582         0.20054               0               0          1.2652         0.76608               
         A        428        PRO          1.3644         0.30131          1.2224         0.33715          1.7786         0.81215               
         A        429        GLY           1.322         0.12256               0               0          1.4809          1.1708               
         A        430        ALA           1.612         0.36257          2.2562               0          2.2562          1.2652               
         A        431        TYR         0.54737         0.14933         0.47974        0.093381         0.92961         0.36208               
         A        432        ASN         0.56907         0.30623         0.82374         0.21171          1.0431         0.19769               
         A        433        LEU        0.016537        0.029442               0               0         0.07978               0               
         A        434        PRO        0.018206        0.025788         0.04248        0.022816        0.074214               0               
         A        435        CYS               0               0               0               0               0               0               
         A        436        LEU       0.0020717       0.0054811       0.0041433       0.0071764        0.016573               0               
         A        437        LEU      0.00047779      0.00082756      0.00047779      0.00082756       0.0019112               0               
         A        438        PRO         0.01607        0.018758       0.0071855        0.010162        0.052513               0               
         A        439        GLN        0.087486        0.055134        0.077563        0.034478         0.20461        0.016573               
         A        440        GLU         0.32371         0.09372         0.36391        0.096873         0.46759         0.19084               
         A        441        TYR         0.06175        0.051679         0.03127        0.027906         0.15776               0               
         A        442        ILE        0.065116        0.057767        0.032305        0.042029         0.15137               0               
         A        443        SER         0.53036         0.16075         0.66889        0.053404         0.72229         0.23312               
         A        444        HIS         0.44031         0.10321         0.47708         0.10867         0.64093         0.31068               
         A        445        LEU         0.11371         0.10425        0.019956        0.025897         0.29439               0               
         A        446        ALA         0.56663         0.17257           0.478               0         0.84423          0.3445               
         A        447        SER          1.2325         0.35532          1.5676         0.32679          1.8944         0.70818               
         A        448        GLU         0.76601         0.19787          0.8036         0.24855          1.1484           0.478               
         A        449        GLN          1.0253         0.44966           1.345         0.35251          1.7421         0.53233               
         A        450        ALA          0.4313        0.052921         0.38012               0         0.48855         0.36208               
         A        451        PRO          1.0123          0.2834          1.3079         0.14389          1.4232         0.66718               
         A        452        THR         0.68533         0.18041         0.54047        0.083089          1.0431         0.45733               
         A        453        VAL          1.1586         0.26463          1.2152         0.11501          1.6379         0.73665               
         A        454        GLY         0.76262         0.11658               0               0         0.92961         0.60306               
         A        455        GLU          1.0626         0.67928          1.5117         0.59584          2.5322         0.31897               
         A        456        ALA         0.14195        0.081565        0.036804               0         0.27851        0.036804               
         A        457        ALA        0.012963        0.011909        0.026589               0        0.026589               0               
         A        458        LEU         0.19931         0.12683         0.28711         0.10753         0.45733        0.047224               
         A        459        LEU         0.06611        0.054341        0.022303         0.02238         0.16423               0               
         A        460        HIS         0.42626         0.19924         0.55152         0.16008         0.84423         0.17739               
         A        461        TYR         0.10866        0.072322        0.066608        0.037802         0.23312        0.021556               
         A        462        VAL         0.28326         0.10853         0.39373        0.042601         0.43722         0.12042               
         A        463        ASP         0.78241         0.25272         0.99314         0.16395          1.2408         0.41767               
         A        464        PRO         0.88047         0.34343         0.66236        0.081066          1.5108         0.55521               
         A        465        ASP          2.4085         0.47656          2.5555         0.17161           3.168          1.4517               
         A        466        THR          2.2665          0.2779          2.2475         0.36076          2.6561          1.7786               
         A        467        GLY          1.3171         0.18605               0               0           1.605           1.105               
         A        468        ARG          1.5108         0.42089          1.7703         0.22742          2.2061         0.64093               
         A        469        ASN         0.71662         0.21666         0.63382         0.21174           1.105          0.3445               
         A        470        LEU         0.38431          0.1168         0.42242         0.14859         0.66718         0.27851               
         A        471        GLY         0.17087        0.045976               0               0         0.24789         0.12647               
         A        472        GLU         0.25647         0.21916         0.41298         0.16834         0.68063               0               
         A        473        PHE               0               0               0               0               0               0               
         A        474        LYS        0.017506        0.031515        0.022066        0.037503        0.096829               0               
         A        475        ALA        0.025359        0.024548               0               0        0.063253               0               
         A        476        TYR         0.12989        0.090441        0.085398        0.064575         0.27851               0               
         A        477        PRO         0.40155        0.079893         0.45022        0.096993         0.57877         0.31897               
         A        478        ASP         0.52877         0.23974         0.73373         0.15664          0.9119         0.23312               
         A        479        GLY         0.13099        0.070921               0               0         0.22587        0.026589               
         A        480        PHE         0.10778        0.077107         0.14322        0.071969         0.27072       0.0067513               
         A        481        LEU       0.0035625       0.0087256               0               0        0.026589               0               
         A        482        THR        0.031744        0.042295        0.064634        0.046665          0.1085               0               
         A        483        CYS        0.049133        0.038329        0.031772        0.010216          0.1085               0               
         A        484        VAL         0.28279         0.12927         0.35546         0.14178         0.55521          0.1085               
         A        485        PRO         0.54422         0.21295          0.4073        0.058494         0.92961         0.35323               
         A        486        ASN          1.6217         0.33434           1.812         0.19613          1.9771         0.92961               
         A        488        ALA          1.9575         0.41662          1.6379               0          2.6561          1.4809               
         A        489        SER          2.2954         0.58586          3.0862               0          3.0862          1.6379               
         A        490        SER          1.0702         0.21892          1.1379        0.032891          1.3954         0.75124               
         A        491        GLY         0.49665         0.13048               0               0         0.70818         0.35323               
         A        492        PRO         0.18174        0.086454         0.10642        0.045729         0.31897        0.068705               
         A        493        GLN          1.0614         0.40524          1.2887         0.34571          1.8162         0.38932               
         A        494        GLN          1.0906         0.14868          1.2901               0          1.2901         0.87746               
         A        495        LEU         0.47429           0.211         0.29119         0.10314         0.81215         0.12647               
         A        496        PRO         0.61837          0.1578         0.72392        0.052713         0.78118         0.31068               
         A        497        ILE          0.4544         0.17964         0.48643         0.22774         0.81215         0.20461               
         A        498        ASN         0.75019         0.28484         0.99499          0.2033          1.3155         0.46759               
         A        499        GLY         0.19247        0.063993               0               0         0.29439         0.12042               
         A        500        VAL         0.19686          0.1348         0.34833        0.035741         0.39864        0.052513               
         A        501        PHE        0.054593        0.071483        0.010875        0.025866         0.23312               0               
         A        502        VAL         0.32045         0.15526         0.46411         0.12552         0.64093         0.11443               
         A        503        PHE         0.46251         0.16758         0.45703         0.15466         0.76608         0.27072               
         A        504        VAL          0.7855         0.24756         0.75693         0.19397          1.1484         0.42738               
         A        505        SER         0.74936         0.26438          1.0949        0.031582          1.1265         0.39864               
         A        506        TRP         0.48941         0.23195         0.41067          0.1985          1.0038         0.15776               
         A        507        VAL          0.4633         0.10926         0.41138         0.13088         0.59082         0.23312               
         A        508        SER         0.84112         0.33493          1.2719         0.12347          1.3954         0.42738               
         A        509        ARG          1.3305         0.85196          1.8067         0.71241          3.0862         0.31068               
         A        510        PHE          1.3034         0.49549          1.5751          0.4171          2.2562         0.75124               
         A        511        TYR         0.61873          0.2009         0.67805          0.1958         0.94764         0.25541               
         A        512        GLN         0.92148         0.21637          1.0965        0.092871           1.217         0.57877               
         A        513        LEU          0.2551         0.20275        0.065461        0.054778          0.5669               0               
         A        514        LYS          1.0283         0.61517          1.4642         0.49416          2.3079         0.33588               
         A        515        PRO         0.85624         0.19158           1.061        0.094598          1.1484         0.65395               
         A        516        VAL         0.40066         0.19978         0.20765        0.078612         0.73665        0.096829               
         A        517        GLY          1.1751         0.51489               0               0          1.9352         0.55521               
         A        518        THR          1.7167         0.38169          2.1356          0.2808          2.4164          1.2652               
