pdb_id: 
analysis type: unbound
radii_file: F:\psiafrombintisolah\PSAIA-1.0\amac_data\chothia.radii
CX_sRadius: 13
CX_vAtom: 20.1

  chain id|    res id|  res name|     average CX|       s_avg CX|    s-ch avg CX|  s-ch s_avg CX|         max CX|         min CX|               
         A         93        SER          4.2194         0.43106          4.3595         0.15671          4.8699          3.5332               
         A         94        ASP          2.8839          0.4228          2.8183         0.31252          3.6719           2.342               
         A         95        PRO          1.7031         0.34732          1.8551         0.28574          2.2017          1.1395               
         A         96        VAL           1.447         0.10057           1.493        0.022959          1.6014          1.2779               
         A         97        ARG          2.8166         0.79649          3.3346         0.50371          3.9231          1.7918               
         A         98        GLN          2.1704         0.67808          2.6524         0.49706          3.4024          1.3008               
         A         99        TYR         0.55091         0.26865         0.38858          0.1431          1.1002         0.21768               
         A        100        LEU         0.83227         0.11127         0.79837         0.14199         0.96502         0.58425               
         A        101        HIS          2.0278         0.59844           2.453         0.36929          3.0162          1.2666               
         A        102        GLU          1.0718         0.12588          1.1066         0.14755          1.3241         0.91569               
         A        103        ILE         0.63925         0.15367         0.49899        0.047827         0.86877         0.44889               
         A        104        GLY          1.4015         0.31702               0               0          1.8438         0.99934               
         A        105        GLU          1.9295         0.29088          2.1284         0.23683          2.4686          1.5722               
         A        106        VAL          1.0637         0.19894         0.83669        0.027072          1.2892         0.80256               
         A        107        LEU          1.9119         0.69503          2.5099         0.45514          2.9813          1.0259               
         A        108        GLU          1.4707         0.26544          1.5646         0.30152          2.1146          1.2012               
         A        109        LEU          1.0136         0.21112         0.83519          0.1291           1.336         0.64694               
         A        110        ASP           2.494         0.80673           3.232         0.39997          3.5785          1.4883               
         A        111        LYS          2.1724           0.517          2.5092         0.42162           3.279          1.4097               
         A        112        TRP          2.8264         0.85322          3.2181           0.688          4.5835          1.6619               
         A        113        ALA          1.3346         0.29952          1.6163               0          1.6313         0.89194               
         A        114        GLU          0.6131         0.15257          0.5424        0.066644         0.99065         0.44889               
         A        115        LEU         0.96017         0.21916          1.1515         0.14446            1.36         0.71479               
         A        116        GLY         0.87749        0.096375               0               0          1.0081         0.78152               
         A        117        ALA         0.53327        0.088979         0.54158               0          0.6771         0.43078               
         A        118        ALA         0.34102        0.030798         0.29702               0         0.37081         0.29702               
         A        119        ALA         0.64848         0.10916         0.78152               0         0.78152         0.47218               
         A        120        LYS         0.83959         0.30732          1.0513         0.25251          1.4484         0.49137               
         A        121        VAL         0.32492        0.061168         0.26722        0.011605         0.44432         0.25438               
         A        122        GLU         0.71476         0.15863         0.82865         0.11821          1.0259         0.49137               
         A        123        GLU          0.9241          0.2758          1.1293         0.20157          1.3971         0.62358               
         A        124        GLY         0.40108        0.065846               0               0         0.49137          0.3271               
         A        125        MET         0.51011         0.10996         0.50413         0.11154         0.68327         0.38323               
         A        126        GLU          1.1716         0.42822           1.487          0.3126          1.9925         0.61784               
         A        127        ALA         0.50906         0.06686         0.53127               0         0.60087         0.41749               
         A        128        ILE          0.4375         0.10136         0.35827        0.071207         0.57337         0.27891               
         A        129        LYS          1.5568         0.69728          2.0278         0.59603          2.8801         0.72773               
         A        130        LYS          1.2069         0.49044          1.4837          0.5081          2.2704         0.78152               
         A        131        LEU         0.45174         0.12626         0.33644        0.068305         0.60649          0.2341               
         A        132        SER          1.0456          0.2342          1.0747         0.12645          1.3971         0.69574               
         A        133        GLU          1.8999         0.34811          2.1607         0.20065          2.5492          1.3124               
         A        134        ALA          1.4569          0.1458          1.2666               0          1.6932          1.2666               
         A        135        THR          1.1839           0.302         0.91197        0.055549          1.7253         0.84617               
         A        136        GLY          1.8851          0.1689               0               0          2.0728          1.6465               
         A        137        LEU          2.9054         0.99956          3.7707         0.60158          4.6525          1.5157               
         A        138        ASP          1.7933          0.2849          1.9701         0.14328          2.2017          1.2892               
         A        139        GLN         0.97412         0.18599         0.97181         0.13369          1.3479         0.69574               
         A        140        GLU         0.97444         0.21385          1.0528         0.21347          1.3479         0.65887               
         A        141        LEU         0.76579         0.16789         0.89118        0.047894         0.96502         0.44889               
         A        142        ILE          0.3397        0.081096         0.35396        0.084138         0.44889         0.23078               
         A        143        ARG         0.41298         0.13779          0.4904         0.11439         0.64694         0.25095               
         A        144        GLU         0.71462         0.32108         0.95103         0.24084          1.2892         0.34662               
         A        145        VAL         0.44473        0.058315         0.49857        0.032143         0.52616         0.35458               
         A        146        VAL         0.28763        0.058598         0.24467        0.025514         0.40445         0.21768               
         A        147        ARG         0.29987        0.033894         0.28668       0.0092945         0.39588         0.26828               
         A        148        ALA         0.54814        0.091859         0.58425               0         0.68327         0.40445               
         A        149        LYS         0.82105         0.22095         0.91156          0.2246          1.2666         0.50608               
         A        150        ILE         0.75483         0.14139         0.66676        0.076084          1.0624         0.58975               
         A        151        LEU         0.76647         0.15152         0.64957        0.095349           1.017         0.51105               
         A        152        GLY          1.6474          0.4488               0               0          2.2704          1.0906               
         A        153        THR          2.0863         0.35005          2.3707         0.34155          2.6923          1.7416               
         A        154        ALA          1.1582         0.17409         0.86877               0           1.336         0.86877               
         A        155        ALA          1.0819         0.04073          1.0811               0          1.1295           1.017               
         A        156        ILE         0.61773         0.10746         0.53956        0.053358         0.80256         0.46278               
         A        157        GLN          1.4643         0.58727          1.8954         0.44742          2.4686          0.8314               
         A        158        LYS          0.9548         0.25885          1.1329         0.18513          1.4616         0.55203               
         A        159        ILE         0.48171         0.10841         0.38976        0.042094         0.68327         0.33096               
         A        160        PRO         0.56716        0.092255         0.49242        0.039713         0.70204         0.44432               
         A        161        GLY         0.98747        0.082072               0               0          1.1197         0.90771               
         A        162        LEU         0.74481         0.30819         0.46641        0.093677          1.2334         0.33874               
         A        163        LYS          2.3932          1.0897          3.1599         0.89266          4.5835          1.2334               
         A        164        GLU           1.116         0.38176         0.83812         0.22756          1.7918         0.54158               
         A        165        LYS          1.5029         0.22307          1.6859        0.074899          1.7748          1.1295               
         A        166        PRO          1.4703         0.17879          1.6462         0.11321          1.7918          1.2444               
         A        167        ASP           1.954         0.14552          2.0072         0.12203          2.1576          1.7092               
         A        168        PRO          3.0423         0.52295          3.5649         0.38698          4.0872          2.5492               
         A        169        LYS          3.7857          1.2417          4.7895         0.65273          5.4486          2.1576               
         A        170        THR          1.6484         0.23095          1.6423         0.21053          2.0321          1.3846               
         A        171        VAL          1.2787        0.075739          1.2376        0.035912          1.4354          1.1907               
         A        172        GLU          2.2602         0.42598            2.61         0.19825           2.947          1.6313               
         A        173        GLU          1.7549         0.19481          1.8333         0.20235          2.1795          1.4484               
         A        174        VAL         0.87575         0.17986         0.75836         0.10463          1.2118         0.61784               
         A        175        ASP          1.0657         0.10591          1.0269         0.12429          1.2012         0.85364               
         A        176        GLY          1.6645         0.13065               0               0          1.8438          1.4749               
         A        177        LYS          1.4193         0.27229           1.589         0.14789          1.8438         0.89979               
         A        178        LEU         0.67007         0.21214         0.46974        0.057007         0.97349         0.37906               
         A        179        LYS          1.3693         0.21973          1.3337         0.16573          1.7748          1.0811               
         A        180        SER          2.1531         0.29689          2.5126         0.12112          2.6337          1.6932               
         A        181        LEU          1.5708          0.4285          1.1851         0.21709          2.1795         0.85364               
         A        182        PRO          2.1753         0.16283          2.1795         0.15271          2.3665          1.9925               
         A        183        LYS          3.9775          1.3379          4.9851         0.95145          6.5057          2.5219               
         A        184        GLU          2.2881         0.46376          2.5972         0.27779          3.0879          1.5157               
         A        185        LEU          1.2133         0.19288          1.2602         0.10614          1.5157         0.84617               
         A        186        LYS          1.4884         0.23483          1.6891        0.077593          1.8438          1.1395               
         A        187        ARG          2.3545          1.0696          3.0023         0.79508          4.2028          1.0624               
         A        188        TYR         0.98167         0.36948          1.1565         0.30468          1.7092         0.39588               
         A        189        LEU         0.50729        0.087975         0.54501         0.10616         0.69574         0.39588               
         A        190        HIS          1.3375         0.54425            1.73         0.32726          2.1146          0.6771               
         A        191        ILE         0.77523         0.21515         0.92852         0.19149          1.1699         0.50608               
         A        192        ALA           0.317        0.061669         0.23078               0         0.41749         0.23078               
         A        193        ARG         0.77099         0.35679         0.96143         0.31499            1.36         0.37906               
         A        194        GLU         0.98314         0.42291          1.3016         0.30157          1.7748         0.51606               
         A        195        GLY         0.37889        0.099226               0               0         0.51606         0.26129               
         A        196        GLU         0.26534        0.034777         0.24041        0.019119          0.3271         0.21124               
         A        197        ALA         0.47214        0.085348         0.62936               0         0.62936         0.40445               
         A        198        ALA         0.34008        0.069574         0.40015               0         0.40877         0.24416               
         A        199        ARG         0.20862        0.053493         0.22842        0.053934         0.31189         0.14177               
         A        200        GLN          0.3135        0.069767         0.36343        0.046646         0.41749         0.19543               
         A        201        HIS         0.55498         0.20992         0.70169          0.1334         0.91569         0.28609               
         A        202        LEU          0.2255        0.045848         0.23515         0.03666         0.29702         0.15911               
         A        203        ILE         0.12399        0.010055         0.12647        0.013165         0.14749         0.11128               
         A        204        GLU         0.37946          0.1264         0.45835         0.10454         0.57337         0.18922               
         A        205        ALA         0.43567        0.056044         0.51105               0         0.51105         0.35458               
         A        206        ASN         0.21761        0.030105         0.22507        0.033092         0.27891         0.17397               
         A        207        LEU         0.20672        0.027985         0.20273        0.035016         0.24755         0.15038               
         A        208        ARG         0.97339         0.46099          1.2475         0.34832          1.6932         0.34267               
         A        209        LEU         0.40986        0.075691         0.43543         0.09342         0.58975         0.31945               
         A        210        VAL         0.19741         0.07132         0.13127        0.029664         0.29702        0.095333               
         A        211        VAL         0.43638         0.12108         0.41319        0.091557         0.62358         0.28609               
         A        212        SER         0.88592         0.15682         0.94594         0.10719          1.1002         0.62358               
         A        213        ILE         0.57269        0.078929         0.51084        0.059021         0.66491         0.43526               
         A        214        ALA         0.52994         0.11783         0.38742               0         0.70839         0.38742               
         A        215        LYS          1.5909         0.68332          1.9869         0.65476          3.0518         0.72124               
         A        216        LYS          1.5543         0.35095          1.8197           0.242          2.1576          1.1197               
         A        217        TYR         0.94019         0.20873         0.80166        0.068727          1.3008         0.68327               
         A        218        THR          1.9598         0.32374          1.9245         0.20342           2.495          1.4616               
         A        219        GLY          2.9622         0.43735               0               0          3.5785           2.342               
         A        220        ARG          2.2915          0.2899          2.2724         0.35902          3.0518          1.8978               
         A        221        GLY          1.9194        0.094094               0               0          1.9925          1.7581               
         A        222        LEU          1.3064         0.15132           1.253          0.1827          1.5436           1.044               
         A        223        SER          1.2889         0.31826          1.6487        0.076553          1.7253         0.78847               
         A        224        PHE         0.80501         0.11661         0.81249        0.072271          1.0259         0.56798               
         A        225        LEU         0.95689         0.23679          1.1499          0.1882          1.4616         0.71479               
         A        226        ASP         0.96325         0.35816          1.2613         0.26144          1.6313         0.56263               
         A        227        LEU         0.51251         0.14111         0.62344        0.093191         0.72124         0.31189               
         A        228        ILE         0.31412        0.041217         0.32314        0.048611         0.38742         0.25783               
         A        229        GLN         0.84613         0.37798           1.121         0.28998          1.4616         0.40877               
         A        230        GLU         0.52056         0.19492         0.65816         0.15398         0.87643          0.2718               
         A        231        GLY         0.18921        0.030552               0               0         0.24078         0.16501               
         A        232        ASN         0.18728        0.020841         0.18064         0.02683         0.20805         0.14462               
         A        233        GLN         0.62378         0.28973         0.83843         0.21313          1.1802         0.27891               
         A        234        GLY         0.26519        0.022677               0               0         0.28609         0.22748               
         A        235        LEU         0.12947        0.048642        0.084053        0.020658         0.19543        0.067248               
         A        236        ILE         0.28375        0.046758         0.29028         0.04359         0.35059         0.22093               
         A        237        ARG         0.71793         0.21825         0.84272         0.17098          1.1699         0.40015               
         A        238        ALA         0.31492        0.044857         0.30441               0         0.37492         0.26129               
         A        239        VAL         0.20003        0.042423         0.16306       0.0050102         0.26828         0.15619               
         A        240        GLU         0.55109         0.11883         0.61771         0.10528         0.79549         0.34662               
         A        241        LYS         0.98941         0.39198          1.2616         0.32093          1.6932         0.53641               
         A        242        PHE         0.44581         0.07737          0.4111        0.049326         0.62358         0.34662               
         A        243        GLU          1.1396         0.27576          1.3022         0.21447          1.6014         0.65887               
         A        244        TYR          1.3066         0.35509          1.3928         0.38528          2.0936         0.91569               
         A        245        LYS          2.1961         0.45215          2.0815         0.16328          3.2393          1.5436               
         A        246        ARG          2.6969         0.42451          2.7013         0.43486          3.3605          1.9925               
         A        247        GLY          2.0702         0.19941               0               0           2.342          1.8616               
         A        248        PHE          1.5719         0.39519           1.772         0.32483          2.1576         0.96502               
         A        249        ALA         0.89961         0.17899          1.1002               0          1.1002         0.68948               
         A        250        PHE         0.27013         0.12325         0.19585        0.057376         0.56263         0.12218               
         A        251        SER         0.57142         0.12008         0.72625        0.055266         0.78152         0.43526               
         A        252        THR          1.0353         0.33033          1.3861         0.18051          1.6014         0.68948               
         A        253        TYR          0.6585         0.14432         0.70723         0.14906         0.90771         0.49137               
         A        254        ALA         0.34437        0.057254         0.25095               0         0.40877         0.25095               
         A        255        THR          0.5928         0.11836         0.71694        0.060945         0.79549         0.44889               
         A        256        TRP          1.2374         0.45228          1.4515         0.35324          1.9925         0.61784               
         A        257        TRP         0.72797         0.23407         0.83193         0.19452          1.1597         0.40877               
         A        258        ILE         0.25315        0.057412         0.20222        0.025116         0.33874         0.18002               
         A        259        ARG         0.90752         0.43044          1.1238         0.39874          1.6313         0.40877               
         A        260        GLN          1.0556         0.30943          1.2714         0.24226          1.6775         0.65289               
         A        261        ALA         0.58054        0.052338         0.50608               0         0.64104         0.50608               
         A        262        ILE         0.47577         0.14076         0.37571        0.083605         0.73428         0.30071               
         A        263        ASN          1.0683         0.19848          1.0792        0.029175          1.4883         0.72124               
         A        264        ARG          1.8273         0.46675          2.0657         0.38586          2.6337           1.017               
         A        265        ALA          1.1802         0.14958          0.9483               0          1.4097          0.9483               
         A        266        ILE          1.5274         0.27976          1.4403          0.1074          2.0523          1.1907               
         A        267        ALA          2.9707         0.63883          3.2005               0          3.9766          2.0321               
         A        268        ASP          2.9502         0.45936          2.9357         0.50248          3.4451          2.1146               
         A        269        GLN          5.7461          1.8883          7.4319          1.0501          8.5385          3.2393               
