pdb_id: 
analysis type: unbound
radii_file: F:\psiafrombintisolah\PSAIA-1.0\amac_data\chothia.radii
CX_sRadius: 13
CX_vAtom: 20.1

  chain id|    res id|  res name|     average CX|       s_avg CX|    s-ch avg CX|  s-ch s_avg CX|         max CX|         min CX|               
         A         29        THR          1.4083          0.1797          1.1295               0          1.6465          1.1295               
         A         30        VAL          1.8068          0.3936          2.2208         0.18901          2.3665          1.2892               
         A         31        SER          1.8817         0.32132          1.6865        0.055147          2.5219          1.6014               
         A         32        HIS          3.4159          1.1621           4.132         0.97771          5.5407           2.136               
         A         33        GLU          1.9149          0.2872          2.1249        0.073007          2.2017           1.336               
         A         34        VAL          1.2775         0.14472          1.3386        0.078658          1.4883          1.0349               
         A         35        ALA         0.66934        0.096785         0.59529               0         0.80968         0.53127               
         A         36        ASP          1.0715          0.2815          1.2962         0.22961          1.6775         0.79549               
         A         37        CYS         0.69304        0.078127         0.60657        0.011274         0.81686         0.59529               
         A         38        SER          1.1829         0.14491          1.2068        0.026588          1.4225         0.98203               
         A         39        HIS           1.774         0.26326           1.926         0.10287          2.0936          1.2118               
         A         40        LEU          1.4211         0.19092           1.372         0.21386          1.7253          1.1495               
         A         41        LYS          2.3004         0.94718          2.9376           0.835          4.3865          1.4354               
         A         42        LEU         0.90205         0.15159         0.85091         0.17721          1.1395          0.6771               
         A         43        THR          1.4453         0.33142          1.8141         0.11944          1.9162          1.1002               
         A         44        GLN          1.3837         0.59874          1.8306         0.43479          2.3915         0.73428               
         A         45        VAL          0.5191         0.17768         0.34875        0.053815         0.83875         0.28609               
         A         46        PRO         0.68557         0.12535         0.61488         0.10306         0.88415         0.49624               
         A         47        ASP          1.8166         0.40935          2.1174         0.27739          2.5492          1.1395               
         A         48        ASP          1.8529         0.34445          2.0635         0.35949          2.3915          1.4616               
         A         49        LEU         0.88283         0.23303         0.67216         0.11866          1.1495         0.49137               
         A         50        PRO           1.286         0.15928          1.3825         0.12091          1.5296         0.99934               
         A         51        THR          1.7498         0.32837          2.0872         0.21571          2.3915          1.4225               
         A         52        ASN          1.9293         0.45758          2.3237         0.30627          2.6923          1.3846               
         A         53        ILE          0.7812         0.13476          0.6884        0.094706          1.0349         0.58975               
         A         54        THR         0.89871         0.21705          1.1348        0.064872          1.2118         0.60649               
         A         55        VAL         0.63744          0.1337         0.76911        0.081388         0.88415         0.47218               
         A         56        LEU         0.24265        0.092486         0.16573         0.05084         0.39588         0.10325               
         A         57        ASN         0.51961         0.13742         0.64647        0.063222         0.71479         0.35059               
         A         58        LEU         0.30385        0.093223         0.21976        0.050205         0.41749         0.15327               
         A         59        THR         0.69901         0.10723         0.77756        0.073084         0.87643         0.52109               
         A         60        HIS          1.1175         0.25219          1.3065         0.11582          1.4883         0.74087               
         A         61        ASN         0.71765        0.086866         0.66985        0.092376         0.83875         0.56798               
         A         62        GLN          1.3429         0.50984          1.6954         0.42575          2.1576         0.81686               
         A         63        LEU         0.48078         0.12708         0.37127        0.086387         0.63518         0.24078               
         A         64        ARG          1.7861         0.88333          2.3042         0.69775          3.2393         0.81686               
         A         65        ARG          1.4321         0.66949          1.8523         0.46023          2.3915         0.55203               
         A         66        LEU         0.36422         0.16685         0.20461        0.050622         0.56263          0.1361               
         A         67        PRO         0.91009         0.13461          1.0135         0.12754          1.1395         0.75421               
         A         68        ALA          1.0468        0.076267          1.1295               0          1.1395         0.95662               
         A         69        ALA          1.4583         0.15991          1.7416               0          1.7416          1.2892               
         A         70        ASN          1.0395         0.22167          1.1682         0.17414          1.4354         0.64104               
         A         71        PHE         0.40425          0.1968         0.27233         0.10152         0.73428         0.14177               
         A         72        THR          1.2986         0.28619          1.5969         0.16389          1.8089         0.94004               
         A         73        ARG          1.5283         0.36929          1.7492           0.278          2.3177           1.044               
         A         74        TYR         0.68517         0.12887         0.69416         0.14244         0.96502         0.50115               
         A         75        SER          1.0117         0.18453          1.2424          0.1422          1.3846         0.86877               
         A         76        GLN          1.3043         0.44728          1.6295         0.34527          2.1576         0.80256               
         A         77        LEU         0.43739         0.14009         0.30564        0.052145         0.61784         0.22093               
         A         78        THR         0.77975         0.19985          1.0039        0.057185          1.0531         0.57879               
         A         79        SER         0.51032         0.14118         0.68327               0         0.68327         0.31945               
         A         80        LEU         0.16222         0.10389        0.067784        0.043755          0.3271        0.012941               
         A         81        ASP          0.3825         0.13285         0.49969        0.084542         0.62358         0.24416               
         A         82        VAL         0.14764        0.058594        0.083401        0.013177         0.21445        0.064766               
         A         83        GLY         0.38642        0.053854               0               0         0.44889         0.30071               
         A         84        PHE         0.85616          0.2644          1.0209         0.18474          1.3124         0.50608               
         A         85        ASN         0.45004         0.11346         0.35125        0.029855         0.66491         0.30814               
         A         86        THR         0.86556          0.1532          1.0119        0.042278          1.0717         0.61215               
         A         87        ILE         0.40664         0.13799         0.28174        0.067177         0.58975         0.16798               
         A         88        SER         0.97552         0.23184          1.2895        0.022895          1.3124         0.72124               
         A         89        LYS         0.96978         0.39366          1.2404         0.32783          1.8262         0.52109               
         A         90        LEU         0.35438         0.17506         0.19566        0.046476         0.64694         0.15038               
         A         91        GLU         0.90737         0.26132          1.0987         0.19037          1.3241         0.56263               
         A         92        PRO         0.98151         0.17561          1.1716        0.061423          1.2554         0.75421               
         A         93        GLU          1.4611         0.44047           1.803         0.27712           2.136         0.91569               
         A         94        LEU          0.4762         0.16112         0.35946        0.090377         0.78152         0.24755               
         A         95        CYS         0.42129        0.089888         0.31919        0.068234         0.51606         0.25095               
         A         96        GLN          1.1876         0.42824          1.4841         0.35267           1.973          0.6771               
         A         97        LYS         0.96212         0.41329          1.2179         0.39566          1.8438         0.55203               
         A         98        LEU         0.38105            0.12         0.27646        0.068273         0.55203         0.17097               
         A         99        PRO         0.97649          0.1749          1.1186         0.15478          1.2334         0.72773               
         A        100        MET          1.1492         0.30706          1.4018         0.23609          1.7253         0.79549               
         A        101        LEU         0.38031         0.14585         0.24335        0.055993         0.58425         0.15911               
         A        102        LYS         0.85761         0.32104          1.1109         0.19682          1.3846         0.45349               
         A        103        VAL         0.52164         0.14219         0.65919        0.062841         0.74752         0.31566               
         A        104        LEU         0.12841        0.090077        0.044692        0.033504         0.26478               0               
         A        105        ASN          0.3213         0.12438         0.43124        0.075175         0.55203         0.17397               
         A        106        LEU         0.10953        0.069116         0.04715        0.026089         0.20805        0.019709               
         A        107        GLN         0.51449         0.17837         0.64613         0.12567         0.80968         0.26828               
         A        108        HIS         0.84929         0.29666          1.0419          0.2283          1.3971         0.49137               
         A        109        ASN         0.42494        0.092373         0.34507        0.024145         0.59529         0.31945               
         A        110        GLU          1.0346         0.34531          1.2831         0.26812          1.6465         0.62358               
         A        111        LEU         0.36144         0.10759         0.26742        0.065428         0.49624         0.16205               
         A        112        SER          0.8297         0.19928           1.095        0.095662          1.1907         0.62936               
         A        113        GLN          1.0779         0.38114          1.3717         0.25324          1.7918         0.63518               
         A        114        LEU         0.48866         0.24194         0.26554        0.094053         0.84617         0.14462               
         A        115        SER         0.84257         0.15931          1.0243        0.075966          1.1002         0.62358               
         A        116        ASP          1.0061         0.16428          1.1594        0.070979          1.2666         0.80968               
         A        117        LYS          1.5036         0.82263          2.0174         0.78441          3.3605         0.75421               
         A        118        THR         0.43888         0.13131         0.40701        0.098016         0.69574         0.28609               
         A        119        PHE         0.16955         0.12641        0.080774        0.047319         0.36671        0.024271               
         A        120        ALA         0.66288         0.11414         0.86118               0         0.86118         0.50608               
         A        121        PHE          1.0707         0.34315          1.2914         0.22005          1.5867         0.61215               
         A        122        CYS         0.34782        0.097496         0.23135        0.026481         0.48652         0.20487               
         A        123        THR         0.75867         0.16672         0.93844        0.087869          1.0624         0.58975               
         A        124        ASN         0.88393          0.2591          1.1171         0.15535          1.2779         0.59529               
         A        125        LEU         0.31069           0.113         0.20372        0.048908         0.43526         0.13049               
         A        126        THR           0.623         0.16964         0.81085        0.046457         0.87643         0.43078               
         A        127        GLU         0.62864         0.28343         0.83664         0.20986          1.1495         0.28972               
         A        128        LEU         0.13122        0.086444        0.052572        0.036544         0.26129       0.0062623               
         A        129        HIS          0.3693         0.17173         0.48901         0.10815         0.62936         0.13893               
         A        130        LEU         0.12389        0.077036        0.055147        0.014301         0.24755         0.03352               
         A        131        MET         0.41554        0.051229         0.44425        0.039653         0.50608         0.31189               
         A        132        SER         0.64819         0.13065         0.80208        0.074349         0.87643         0.46747               
         A        133        ASN         0.40654         0.12414         0.29617        0.035818         0.62358         0.25438               
         A        134        SER         0.85995         0.14315           1.017               0           1.017         0.63518               
         A        135        ILE         0.44569         0.15907         0.29698        0.058309         0.66491         0.20487               
         A        136        GLN          1.2324         0.30881          1.5035        0.061618          1.5578          0.8241               
         A        137        LYS          1.0856         0.40901          1.3552         0.36885          2.0122         0.68948               
         A        138        ILE         0.48509         0.22267         0.28597        0.087969         0.83875         0.15911               
         A        139        LYS          1.6179         0.73257          2.1033         0.65164          3.1248         0.80968               
         A        140        ASN          1.3072         0.47386          1.7397         0.21703          1.9162         0.63518               
         A        141        ASN         0.84113         0.13918         0.94543        0.081959          1.0811         0.61215               
         A        142        PRO         0.39453        0.081633         0.39975        0.072997         0.52616         0.30441               
         A        143        PHE         0.13873         0.10177        0.065362        0.032394         0.30441        0.031192               
         A        144        VAL         0.63422         0.13668         0.75591        0.082402         0.84617         0.42632               
         A        145        LYS         0.84694         0.26821          1.0599         0.15778          1.2666         0.53641               
         A        146        GLN         0.29203        0.081998         0.22348        0.027077         0.40877         0.18922               
         A        147        LYS          0.9273         0.33879          1.1396         0.31131          1.6932         0.54679               
         A        148        ASN          0.8713         0.23162          1.0654         0.17082          1.2892         0.60649               
         A        149        LEU         0.30775         0.10687         0.21099         0.05018         0.45349         0.13049               
         A        150        ILE         0.68079         0.19189         0.86338        0.063292         0.93185         0.43978               
         A        151        THR         0.45281         0.12704         0.58069        0.055447         0.65887          0.2718               
         A        152        LEU          0.1074         0.08289        0.033184         0.02788         0.25783               0               
         A        153        ASP         0.28636         0.12564         0.39675        0.075864         0.51105         0.12218               
         A        154        LEU         0.10921        0.072321        0.047191        0.026635          0.2341        0.015187               
         A        155        SER         0.37485        0.059984          0.4378        0.020314         0.45812         0.26828               
         A        156        HIS          0.8269         0.22231         0.96656         0.17591          1.2444         0.54158               
         A        157        ASN         0.45577         0.14351         0.32849        0.042545         0.71479         0.26129               
         A        158        GLY         0.75708        0.089254               0               0         0.87643         0.63518               
         A        159        LEU         0.42095         0.13835         0.29708        0.068369         0.60649         0.18922               
         A        160        SER         0.89499          0.2264          1.1996        0.089671          1.2892         0.69574               
         A        161        SER         0.51535         0.13525         0.64696       0.0059243         0.65289         0.31566               
         A        162        THR         0.20023         0.06095         0.17482        0.058873         0.31189         0.12771               
         A        163        LYS         0.72776         0.42369          1.0268         0.34855          1.6014         0.33874               
         A        164        LEU         0.18772         0.11868        0.074608        0.034845         0.35059        0.042937               
         A        165        GLY         0.69943         0.13899               0               0         0.83875         0.52109               
         A        166        THR          1.3228         0.17404          1.4416        0.067119          1.5019         0.99065               
         A        167        GLN          1.2045         0.24659          1.3728         0.15474          1.5722         0.74087               
         A        168        VAL          1.0777         0.12339          1.1671        0.094834          1.3008         0.89979               
         A        169        GLN         0.54636        0.091688         0.50739        0.070311         0.69574         0.40015               
         A        170        LEU         0.28668         0.12348         0.17245        0.057815         0.43978        0.077293               
         A        171        GLU         0.90373         0.18606          1.0557        0.072946          1.1597         0.58975               
         A        172        ASN         0.82902          0.2228          1.0161         0.16688          1.1802         0.58975               
         A        173        LEU         0.28179         0.12676         0.16404        0.047807         0.45349        0.092719               
         A        174        GLN         0.82742         0.34986          1.0935          0.2445          1.3723         0.46278               
         A        175        GLU         0.60718         0.27027          0.8085         0.18978          1.0811         0.27891               
         A        176        LEU         0.10686        0.078917        0.034328        0.029358          0.2341        0.012941               
         A        177        LEU         0.32214         0.13131         0.43878         0.08078         0.54158         0.16501               
         A        178        LEU         0.13376        0.078866        0.065357        0.025101         0.26828        0.031192               
         A        179        SER         0.45674        0.083154         0.55997       0.0026575         0.56263         0.32326               
         A        180        ASN         0.81449         0.21932          1.0042         0.14947          1.2012         0.55731               
         A        181        ASN          0.4741         0.10812         0.38034        0.041479         0.66491         0.31189               
         A        182        LYS          1.1418         0.40472          1.4451         0.28821          1.7918         0.67098               
         A        183        ILE         0.36806         0.11879         0.26005        0.052145         0.52109         0.17699               
         A        184        GLN          1.2068         0.49494          1.5698         0.37609          2.0122         0.67098               
         A        185        ALA         0.59571         0.14045         0.85364               0         0.85364         0.46747               
         A        186        LEU         0.30635         0.18731         0.13713        0.066559         0.60087        0.050113               
         A        187        LYS          1.0585         0.34819          1.3117         0.26479          1.7253         0.64104               
         A        188        SER          1.0214         0.13685          1.2119        0.010685          1.2226         0.88415               
         A        189        GLU          1.5858         0.51847          1.9709         0.38346          2.4686          1.0259               
         A        190        GLU         0.64135         0.16736           0.709         0.13801         0.94004          0.3586               
         A        191        LEU         0.31703         0.12283         0.21213        0.070303         0.50608         0.11399               
         A        192        ASP         0.84364         0.19162         0.99553         0.15315          1.2334         0.60649               
         A        193        ILE         0.47928         0.11827         0.41621         0.13727         0.61784         0.28249               
         A        194        PHE         0.24381         0.17421          0.1208        0.057854         0.54158        0.045318               
         A        195        ALA          1.0057         0.17768          1.1802               0          1.1802         0.70204               
         A        196        ASN          1.4877         0.39699          1.8526         0.19132          2.0936           1.017               
         A        197        SER         0.62143         0.11493         0.46992        0.011797         0.78152         0.45812               
         A        198        SER         0.78612         0.21026          1.0591          0.1108          1.1699         0.54158               
         A        199        LEU         0.28925         0.11873         0.17888        0.055632         0.42632         0.09796               
         A        200        LYS         0.98127         0.49124          1.3116         0.43199          2.0122         0.53127               
         A        201        LYS         0.53713         0.17838         0.67284        0.097037          0.8314         0.26828               
         A        202        LEU          0.1058        0.088761        0.024957        0.033913         0.25095               0               
         A        203        GLU         0.33755         0.14807         0.45214        0.093619         0.60087         0.14177               
         A        204        LEU         0.12241        0.072283        0.056463        0.030831          0.2242        0.015187               
         A        205        SER         0.41754        0.064365         0.48247        0.033584         0.51606         0.30441               
         A        206        SER          0.6613         0.11886         0.80356        0.042604         0.84617         0.50115               
         A        207        ASN         0.37625          0.0569          0.3246        0.022354         0.45349         0.28972               
         A        208        GLN          1.1179          0.4494          1.4426         0.34845          1.9162         0.60087               
         A        209        ILE         0.38502         0.13332         0.25967        0.057166         0.55731         0.16501               
         A        210        LYS          1.0919         0.18719           1.228         0.04835          1.2892         0.72773               
         A        211        GLU          1.1833         0.52046          1.5743         0.36994          1.9925         0.56798               
         A        212        PHE         0.42904         0.21673         0.28662         0.09755         0.84617         0.17397               
         A        213        SER          1.0078          0.1813          1.2229         0.11303           1.336         0.77461               
         A        214        PRO          1.3879         0.21672          1.5985         0.13234          1.7416          1.1597               
         A        215        GLY         0.99373         0.12138               0               0          1.1197         0.86118               
         A        216        CYS         0.50211          0.1239         0.43033         0.07575         0.70204         0.35458               
         A        217        PHE         0.23257         0.13601         0.14372        0.077862         0.43978        0.042937               
         A        218        HIS         0.85861         0.13804         0.94333        0.061188           1.044         0.56798               
         A        219        ALA         0.67053        0.072286         0.69574               0         0.74087         0.55731               
         A        220        ILE         0.35217         0.15046         0.22692         0.06551         0.61215         0.13893               
         A        221        GLY         0.74936        0.077449               0               0         0.83875         0.62936               
         A        222        ARG          1.1865         0.65129           1.548         0.55172          2.5219         0.46747               
         A        223        LEU          0.2605         0.11665         0.15288        0.045403         0.44432        0.090118               
         A        224        PHE         0.71033         0.26512         0.88555         0.15497          1.1395         0.33484               
         A        225        GLY         0.32649        0.065414               0               0         0.39588         0.25438               
         A        226        LEU        0.099191        0.079843        0.025738        0.029156         0.22748               0               
         A        227        PHE         0.37801          0.1429         0.47384        0.079813         0.58975         0.17097               
         A        228        LEU          0.1209        0.068961        0.058467        0.022427          0.2242        0.038207               
         A        229        ASN         0.43138        0.090237         0.49054        0.077736         0.60649         0.27891               
         A        230        ASN         0.73324         0.16727         0.88711        0.074456         0.98203         0.50608               
         A        231        VAL          0.3622        0.057762         0.30074       0.0060345         0.44889         0.29336               
         A        232        GLN          1.0816          0.4728          1.4182         0.38051          1.9539         0.58975               
         A        233        LEU         0.41692         0.20563         0.23953        0.050321         0.80968         0.15911               
         A        234        GLY         0.56367        0.060871               0               0         0.64694         0.47693               
         A        235        PRO         0.70485        0.097768         0.81042        0.036885         0.86118         0.58975               
         A        236        SER          1.0575         0.21173           1.336               0           1.336         0.80968               
         A        237        LEU         0.62468          0.1098         0.67007        0.060077         0.77461         0.45349               
         A        238        THR         0.25928        0.093888         0.18099        0.047667         0.43078         0.11399               
         A        239        GLU         0.82257         0.33615          1.0801         0.23083           1.336         0.46747               
         A        240        LYS          1.0796         0.54035          1.4483         0.46148           2.136         0.52616               
         A        241        LEU         0.17134         0.11861         0.07931        0.061203         0.40877        0.031192               
         A        242        CYS         0.21465        0.082604         0.14669        0.048735          0.3271         0.09796               
         A        243        LEU         0.70356         0.15487         0.82582        0.099675         0.97349         0.44889               
         A        244        GLU         0.58273         0.18282         0.68248         0.19116         0.99934         0.39164               
         A        245        LEU         0.21564         0.12487        0.098504        0.036819         0.38323        0.059836               
         A        246        ALA         0.68593         0.12677         0.78152               0         0.80256         0.47693               
         A        247        ASN          1.3455         0.40895          1.7192         0.21446          1.9539         0.83875               
         A        248        THR         0.59879         0.12835         0.45811        0.047319         0.76096         0.40015               
         A        249        SER         0.75275         0.15051           0.935         0.11814          1.0531         0.60087               
         A        250        ILE         0.28991         0.11304         0.18879        0.054793         0.45812        0.095333               
         A        251        ARG         0.79387         0.32826           1.006         0.20981          1.3479         0.38323               
         A        252        ASN         0.48705         0.18732         0.64919         0.11369         0.78152         0.23743               
         A        253        LEU         0.09891          0.0803        0.023003        0.019251         0.22093               0               
         A        254        SER         0.24609        0.082667         0.35517        0.028066         0.38323         0.15619               
         A        255        LEU        0.071713        0.058015        0.020455        0.024444         0.15327               0               
         A        256        SER         0.38016        0.078716         0.47013        0.021238         0.49137         0.25438               
         A        257        ASN         0.71366         0.21786          0.9069           0.132          1.1002         0.46278               
         A        258        SER         0.36466        0.094554         0.24888        0.040835         0.49137         0.20805               
         A        259        GLN         0.97499         0.36884          1.2419         0.28359          1.6465         0.53127               
         A        260        LEU         0.29964         0.11135         0.19854         0.05949         0.43526         0.09796               
         A        261        SER         0.79543         0.22284          1.1024        0.067508          1.1699         0.60649               
         A        262        THR         0.69245         0.20607           0.917        0.085995         0.98203         0.46747               
         A        263        THR         0.33914         0.12846          0.1985        0.034056         0.50115         0.15038               
         A        264        SER         0.74796         0.20218          1.0176        0.035552          1.0531         0.50115               
         A        265        ASN          1.0373         0.31536          1.2921         0.25921          1.6163         0.74752               
         A        266        THR          0.9714         0.21053          1.1971        0.081886          1.3124         0.73428               
         A        267        THR         0.42825        0.097211         0.40458        0.064754         0.61215         0.32326               
         A        268        PHE         0.13487          0.1278        0.044626         0.04107         0.36265               0               
         A        269        LEU         0.81877         0.24574          1.0421         0.13654          1.2012         0.51606               
         A        270        GLY         0.57829         0.03664               0               0         0.61784         0.52109               
         A        271        LEU         0.21147         0.13431        0.086147        0.058217         0.36265       0.0062623               
         A        272        LYS         0.86659         0.22297          1.0068         0.16822          1.2012         0.49624               
         A        273        TRP          1.3957         0.45175          1.5953          0.3775          2.2704          0.8241               
         A        274        THR         0.50298         0.12271         0.37235        0.045541          0.6771         0.30814               
         A        275        ASN          0.9209         0.31301          1.2125         0.15376          1.3723         0.55731               
         A        276        LEU         0.25235         0.11082         0.15069        0.044156         0.41312        0.077293               
         A        277        THR         0.55762         0.16771         0.74448        0.049599         0.80968         0.36671               
         A        278        MET          0.3808          0.1087         0.47501        0.025912         0.50608         0.18922               
         A        279        LEU         0.10207        0.085758        0.020326        0.021399          0.2341               0               
         A        280        ASP         0.25096         0.10737         0.34059        0.072355         0.45349         0.11671               
         A        281        LEU        0.057718        0.056041       0.0054963       0.0095199          0.1361               0               
         A        282        SER         0.35715        0.078989          0.4518         0.02991         0.48171         0.24755               
         A        283        TYR         0.85196          0.2925          1.0086         0.22798          1.3846         0.43978               
         A        284        ASN         0.36253         0.11118         0.26641        0.044793         0.55731         0.19232               
         A        285        ASN         0.82137         0.20103         0.99429         0.10603          1.1099         0.51105               
         A        286        LEU         0.31169         0.11382         0.20706          0.0508         0.46278         0.12771               
         A        287        ASN         0.90554         0.32268          1.1818          0.2309          1.5722         0.58425               
         A        288        VAL         0.70788         0.21784         0.92916         0.12795          1.1099         0.44432               
         A        289        VAL         0.27391          0.1176         0.14352        0.030264         0.39588         0.10592               
         A        290        GLY         0.60892        0.062501               0               0         0.67098         0.53641               
         A        291        ASN         0.97099          0.2013          1.1222         0.18225          1.4225         0.76776               
         A        292        ASP         0.78878         0.19175         0.96485        0.091188          1.1197         0.53641               
         A        293        SER         0.32856        0.079209         0.32576        0.057475         0.45349         0.23078               
         A        294        PHE        0.085234         0.10073        0.012715        0.029523         0.24078               0               
         A        295        ALA         0.50883        0.075514         0.62936               0         0.62936         0.40445               
         A        296        TRP         0.64724         0.29483         0.76249         0.27372          1.1699          0.3271               
         A        297        LEU         0.18139        0.095213        0.092247        0.040156         0.30071        0.035858               
         A        298        PRO         0.62725         0.12328         0.70577        0.098558         0.80968         0.43526               
         A        299        GLN         0.91235         0.38636          1.1876         0.31007          1.6163         0.51105               
         A        300        LEU         0.25269        0.099596          0.1594        0.044312         0.36671        0.084951               
         A        301        GLU         0.69291         0.30688         0.93181          0.1982          1.1495         0.34267               
         A        302        TYR         0.70595         0.37683         0.90474          0.3031          1.5157         0.22093               
         A        303        PHE        0.077156        0.084756        0.017323        0.026295         0.24416               0               
         A        304        PHE         0.36959         0.17641         0.48285         0.11554         0.62936         0.14177               
         A        305        LEU        0.068654        0.066215       0.0060679         0.01051         0.15327               0               
         A        306        GLU         0.42044         0.09462         0.48815        0.061839         0.57337         0.25095               
         A        307        TYR         0.78061         0.29477         0.94786         0.21437          1.4097         0.39588               
         A        308        ASN         0.30305         0.08191         0.23824        0.044708         0.44889         0.17097               
         A        309        ASN         0.64436         0.21619         0.83539         0.13193          1.0259         0.37081               
         A        310        ILE         0.25426        0.095953         0.17253        0.059183         0.39164        0.084951               
         A        311        GLN         0.87112         0.27772           1.079         0.19338          1.2892         0.49624               
         A        312        HIS         0.85583         0.29738          1.0592         0.20641          1.3723         0.48171               
         A        313        LEU         0.26674         0.15361         0.12277        0.054989         0.47693        0.057389               
         A        314        PHE          0.8127         0.25845         0.97264         0.17309          1.2554         0.41312               
         A        315        SER         0.76242         0.19001           1.004        0.021925          1.0259         0.48171               
         A        316        HIS          1.0058         0.35525          1.2478          0.2359          1.5436         0.51105               
         A        317        SER         0.34105         0.12292         0.39029        0.063195         0.52109         0.15327               
         A        318        LEU         0.10647        0.091221        0.022727        0.024243         0.23078               0               
         A        319        HIS         0.71816         0.30952         0.94066         0.18656          1.1802         0.33484               
         A        320        GLY         0.44507        0.052239               0               0         0.50608         0.38323               
         A        321        LEU         0.15152        0.097518        0.059851        0.036411         0.26828        0.012941               
         A        322        PHE         0.78375         0.21837         0.91739           0.136          1.1295         0.39164               
         A        323        ASN         0.72407         0.23527         0.93067         0.15233          1.0624         0.45812               
         A        324        VAL         0.25666        0.068071         0.18142        0.021195         0.33096         0.15619               
         A        325        ARG         0.86049         0.40025          1.1058         0.29156          1.5296         0.36671               
         A        326        TYR         0.47391         0.13569         0.55796        0.055589         0.65289          0.2242               
         A        327        LEU        0.089496        0.072705        0.020053        0.016245          0.2017               0               
         A        328        ASN         0.29229         0.12722         0.40735        0.074945         0.51606         0.15327               
         A        329        LEU        0.059799        0.058327       0.0032353       0.0056036         0.13893               0               
         A        330        LYS         0.55018         0.28894         0.75327         0.23528          1.1099          0.2242               
         A        331        ARG         0.67688         0.28593         0.85603         0.19911          1.1395          0.3271               
         A        332        SER         0.14723        0.043128        0.088897       0.0090633         0.19232        0.079833               
         A        333        PHE         0.13176         0.11331        0.061304        0.054725         0.34267               0               
         A        334        THR         0.56751         0.12397          0.6837        0.089112         0.80968         0.38742               
         A        335        LYS         0.90336          0.1052         0.95392        0.035356          1.0081          0.6771               
         A        336        GLN          1.5146         0.24093          1.5703         0.15155          1.8262          1.0624               
         A        337        SER          2.7728         0.56341          2.8557         0.30652          3.6719          1.8978               
         A        338        ILE          3.7928         0.64276          3.9043          0.6808          4.7956          2.7529               
         A        339        SER          5.6523         0.65265          6.2466         0.51354          6.7602          4.5835               
         A        340        LEU          4.3725         0.70774          4.7666          0.6924          5.8336          3.4887               
         A        341        ALA          2.6606          0.4509          3.0162               0           3.279           2.136               
         A        342        SER          1.6769         0.33071          1.9155         0.15734          2.0728          1.1907               
         A        343        LEU          1.0165         0.15088          1.0977        0.068752          1.1907         0.76776               
         A        344        PRO         0.46842        0.073961         0.45838        0.086014         0.57879         0.38323               
         A        345        LYS         0.82271         0.35315          1.0824         0.26824          1.5722         0.46747               
         A        346        ILE         0.32006         0.15745          0.1814        0.071349         0.57337        0.074764               
         A        347        ASP         0.73607         0.16625         0.87689           0.106         0.99934         0.53127               
         A        348        ASP          0.9512         0.19751          1.1138         0.15781          1.3723         0.76776               
         A        349        PHE          1.0012         0.35755          1.2196         0.25956          1.6465         0.54158               
         A        350        SER         0.29751        0.099646         0.33527        0.056365         0.42189         0.16501               
         A        351        PHE        0.090166        0.088707        0.027371        0.032315         0.22093               0               
         A        352        GLN          0.6775         0.23256         0.84008         0.17352         0.99934         0.32326               
         A        353        TRP         0.59578          0.1625         0.65528         0.15388         0.87643         0.37906               
         A        354        LEU         0.19573         0.12207        0.083083        0.053528         0.37492        0.021985               
         A        355        LYS         0.81358          0.1793         0.95096        0.091713          1.0811         0.53127               
         A        356        CYS         0.72228         0.22058         0.98088         0.19936          1.1802         0.52616               
         A        357        LEU         0.23777          0.1155         0.13041        0.054348         0.38323        0.042937               
         A        358        GLU          0.7215         0.30072         0.96362         0.17118          1.1495         0.37081               
         A        359        HIS         0.46845         0.17315         0.59291        0.089655         0.70839         0.20487               
         A        360        LEU        0.090797        0.072692        0.021289        0.019242         0.19543               0               
         A        361        ASN         0.28981         0.10697         0.38936        0.052398         0.47218         0.17699               
         A        362        MET        0.059118        0.055639       0.0052753       0.0058999         0.13329               0               
         A        363        GLU         0.44689         0.15088         0.55773         0.11031         0.72124         0.24755               
         A        364        ASP         0.57933         0.17769         0.74244        0.092862         0.88415         0.37492               
         A        365        ASN         0.24725        0.062488         0.18773       0.0083499         0.35059         0.18002               
         A        366        ASP         0.49489         0.13656         0.61511        0.085649         0.75421         0.32326               
         A        367        ILE         0.25967         0.10485         0.16633        0.063059         0.38323        0.067248               
         A        368        PRO         0.62585         0.10142         0.65818         0.10811         0.76776         0.47693               
         A        369        GLY         0.42512        0.054924               0               0         0.48171          0.3586               
         A        370        ILE         0.30421          0.1483         0.18237        0.060244         0.56798        0.095333               
         A        371        LYS         0.79873         0.18807         0.90531         0.17152          1.1699         0.52109               
         A        372        SER          1.1123         0.24541          1.4501        0.065512          1.5157         0.89194               
         A        373        ASN         0.95253         0.27278          1.1884         0.15271          1.3971         0.59529               
         A        374        MET         0.27659         0.12419         0.21875         0.10058         0.50608        0.082386               
         A        375        PHE         0.11141        0.096451        0.044959        0.041736         0.26478               0               
         A        376        THR         0.59229         0.15391         0.74973        0.089629         0.87643         0.38742               
         A        377        GLY         0.56199        0.032971               0               0         0.60087         0.51606               
         A        378        LEU          0.2567         0.11746         0.14715        0.052944         0.41312        0.062295               
         A        379        ILE         0.91933         0.22003          1.0916         0.13459          1.3241         0.55203               
         A        380        ASN         0.83357         0.24602          1.0388         0.18362          1.2666         0.55731               
         A        381        LEU         0.26627         0.10279         0.17021        0.041577         0.40015         0.11128               
         A        382        LYS         0.81169         0.35878          1.0833         0.25363          1.3846         0.40877               
         A        383        TYR         0.47286         0.12285         0.54541        0.062127         0.63518         0.23743               
         A        384        LEU        0.085732        0.068547        0.023586        0.019591         0.20487               0               
         A        385        SER         0.22991        0.076428         0.33292       0.0058206         0.33874         0.15038               
         A        386        LEU        0.085437        0.063198        0.028786          0.0203         0.17397               0               
         A        387        SER         0.38245         0.10876         0.51845        0.060336         0.57879         0.23743               
         A        388        ASN         0.49546         0.14473         0.61855         0.10431         0.78847          0.3271               
         A        389        SER         0.20988        0.039392         0.15766       0.0043906         0.25783         0.15327               
         A        390        PHE         0.22477          0.1134         0.15883        0.051406         0.46747        0.095333               
         A        391        THR          0.6647         0.11433         0.71917        0.012111         0.80968         0.43526               
         A        392        SER         0.89327         0.18926          1.1497        0.020185          1.1699         0.67098               
         A        393        LEU         0.38043         0.14357         0.24931        0.064478         0.58975         0.14462               
         A        394        ARG          1.4163         0.56161          1.7725         0.38175          2.1795         0.73428               
         A        395        THR         0.87705         0.22392           1.105         0.12998          1.2666         0.61215               
         A        396        LEU         0.31009         0.17103         0.14578        0.054971         0.50608        0.077293               
         A        397        THR         0.86583         0.22597          1.0904         0.11219          1.2226         0.55731               
         A        398        ASN          1.1771         0.30412            1.43         0.23677          1.7581         0.89194               
         A        399        GLU          1.3195         0.42564          1.6621         0.23893          2.0122         0.79549               
         A        400        THR         0.45909         0.12282         0.38812        0.081776         0.65289         0.28249               
         A        401        PHE         0.18702          0.1456        0.083135        0.052901         0.41312        0.015187               
         A        402        VAL         0.80091         0.19115          1.0038        0.096006          1.1395         0.58975               
         A        403        SER         0.41936        0.068481         0.39346        0.074008         0.49624         0.31945               
         A        404        LEU         0.19895         0.11817        0.090605        0.044574         0.35458        0.045318               
         A        405        ALA         0.68833         0.11846         0.81686               0         0.81686         0.48171               
         A        406        HIS          1.2791         0.46168          1.5815         0.34682          2.1576         0.72124               
         A        407        SER         0.44675        0.094144          0.3252       0.0057534         0.57879         0.31945               
         A        408        PRO         0.70739         0.12575         0.82847        0.088913         0.93185         0.53127               
         A        409        LEU         0.26493        0.096256          0.1777         0.05042         0.37906         0.09796               
         A        410        HIS         0.72136         0.27607         0.92327         0.15181          1.1802         0.36265               
         A        411        ILE          0.4398         0.18492         0.58876          0.1381         0.80968         0.21124               
         A        412        LEU        0.080701        0.073396          0.0122        0.014645         0.20805               0               
         A        413        ASN         0.29281         0.12085         0.39723        0.080934         0.52616         0.15327               
         A        414        LEU        0.087464        0.076855        0.017371         0.02059          0.2017               0               
         A        415        THR         0.36793        0.068776         0.42578        0.036841         0.47693         0.23743               
         A        416        LYS           0.716         0.24718         0.89663          0.1872          1.1699         0.43526               
         A        417        ASN         0.33301        0.095881         0.24507        0.033388         0.48171         0.18922               
         A        418        LYS         0.93919          0.3633           1.177         0.32747          1.6932         0.55203               
         A        419        ILE         0.31963         0.11492            0.21        0.036926         0.45349         0.15038               
         A        420        SER         0.83182         0.18929           1.091        0.028644          1.1197         0.61784               
         A        421        LYS         0.85764         0.37462          1.1339         0.27903          1.4484         0.44889               
         A        422        ILE         0.27242         0.13975         0.14257        0.049688         0.44432        0.064766               
         A        423        GLU         0.94894         0.38467          1.2223         0.30294          1.6313         0.49624               
         A        424        SER         0.91279         0.15464          1.0969          0.1149          1.2118         0.76096               
         A        425        ASP         0.90083          0.1783          1.0731        0.052964          1.1495         0.66491               
         A        426        ALA         0.39129        0.073602         0.36265               0         0.50115         0.28972               
         A        427        PHE         0.12758         0.12275        0.039542        0.041086         0.30814               0               
         A        428        SER          0.6069         0.11208          0.7349        0.032858         0.76776         0.43526               
         A        429        TRP         0.76556         0.33102         0.88399         0.32114          1.3971         0.40877               
         A        430        LEU         0.22311         0.11562         0.11449        0.045799         0.38742        0.057389               
         A        431        GLY         0.63871        0.058292               0               0         0.72124         0.55731               
         A        432        HIS         0.97703         0.31767           1.187         0.23669          1.5436         0.60649               
         A        433        LEU         0.28045          0.1195          0.1701        0.049366         0.44432        0.095333               
         A        434        GLU         0.71779         0.34674         0.99186         0.21433          1.2892         0.33096               
         A        435        VAL         0.41161         0.12876         0.53369        0.080923         0.64694         0.25095               
         A        436        LEU        0.095452        0.076343        0.024349         0.02428         0.21768               0               
         A        437        ASP         0.28771         0.11191         0.38241        0.079149         0.50608         0.16798               
         A        438        LEU        0.075716        0.068461        0.012941        0.020142         0.17097               0               
         A        439        GLY         0.30727         0.05024               0               0         0.37906         0.23743               
         A        440        LEU         0.71564         0.18272         0.87822         0.10049         0.96502         0.50608               
         A        441        ASN          0.3899         0.11837          0.2873        0.038991         0.60649          0.2242               
         A        442        GLU         0.91882         0.33591           1.161         0.26055          1.5436         0.53127               
         A        443        ILE         0.28146         0.11835         0.17008        0.039659         0.42189         0.11399               
         A        444        GLY         0.70091         0.13985               0               0         0.89979         0.51606               
         A        445        GLN         0.57132         0.11167         0.48644        0.076305         0.70204         0.39588               
         A        446        GLU         0.98588         0.35503          1.2551         0.24227          1.6014         0.55203               
         A        447        LEU         0.29664         0.17306          0.1344        0.067406         0.50608        0.054952               
         A        448        THR         0.83958         0.15917         0.97888        0.070488          1.0531         0.54679               
         A        449        GLY         0.56428          0.0224               0               0         0.60087         0.54158               
         A        450        GLN         0.99974         0.34045          1.2696          0.1894          1.5296         0.56263               
         A        451        GLU         0.35103         0.11418          0.3893          0.1016         0.51105         0.19543               
         A        452        TRP         0.13902          0.1313        0.069102        0.074244         0.37906               0               
         A        453        ARG          1.0082         0.42555          1.2835         0.27144          1.6932         0.43978               
         A        454        GLY         0.63469        0.062756               0               0         0.70839         0.54679               
         A        455        LEU         0.31328         0.15126         0.16862        0.049884         0.51105          0.1006               
         A        456        GLU          1.3357         0.52514          1.7161         0.40209          2.3665          0.6771               
         A        457        ASN          1.0342         0.31708          1.2941         0.23985          1.6465         0.66491               
         A        458        ILE         0.33608         0.11284         0.24165        0.056552         0.52109         0.18614               
         A        459        PHE         0.72552         0.24497         0.89407         0.12055          1.1002         0.36265               
         A        460        GLU         0.49972         0.20526         0.65656         0.13193         0.78847         0.22748               
         A        461        ILE        0.095371        0.076571        0.028269         0.02178         0.23743               0               
         A        462        TYR         0.41422         0.21191         0.53431         0.15367         0.80256         0.13049               
         A        463        LEU        0.074871        0.074067       0.0072187        0.012503         0.18614               0               
         A        464        SER          0.3778        0.054543         0.40146        0.042858         0.44432         0.28249               
         A        465        TYR          0.8601          0.2678          1.0145         0.18869          1.3479         0.52109               
         A        466        ASN         0.42144         0.15534         0.28217        0.043264         0.69574         0.22093               
         A        467        LYS          1.1845         0.59001          1.5583         0.55581          2.3665         0.61784               
         A        468        TYR          1.0345         0.38154          1.2658         0.23146          1.6014         0.47218               
         A        469        LEU          0.2633         0.12603         0.14535        0.048939         0.41749        0.067248               
         A        470        GLN          1.0014         0.45884          1.3503         0.32152          1.7092         0.50115               
         A        471        LEU         0.38842         0.21361         0.19224        0.068692         0.74087         0.12494               
         A        472        THR         0.69262         0.11933         0.79625         0.07448         0.88415         0.50608               
         A        473        ARG          1.5134         0.74942          1.9554         0.58563          2.7224         0.65289               
         A        474        ASN          1.0435         0.31695          1.3204         0.20125          1.6313         0.67098               
         A        475        SER          0.3769         0.10398         0.36149        0.034391         0.57337         0.25783               
         A        476        PHE         0.16512         0.15338         0.05908        0.060759         0.42189               0               
         A        477        ALA         0.72173         0.10846         0.86877               0         0.86877         0.55203               
         A        478        LEU         0.79571         0.18211         0.94317         0.13496          1.1395         0.56798               
         A        479        VAL         0.33102        0.085588         0.24782        0.041466         0.45812         0.18922               
         A        480        PRO         0.74174         0.14452         0.88296         0.11136          1.0259         0.60087               
         A        481        SER         0.66638         0.10452         0.77728        0.068887         0.84617         0.50608               
         A        482        LEU          0.2639         0.10637         0.16533        0.045296         0.40015        0.095333               
         A        483        GLN         0.68706          0.3188         0.93547         0.20567          1.2666         0.31566               
         A        484        ARG         0.72687         0.44196         0.97475         0.36898          1.5296          0.2341               
         A        485        LEU        0.075614        0.067055        0.013132        0.022745         0.17699               0               
         A        486        MET         0.25468         0.11878         0.35508        0.087913         0.49624         0.13329               
         A        487        LEU        0.092138        0.082681        0.022078        0.033524         0.21445               0               
         A        488        ARG         0.66051          0.2689         0.80991         0.22318          1.2334         0.28972               
         A        489        ARG         0.89244         0.33365          1.0965          0.2431          1.6014         0.46747               
         A        490        VAL         0.35257        0.092249         0.24978        0.036679         0.43526         0.19856               
         A        491        ALA         0.53652        0.092975         0.71479               0         0.71479         0.45812               
         A        492        LEU          0.2565         0.13041         0.13691        0.030632         0.46278         0.11128               
         A        493        LYS          1.0555         0.52232          1.4271         0.41862          2.0936         0.51105               
         A        494        ASN         0.88457         0.25644          1.0975         0.17923          1.2779         0.56798               
         A        495        VAL         0.33399          0.1089         0.23111        0.067325         0.50608         0.15619               
         A        496        ASP         0.87665         0.18725         0.96188         0.13624          1.1597         0.56798               
         A        497        SER          0.9041        0.076571         0.84629        0.014889           1.044          0.8241               
         A        498        SER          1.5485         0.31924          1.9762        0.096629          2.0728          1.2012               
         A        499        PRO          1.2925         0.30044          1.5632         0.15856          1.7253         0.83875               
         A        500        SER         0.54307          0.1452         0.39111        0.071663         0.79549         0.31945               
         A        501        PRO         0.33346         0.10343          0.3692        0.083294         0.47218         0.19543               
         A        502        PHE        0.084462         0.10194        0.013089        0.018286         0.27535               0               
         A        503        GLN         0.74252         0.22542         0.89919         0.15975          1.1197         0.37081               
         A        504        PRO         0.60113        0.065447         0.57542        0.057309         0.69574         0.51606               
         A        505        LEU          0.3008         0.13501         0.17615        0.058366         0.50115        0.090118               
         A        506        ARG          1.1321         0.42365          1.3935         0.30583          1.9162         0.62936               
         A        507        ASN         0.87436          0.2989          1.1393         0.18332          1.2892         0.51606               
         A        508        LEU         0.25367         0.10097         0.16274        0.050557         0.39588         0.10325               
         A        509        THR         0.49017         0.15604         0.66554        0.032609         0.70839         0.32326               
         A        510        ILE         0.43085         0.18158         0.56998         0.15328         0.81686         0.21124               
         A        511        LEU        0.086155        0.068916        0.020091        0.017442         0.18922               0               
         A        512        ASP          0.2592         0.10415         0.35078        0.066951         0.46278         0.14462               
         A        513        LEU        0.097066        0.083559         0.02082        0.021745         0.21768               0               
         A        514        SER         0.42472        0.082658         0.47316        0.037895         0.51105         0.26828               
         A        515        ASN          0.8021         0.13427         0.91943        0.058473           1.017         0.58425               
         A        516        ASN         0.43045         0.11174         0.32647        0.020892         0.61215         0.30071               
         A        517        ASN         0.99875         0.29685          1.2644         0.14204          1.4616         0.56263               
         A        518        ILE          0.4366          0.1166         0.33073        0.058405         0.59529          0.2341               
         A        519        ALA         0.86231         0.16385          1.1699               0          1.1699         0.72773               
         A        520        ASN         0.74221         0.17846         0.91422        0.032021          0.9483         0.51105               
         A        521        ILE         0.30126          0.1194          0.1895        0.045783         0.47218         0.11399               
         A        522        ASN          0.6826         0.20471          0.8702        0.099092          1.0081         0.42632               
         A        523        ASP         0.76407         0.16018         0.89547         0.11767          1.0531         0.54158               
         A        524        ASP         0.90257         0.22213          1.0863         0.14661          1.3124         0.61215               
         A        525        MET         0.24718         0.14779         0.15619         0.10016         0.54679        0.024271               
         A        526        LEU         0.17914         0.12767        0.064087         0.05172         0.35458        0.019709               
         A        527        GLU         0.89287         0.36423          1.1736         0.24052          1.4883         0.45349               
         A        528        GLY         0.67315        0.060005               0               0         0.74087         0.59529               
         A        529        LEU         0.30618         0.11437         0.20207        0.048336         0.47218          0.1361               
         A        530        GLU         0.89796         0.19564          1.0613        0.071287          1.1295         0.60087               
         A        531        LYS          1.0333         0.49547          1.3608         0.44523          2.0523         0.55731               
         A        532        LEU         0.27604         0.11208         0.17289        0.047532         0.41749         0.10859               
         A        533        GLU         0.69518         0.29259         0.92212         0.19054          1.1699         0.36265               
         A        534        ILE         0.45801         0.19931          0.6142         0.16017         0.87643         0.21124               
         A        535        LEU        0.098677        0.074078        0.031485        0.030404         0.21768       0.0018585               
         A        536        ASP         0.27719         0.11388         0.37688        0.073908         0.47693         0.14177               
         A        537        LEU         0.09486        0.087791        0.013411        0.017598         0.21768               0               
         A        538        GLN         0.43212        0.087645         0.47157        0.086008         0.58975         0.28972               
         A        539        HIS         0.78425         0.18903         0.91626         0.11792          1.1099         0.51606               
         A        540        ASN         0.40374        0.098194         0.31132        0.021978         0.56263         0.27535               
         A        541        ASN         0.82965         0.30842          1.0825          0.2474          1.4883         0.53127               
         A        542        LEU         0.21925         0.07852         0.15442        0.054839         0.33484        0.079833               
         A        543        ALA         0.49457         0.04353         0.56263               0         0.56263         0.43526               
         A        544        ARG          1.4785         0.74676          1.8756         0.66244          2.9813         0.67098               
         A        545        LEU         0.52141        0.088266         0.47465         0.10445         0.63518         0.35059               
         A        546        TRP         0.24281         0.18025         0.13905        0.079964         0.58975        0.038207               
         A        547        LYS          1.1535         0.31748          1.3135         0.29789          1.8262         0.64104               
         A        548        HIS          1.9851         0.45898          2.1509         0.46016          2.8475          1.3124               
         A        549        ALA           2.511         0.30475          2.7224               0           2.947          2.0728               
         A        550        ASN           1.452         0.32169          1.1426        0.082392          1.8438          1.0349               
         A        551        PRO          2.5702         0.36558          2.8521         0.31245          3.2005          2.0321               
         A        552        GLY          2.2679          0.3449               0               0          2.6051          1.7748               
         A        553        GLY          1.4695          0.3247               0               0          1.9539          1.1295               
         A        554        PRO         0.82484         0.11502         0.86867         0.13741           1.044         0.70839               
         A        555        ILE         0.51412         0.13403         0.56952         0.14401         0.80968         0.31566               
         A        556        TYR         0.69006         0.17318         0.78044         0.14113         0.98203         0.46747               
         A        557        PHE         0.13848        0.089505         0.08155        0.050721         0.31189               0               
         A        558        LEU         0.13991         0.10189         0.04447        0.031527         0.28609       0.0084788               
         A        559        LYS         0.93176         0.44222          1.2341         0.37566          1.7092         0.41749               
         A        560        GLY         0.61327        0.079514               0               0         0.71479         0.50115               
         A        561        LEU         0.28718         0.12066         0.17049        0.034609         0.43078         0.12494               
         A        562        SER         0.83112         0.16284          1.0397        0.022713          1.0624         0.61215               
         A        563        HIS          1.0256         0.43448          1.3099         0.33375          1.7581         0.54158               
         A        564        LEU         0.27571         0.10549          0.1775        0.038744         0.42632         0.13049               
         A        565        HIS         0.73983         0.27238         0.93704         0.15285          1.1699         0.37906               
         A        566        ILE         0.49171         0.20112         0.64869         0.16318         0.91569         0.24078               
         A        567        LEU         0.10462         0.06716        0.043902        0.019748         0.22093        0.019709               
         A        568        ASN          0.2696         0.12573         0.37807        0.086252         0.51606         0.13329               
         A        569        LEU         0.08029        0.074351        0.010734        0.018592         0.18002               0               
         A        570        GLU         0.40838         0.10179         0.47627        0.077772         0.59529         0.24078               
         A        571        SER         0.59168          0.1023          0.7185        0.029018         0.74752         0.46747               
         A        572        ASN         0.33444         0.11244         0.22932        0.015434         0.50608         0.20487               
         A        573        GLY         0.61843        0.056714               0               0          0.6771         0.53641               
         A        574        PHE          0.2498         0.15087         0.14408        0.051592         0.50115        0.064766               
         A        575        ASP         0.79235         0.19901         0.93934         0.17709          1.2118         0.54679               
         A        576        GLU         0.73085         0.33219         0.98533         0.21743           1.336         0.30071               
         A        577        ILE         0.26376         0.13241         0.14591        0.047566         0.48652        0.077293               
         A        578        PRO         0.44985        0.057106         0.43295        0.055359         0.53127          0.3586               
         A        579        VAL         0.86432         0.23154          1.1249        0.064222          1.1802         0.62936               
         A        580        GLU          1.0127         0.35739          1.2764         0.26786          1.7416         0.60649               
         A        581        VAL         0.31534        0.096507         0.23916        0.027708         0.50608         0.20805               
         A        582        PHE         0.15014         0.13957        0.051208         0.04769         0.37906               0               
         A        583        LYS          1.1545         0.57668           1.525         0.53018          2.3177         0.53641               
         A        584        ASP          0.7325         0.18124         0.87461         0.14862          1.1002         0.53127               
         A        585        LEU         0.29269         0.11914         0.17821        0.037426         0.43978         0.11671               
         A        586        PHE          1.0255         0.29931          1.2334         0.14407          1.4354         0.58975               
         A        587        GLU         0.97436         0.33371          1.2188         0.25067          1.6313         0.57879               
         A        588        LEU          0.2874         0.10749         0.18999        0.043039         0.46747         0.13329               
         A        589        LYS         0.87003         0.46621          1.2029         0.37422          1.8262         0.39164               
         A        590        ILE         0.50449         0.22461         0.68058         0.18256         0.96502         0.24755               
         A        591        ILE         0.10328        0.072853        0.038754        0.040219         0.20487               0               
         A        592        ASP         0.27121         0.10829           0.371        0.054931         0.43978         0.15038               
         A        593        LEU        0.068143        0.064853        0.011928        0.020659         0.16798               0               
         A        594        GLY         0.33032        0.053753               0               0         0.38323         0.24078               
         A        595        LEU         0.69633         0.15048         0.82694        0.091798          0.9483         0.51105               
         A        596        ASN         0.38897          0.1193         0.28095        0.017758         0.58975         0.25095               
         A        597        ASN         0.88568         0.21753          1.0507          0.1741          1.3479         0.57337               
         A        598        LEU         0.36347         0.14628         0.22861        0.057383         0.57879          0.1361               
         A        599        ASN         0.78263         0.22089         0.99129         0.07339          1.0624         0.46747               
         A        600        THR         0.84586          0.2278          1.1025        0.068758          1.1699         0.61784               
         A        601        LEU         0.43619          0.2197         0.23662        0.079279         0.78152         0.13329               
         A        602        PRO         0.75718         0.12318          0.7095         0.12977         0.89979         0.57337               
         A        603        ALA          1.2602         0.16819          1.5867               0          1.5867          1.1197               
         A        604        SER          1.1082         0.21662          1.3899         0.11203          1.5019         0.86877               
         A        605        VAL         0.43783         0.11646         0.35318        0.058813         0.67098         0.27535               
         A        606        PHE         0.20399          0.1664        0.086748        0.067252         0.45812       0.0040556               
         A        607        ASN         0.95528         0.21965          1.1197         0.14927          1.3723         0.61215               
         A        608        ASN         0.86279         0.21254          1.0277         0.16449          1.2779         0.57879               
         A        609        GLN         0.33619         0.13115          0.2233        0.022281         0.51606         0.18922               
         A        610        VAL          1.0172         0.20039           1.224        0.055789          1.3008         0.68948               
         A        611        SER          0.8154         0.14381         0.97433         0.13558          1.1099          0.6771               
         A        612        LEU         0.36858         0.13624         0.24131        0.041537         0.55731         0.19543               
         A        613        LYS         0.90782         0.30983           1.145         0.20888          1.4883         0.53127               
         A        614        SER         0.45294          0.1186         0.57067       0.0026941         0.57337          0.2718               
         A        615        LEU         0.13035        0.080847        0.058672        0.037507         0.26478        0.028875               
         A        616        ASN         0.29299         0.13039         0.40861        0.076781         0.52109          0.1361               
         A        617        LEU         0.10412        0.077644        0.031291        0.024769         0.20805               0               
         A        618        GLN         0.44741        0.080826         0.50092        0.051356         0.57879         0.28972               
         A        619        LYS         0.98707          0.4679          1.2799          0.4439          2.0321         0.51606               
         A        620        ASN         0.41497         0.11345         0.31061        0.028227         0.61215         0.28609               
         A        621        LEU         0.82757         0.22107          1.0283         0.11914          1.2012         0.55731               
         A        622        ILE           0.294         0.10063         0.19806        0.035739         0.41749         0.15038               
         A        623        THR         0.66446         0.16539         0.84397        0.071723         0.94004         0.48652               
         A        624        SER         0.45473          0.1252          0.6236       0.0057574         0.62936         0.31945               
         A        625        VAL         0.24614         0.10527         0.13916         0.01605         0.41749         0.11671               
         A        626        GLU          0.8294          0.2783          1.0332         0.20679          1.3008         0.47218               
         A        627        LYS          1.2875         0.58163          1.6186         0.59825          2.6923         0.75421               
         A        628        LYS          1.4472         0.38014          1.7216         0.28954          2.2472          1.0081               
         A        629        VAL         0.54117          0.1412         0.50522         0.15364         0.76096          0.3271               
         A        630        PHE         0.20847         0.13766         0.11523        0.066365         0.43526        0.024271               
         A        631        GLY         0.68486        0.071712               0               0         0.75421         0.57337               
         A        632        PRO         0.70292           0.102         0.75445        0.065651          0.8314         0.54679               
         A        633        ALA         0.28209        0.063326         0.17699               0         0.37492         0.17699               
         A        634        PHE         0.26471           0.142         0.18251        0.084594         0.54158        0.064766               
         A        635        ARG          1.5129          0.8274          1.9112         0.78647          3.4024         0.55203               
         A        636        ASN          1.2609         0.43121          1.6293         0.30961          2.0122         0.80256               
         A        637        LEU         0.50167         0.19489         0.32347        0.071774         0.80256         0.21124               
         A        638        THR          1.1108         0.19952          1.3121        0.092684          1.4354         0.80968               
         A        639        GLU         0.74149         0.18386         0.86902          0.1072         0.98203         0.43526               
         A        640        LEU         0.24885         0.12223         0.13971         0.05119         0.45812         0.10325               
         A        641        ASP         0.38165         0.15562         0.52125        0.088763         0.64694         0.19232               
         A        642        MET          0.1179         0.10204        0.018942        0.016982         0.25095               0               
         A        643        ARG         0.87093         0.38492          1.0973         0.29969          1.6313         0.37081               
         A        644        PHE         0.94113         0.39263          1.1836         0.28271          1.6313         0.46278               
         A        645        ASN         0.31441        0.051324         0.27198        0.036655         0.37906         0.22093               
         A        646        PRO          0.5755        0.092548         0.65893        0.080845         0.73428         0.47218               
         A        647        PHE         0.21202         0.15835         0.10333        0.051496         0.52616        0.028875               
         A        648        ASP         0.65514         0.21952         0.85185         0.12983           1.017         0.40015               
         A        649        CYS         0.57681         0.07538         0.52967        0.038306         0.72773         0.49137               
         A        650        THR         0.83929         0.16819          1.0163        0.068739          1.1002         0.60649               
         A        651        CYS          1.2893         0.34499          1.7442         0.17203          1.9162          0.9483               
         A        652        GLU          1.7731         0.67832          2.2892         0.45878          3.0879         0.97349               
         A        653        SER         0.61948         0.18642           0.751         0.13316         0.88415         0.37081               
         A        654        ILE         0.31794        0.076525         0.26836        0.075477         0.41312         0.18002               
         A        655        ALA         0.70393         0.12212         0.93185               0         0.93185         0.56798               
         A        656        TRP         0.67259         0.17079         0.70535         0.18874           1.017         0.41749               
         A        657        PHE         0.16519         0.13888        0.071204        0.063106         0.43078               0               
         A        658        VAL         0.44269         0.12041         0.42801         0.11361         0.61215         0.28972               
         A        659        ASN         0.97773         0.18224          1.1218        0.067211          1.2012         0.62358               
         A        660        TRP         0.50907         0.14872         0.45445         0.14291         0.72124         0.25095               
         A        661        ILE         0.48484         0.19599         0.33572          0.1132         0.81686         0.19543               
         A        662        ASN          1.4769         0.32472          1.6193         0.25733          1.9925         0.96502               
         A        663        GLU          1.7447         0.25962          1.8729         0.25744          2.3177          1.4225               
         A        664        THR          1.0217         0.26039         0.73891         0.02057          1.4097         0.72124               
         A        665        HIS          2.1769         0.68204          2.6372         0.48714          3.2393          1.3723               
         A        666        THR         0.79797         0.15385         0.62871        0.045396         0.99065         0.56798               
         A        667        ASN          1.3342         0.41032          1.6992         0.22381          2.0523         0.77461               
         A        668        ILE         0.61408         0.20135         0.42407        0.056073         0.86877         0.36265               
         A        669        PRO          1.0202         0.12815           1.069         0.11527          1.1699         0.81686               
         A        670        GLU          1.3542         0.29616          1.5409         0.23906          1.9162         0.89194               
         A        671        LEU         0.70836         0.11562         0.66757         0.10684         0.92374         0.49624               
         A        672        SER          1.4065         0.35985          1.8494          0.2029          2.0523         0.94004               
         A        673        SER          1.5154         0.35236          1.9662         0.19137          2.1576          1.2012               
         A        674        HIS          1.3043         0.54385          1.6537         0.40615          2.2017         0.56798               
         A        675        TYR         0.30516        0.087839          0.2554        0.027467         0.54679         0.22093               
         A        676        LEU         0.66469         0.28219         0.92114         0.15926          1.1395         0.35458               
         A        677        CYS         0.59754         0.16022         0.47778        0.069011         0.88415         0.40877               
         A        678        ASN          1.2601         0.30401          1.4202         0.26455          1.7918         0.75421               
         A        679        THR          1.1015         0.17868          1.1991         0.18331          1.4225          0.8241               
         A        680        PRO          1.4361         0.22267          1.3398         0.21547          1.7416          1.0906               
         A        681        PRO          2.7135          0.3362          3.0399         0.21745           3.279          2.2243               
         A        682        HIS           2.303          0.3716          2.4697         0.35868          3.0162          1.8089               
         A        683        TYR          1.1475         0.15774          1.0734        0.059409          1.5578         0.99065               
         A        684        HIS          1.9651         0.32725          2.2196         0.09742          2.3915          1.5019               
         A        685        GLY            1.19        0.064988               0               0          1.2666          1.0906               
         A        686        PHE          1.0244         0.25511          1.1273          0.2294          1.5019         0.57337               
         A        687        PRO         0.80736         0.24006            1.04         0.14806          1.1907         0.50608               
         A        688        VAL         0.26115        0.085633         0.17111        0.013027         0.37906         0.15911               
         A        689        ARG          1.1095         0.46377          1.3427         0.42068          1.9349         0.50608               
         A        690        LEU          1.2169         0.39196          1.5586         0.26256           1.973         0.78847               
         A        691        PHE          0.6757          0.1178         0.62013        0.079349         0.91569         0.49624               
         A        692        ASP          1.7197         0.55558          2.2179          0.3342          2.5492          1.0717               
         A        693        THR          1.4223         0.30354          1.1774         0.17312          1.9162         0.94004               
         A        694        SER          3.6526          1.0097          4.5206         0.75132          5.2719          2.1576               
         A        695        SER          3.1007         0.28266          2.8871         0.16471          3.6247          2.7224               
         A        696        CYS          2.7223         0.28844          2.2017               0          3.0518          2.2017               
