pdb_id: 
analysis type: unbound
radii_file: F:\psiafrombintisolah\PSAIA-1.0\amac_data\chothia.radii
CX_sRadius: 13
CX_vAtom: 20.1

  chain id|    res id|  res name|     average CX|       s_avg CX|    s-ch avg CX|  s-ch s_avg CX|         max CX|         min CX|               
         C          1        ASP          13.108         0.54588          13.438         0.50748          14.262          12.466               
         C          2        ARG          10.338         0.50079          10.429         0.53519          11.718          9.6477               
         C          3        ILE          9.7126         0.17177          9.7775         0.22491          10.167          9.6477               
         C          4        CYS          9.6515         0.20231          9.4057               0          9.9012          9.4057               
         C          5        THR          9.6175          0.8829          10.207         0.67135          11.049           8.157               
         C          6        GLY           8.224         0.43878               0               0          8.7415          7.6387               
         C         10        SER          2.4467         0.12004          2.4216         0.12767          2.5492          2.2704               
         C         11        ASN          2.6439         0.33223          2.9172         0.12611          3.1248           2.136               
         C         12        SER          1.8263        0.091935          1.8182        0.043357          1.9925          1.6932               
         C         13        PRO          1.9391         0.19128          2.1324         0.10615          2.2704          1.6932               
         C         14        HIS          1.5678         0.27996          1.7248         0.23633          2.0523          1.1802               
         C         15        VAL           1.245         0.11133          1.3617        0.061237          1.4225          1.1295               
         C         16        VAL          1.0828        0.059917          1.0412        0.021607          1.2012          1.0259               
         C         17        LYS          1.5821         0.27796          1.7554         0.23633          2.0728          1.1597               
         C         18        THR           2.278         0.39933           2.029         0.22148          2.8801          1.7253               
         C         19        ALA          4.9243         0.88824          5.2719               0          6.0438          3.5332               
         C         20        THR          6.4341          1.0257          7.4755         0.63365           8.157          5.2719               
         C         21        GLN           3.498         0.43975          3.3952         0.47841          4.1444          2.7839               
         C         22        GLY          2.9793         0.62064               0               0          3.6719          2.1795               
         C         23        GLU          2.0836         0.28119          2.1568         0.26026          2.6051          1.7581               
         C         24        VAL          1.3439          0.1519          1.4193         0.15264          1.6163          1.1295               
         C         25        ASN          1.3901         0.13051          1.5107         0.06866          1.6014          1.2444               
         C         26        VAL          1.2136         0.10438          1.1309         0.05345          1.3971          1.0717               
         C         28        GLY           1.568         0.13011               0               0          1.7416          1.3971               
         C         29        VAL          1.4188         0.18918          1.2425         0.06328          1.7416          1.1699               
         C         30        ILE          1.7957         0.37569          2.1266         0.23482          2.4686          1.3479               
         C         31        PRO           1.367          0.1593          1.4881         0.14507          1.6313          1.1495               
         C         32        LEU          1.1114         0.10685          1.1921        0.094452           1.336         0.99065               
         C         33        THR         0.97687        0.044106         0.94832       0.0067694          1.0811         0.94004               
         C         34        THR         0.89656        0.066188         0.92493        0.048193         0.99065         0.76096               
         C         35        THR          1.0825         0.14861          1.2158        0.030822          1.2554         0.89194               
         C         36        PRO         0.79193         0.22044         0.58701        0.065272          1.1597         0.49624               
         C         37        THR           1.596         0.37293          2.0032          0.1122           2.136          1.1395               
         C         38        LYS          1.8301         0.37136          2.0319         0.35806          2.6628          1.4354               
         C         39        SER          1.2139         0.11044          1.3073        0.040682          1.3479          1.0349               
         C         40        HIS          1.4459         0.36752           1.694         0.21404          2.0122         0.85364               
         C         41        PHE         0.56931         0.14235          0.4782        0.069574          0.8241         0.37492               
         C         42        ALA         0.59427        0.094743         0.74087               0         0.74087         0.45349               
         C         43        ASN         0.83825         0.14639         0.96629        0.083372          1.1099         0.63518               
         C         44        LEU         0.67737         0.15107         0.60202         0.04285         0.97349         0.54679               
         C         45        LYS          1.9132         0.73566          2.3394         0.71574          3.4887         0.99065               
         C         46        GLY          1.8872          0.2157               0               0          2.1576          1.5578               
         C         47        THR          1.1398         0.17141          1.0498         0.10948          1.4749         0.92374               
         C         48        GLU          1.1134         0.38366          1.3534         0.32538          1.8616         0.61215               
         C         49        THR         0.40403        0.081517         0.37185        0.056878         0.57879         0.29336               
         C         50        ARG         0.29479        0.052311         0.29182        0.064286         0.41312         0.20805               
         C         51        GLY         0.29264        0.037559               0               0         0.33096         0.23743               
         C         52        LYS         0.44809         0.16357         0.57108         0.11849         0.78152         0.28249               
         C         53        LEU         0.19515        0.089978         0.11738        0.039139         0.33874        0.069741               
         C         54        CYS         0.64379         0.12047         0.72625        0.055266         0.78152         0.40445               
         C         55        PRO          1.1367         0.22525          1.0362         0.16021          1.4749         0.80968               
         C         56        LYS          2.4082         0.67688          2.9173         0.47903          3.5332          1.6313               
         C         57        CYS          1.1438          0.1854          0.9324        0.032614          1.4354         0.89979               
         C         58        LEU          2.0947         0.63172          2.6428         0.42538          3.3605          1.3723               
         C         59        ASN          1.8658         0.74237          2.4878         0.50556           2.947         0.92374               
         C         60        CYS         0.75341         0.09504         0.69266       0.0093863         0.95662         0.68327               
         C         61        THR          0.4374         0.11174         0.48572         0.10446         0.62358         0.28249               
         C         62        ASP         0.20001        0.062368         0.23119        0.022665         0.26478        0.074764               
         C         63        LEU         0.12283        0.054732         0.13905         0.04167         0.19232        0.026568               
         C         64        ASP         0.22947        0.085107         0.30465          0.0534         0.39588         0.13329               
         C         65        VAL          0.1916        0.067566         0.24883        0.055729          0.3271         0.09796               
         C         66        ALA        0.020034        0.016241               0               0         0.04771               0               
         C         67        LEU        0.018327        0.027497       0.0037968       0.0065762        0.082386               0               
         C         68        GLY         0.17161         0.04962               0               0          0.2341         0.09796               
         C         69        ARG         0.38338         0.13422         0.43651         0.13448         0.60087         0.19543               
         C         70        PRO         0.49464         0.10718          0.4717         0.12196         0.60087         0.30814               
         C         71        LYS          1.1266         0.38745          1.4106         0.29286          1.8089         0.69574               
         C         72        CYS         0.50878        0.071077         0.51107        0.004987         0.58975         0.36671               
         C         73        THR         0.72762          0.1446         0.68274         0.12701         0.97349         0.52109               
         C         74        GLY         0.91816         0.12768               0               0          1.0717         0.78847               
         C         75        LYS          1.8812         0.73831          2.4311         0.52629          3.2393         0.99934               
         C         76        ILE         0.46542         0.15434         0.32031        0.033721         0.72124         0.27891               
         C         77        PRO         0.76758         0.16684         0.87926         0.15866          1.0906         0.50608               
         C         78        SER         0.81062        0.061875         0.87672        0.023074         0.89979         0.72773               
         C         79        ALA         0.65373        0.071827         0.52616               0         0.73428         0.52616               
         C         80        ARG           1.508         0.66215          1.8931         0.52939          2.7529         0.78152               
         C         81        VAL         0.43301         0.12586         0.42936          0.1045         0.65887         0.30814               
         C         82        SER         0.26521        0.036079          0.2854        0.037859         0.32326          0.2242               
         C         83        ILE         0.27391        0.031587         0.28863        0.030888         0.33874         0.22093               
         C         84        LEU         0.53414        0.091813         0.60229        0.067832         0.70839         0.38323               
         C         85        HIS         0.60617         0.18078         0.50956         0.10829         0.97349         0.36265               
         C         86        GLU         0.69361        0.093743         0.64997        0.091188          0.8241         0.47693               
         C         87        VAL          1.3529         0.23944          1.6184        0.075789          1.7253          1.0624               
         C         88        ARG          2.2517          1.1852          2.9032          1.0161          4.4506         0.94004               
         C         89        PRO         0.58505        0.078646         0.54282        0.086683         0.69574         0.47218               
         C         90        VAL         0.62187         0.18312         0.81537          0.0784         0.92374         0.38323               
         C         91        THR          0.3973          0.1482         0.26449        0.062919         0.66491         0.18002               
         C         92        SER         0.72413         0.12048         0.83716         0.10288         0.94004         0.54158               
         C         93        GLY         0.38966         0.09266               0               0         0.47218         0.24755               
         C         94        CYS         0.25868        0.063384         0.18769       0.0046214         0.34662         0.18307               
         C         95        PHE         0.19214        0.038496         0.19369        0.041025         0.26828          0.1361               
         C         96        PRO         0.27934        0.096846         0.37639        0.010914         0.39164          0.1361               
         C         97        ILE         0.14641         0.11102        0.053174        0.036296         0.34662        0.010705               
         C         98        MET         0.44089         0.10696          0.5121         0.10719         0.68327         0.31566               
         C         99        HIS         0.43488        0.098506         0.38345        0.077988         0.58425         0.28249               
         C        100        ASP          1.1893          0.2509          1.3297         0.14532          1.5722         0.76096               
         C        101        ARG         0.89122         0.14414          0.9303         0.16693          1.2666         0.74752               
         C        102        THR         0.62426          0.1229         0.48831        0.051296         0.74752         0.42189               
         C        103        LYS         0.61502         0.08284         0.62046        0.090591         0.76776         0.53127               
         C        104        ILE         0.24299         0.10774         0.16694        0.075582         0.44432        0.079833               
         C        105        ARG         0.56404         0.14017         0.65612        0.084141          0.8314         0.35458               
         C        106        GLN         0.65452         0.23555         0.84912         0.11433         0.99065         0.35458               
         C        107        LEU         0.16534        0.069063         0.11403        0.038952         0.30071        0.052527               
         C        108        PRO         0.16548        0.023353         0.18524         0.01227         0.19543         0.13049               
         C        109        ASN         0.39915         0.10815         0.49431        0.068058         0.61215          0.2718               
         C        110        LEU         0.34008         0.10384         0.42882        0.073012         0.54679         0.22748               
         C        111        LEU         0.11716        0.062791         0.07117         0.03917         0.22748        0.017443               
         C        112        ARG         0.21363        0.043426         0.20886         0.02089         0.31566         0.15327               
         C        113        GLY         0.48956         0.13866               0               0         0.69574         0.31566               
         C        114        TYR         0.43649        0.052571         0.42641        0.056734         0.50608          0.3271               
         C        115        GLU         0.94253         0.34109          1.2106         0.21559          1.4484         0.55731               
         C        116        HIS         0.85663         0.32396          1.0898         0.19228          1.3241         0.43078               
         C        117        ILE         0.31531        0.083364         0.23733        0.030215         0.43526         0.19856               
         C        118        ARG         0.64881         0.26288         0.81866         0.16416          1.0811         0.26478               
         C        119        LEU         0.44267        0.077169         0.43802        0.063987         0.57337         0.36265               
         C        120        SER         0.67574         0.13755         0.58781        0.035774         0.89194         0.52616               
         C        121        THR          1.5822         0.41052           2.034        0.075923           2.136          1.0717               
         C        122        HIS          2.0983         0.79669          2.6205         0.56515          3.4451         0.95662               
         C        123        ASN         0.88657         0.11018         0.90368         0.10573          1.0531         0.76096               
         C        124        VAL         0.44594         0.11908         0.31395        0.032398         0.58425          0.2718               
         C        125        ILE          0.4898        0.085333         0.43123        0.072518         0.61784         0.31566               
         C        126        ASN          1.1254         0.33961          1.4342         0.19241          1.7253         0.76096               
         C        127        ALA         0.56961        0.086035         0.43526               0         0.65887         0.43526               
         C        128        GLU          1.2905         0.30184          1.4843         0.26967          1.9349         0.89979               
         C        129        ASN          1.7916         0.61033           2.327         0.39683          2.8154          1.1002               
         C        130        ALA          0.7284         0.11568         0.50608               0          0.8241         0.50608               
         C        131        PRO         0.78368         0.13752         0.87893        0.096962         0.99065         0.52616               
         C        132        GLY         0.68277        0.067248               0               0         0.79549         0.62358               
         C        133        GLY         0.76604        0.092439               0               0         0.85364         0.61215               
         C        134        PRO          1.1463         0.26378           1.426        0.091268          1.5157         0.80256               
         C        135        TYR         0.48809         0.19501         0.35789        0.062758          0.8241         0.28609               
         C        136        LYS         0.89575         0.23394            1.05         0.19406          1.3008         0.55203               
         C        137        ILE         0.72153        0.079098         0.69864        0.047111         0.88415         0.62358               
         C        138        GLY          0.5266        0.050405               0               0         0.57879         0.44432               
         C        139        THR         0.82899         0.18075         0.99892         0.15271          1.2118         0.62936               
         C        140        SER         0.65313        0.081798         0.57159         0.07535         0.76096         0.49624               
         C        141        GLY          0.9033         0.13076               0               0          1.0531         0.69574               
         C        142        SER         0.66701         0.13986         0.59917        0.041863         0.92374         0.50115               
         C        143        CYS         0.57418         0.17231         0.37342        0.080065         0.80968         0.29336               
         C        144        PRO          1.0407         0.13978          1.0302         0.16415          1.2334          0.8314               
         C        145        ASN          1.8935         0.30227          1.9548         0.24385          2.3177          1.4484               
         C        146        ILE          3.0435         0.68035          3.1088         0.75005          4.2626          2.2017               
         C        147        THR           4.052         0.54977          4.5791         0.31319          4.8699          3.2005               
         C        148        ASN          3.2129         0.40628           3.391         0.47629          4.0872          2.7529               
         C        149        GLY          2.0516         0.38489               0               0          2.4425          1.5722               
         C        150        ASN          1.5286         0.20228          1.6404         0.11823          1.8089          1.2012               
         C        151        GLY         0.73903         0.18622               0               0         0.99934         0.55203               
         C        152        PHE           0.254         0.10032         0.19699        0.059349         0.47693          0.1361               
         C        153        PHE        0.088879          0.0737        0.035406        0.023961         0.19543       0.0040556               
         C        154        ALA         0.31244        0.052622         0.40445               0         0.40445         0.25438               
         C        155        THR         0.14526        0.045797          0.1014        0.029478         0.21445        0.059836               
         C        156        MET        0.095714         0.06802        0.033942        0.030872         0.19856               0               
         C        157        ALA           0.201        0.082892         0.33874               0         0.33874        0.092719               
         C        158        TRP         0.18275        0.037933         0.17782        0.036369         0.26129         0.11944               
         C        159        ALA          0.1641        0.040583         0.20487               0         0.20487        0.092719               
         C        160        VAL         0.32775         0.07808         0.35565         0.07196         0.45349         0.22748               
         C        161        PRO         0.45965         0.14101         0.36665        0.042207         0.70839         0.31945               
         C        162        LYS          1.5287         0.62238          1.9469         0.53601          2.7529         0.76776               
         C        163        ASN          1.9593         0.51154          2.3621         0.42917          3.0518          1.3846               
         C       163A        ASP          2.3477         0.49995          2.7967         0.28558          3.2393          1.6932               
         C       163B        LYS          2.9032         0.73532          3.2204         0.85574          4.6525          2.2472               
         C       163C        ASN          1.6327         0.30484          1.5981         0.27944          2.0728          1.2334               
         C        164        LYS          1.1025         0.14209          1.0464         0.14091           1.336         0.86877               
         C        165        THR          1.0269         0.26784          1.3091         0.10331          1.4484         0.64694               
         C        166        ALA         0.99669         0.12578          1.0531               0          1.2012          0.8314               
         C        167        THR         0.86294          0.1065          0.7821          0.0709           1.044         0.68327               
         C        168        ASN          1.8155         0.65713          2.4073         0.37835          2.9813           1.017               
         C        169        PRO          1.1641         0.17055          1.1211         0.15703          1.4484         0.96502               
         C        170        LEU         0.78575         0.14002         0.74913         0.15489         0.99065         0.56263               
         C        171        THR          1.0902         0.22719          1.3391        0.086596          1.4616         0.81686               
         C        172        ILE         0.60475         0.11357         0.51588        0.075741         0.76776         0.46747               
         C        173        GLU          1.3455         0.68568          1.8614         0.48407          2.3665         0.55203               
         C        174        VAL         0.40832         0.14385         0.25146        0.025134         0.57337         0.22093               
         C        175        PRO         0.69813         0.14268         0.80552        0.096409         0.89194         0.46278               
         C        176        TYR         0.83326         0.16463         0.93808        0.064676           1.044         0.50608               
         C        177        ILE         0.73044         0.10169         0.68882         0.12505         0.89979         0.57879               
         C        178        CYS         0.77441         0.21988         0.53912        0.090233          1.1395         0.44889               
         C        179        THR           1.463         0.20319          1.6043        0.085814          1.6932           1.044               
         C        180        GLU          2.8775         0.80975          3.4213         0.70426          4.6525          2.0321               
         C        181        GLY          1.5083         0.32338               0               0           1.973          1.1802               
         C        182        GLU         0.82931         0.10061         0.83346        0.032762          1.0717         0.70204               
         C        183        ASP         0.53209         0.12214          0.6061         0.10125         0.71479          0.3586               
         C        184        GLN         0.24605        0.053618         0.24728        0.036969         0.34662         0.17397               
         C        185        ILE        0.077867        0.044777         0.10575        0.035997         0.15327        0.017443               
         C        186        THR        0.017886        0.024455        0.041735        0.020004        0.069741               0               
         C        187        VAL         0.01396        0.017066        0.030602        0.013827        0.050113               0               
         C        188        TRP        0.056237        0.062589        0.078732        0.060936         0.16501               0               
         C        189        GLY       0.0032353       0.0056036               0               0        0.012941               0               
         C        190        PHE         0.08663        0.073351         0.12286        0.069171         0.24755       0.0062623               
         C        191        HIS        0.051331        0.045137        0.077505        0.039634         0.12218               0               
         C        192        SER         0.20816        0.068244         0.27078        0.056323          0.3271          0.1006               
         C        193        ASP         0.47637        0.094146           0.464        0.042374         0.62936          0.3271               
         C        194        ASN          1.2048         0.30363          1.4696         0.16945          1.7253         0.75421               
         C        195        GLU           1.813         0.58434          2.2316         0.46844          2.8154          1.2444               
         C        196        THR          1.9684         0.39044          2.3764         0.18577          2.6337          1.4883               
         C        197        GLN          1.0469         0.20083           1.035         0.13941          1.4097         0.76776               
         C        198        MET         0.53782          0.1758         0.41157         0.14645         0.78152         0.25438               
         C        199        ALA          1.0477         0.13762          1.2666               0          1.2666         0.84617               
         C        200        LYS          1.4749         0.46812          1.8414         0.29202          2.1576         0.89979               
         C        201        LEU         0.50155         0.10792         0.41862        0.069032         0.68948         0.33096               
         C        202        TYR         0.24222         0.16813         0.13438        0.057609         0.60087        0.067248               
         C        203        GLY         0.75465         0.20128               0               0          1.0259         0.46747               
         C        204        ASP         0.76866         0.13351         0.80112         0.17378          1.0717         0.58975               
         C        205        SER          1.1259         0.22369          1.4242        0.064132          1.4883         0.85364               
         C        206        LYS          1.2296         0.36542          1.4988         0.23003          1.8089         0.64694               
         C        207        PRO         0.89357         0.20231          1.0769         0.16843          1.2012         0.64694               
         C        208        GLN         0.39086        0.091291         0.33484          0.0861         0.48652         0.23078               
         C        209        LYS          1.0209         0.58786          1.4274         0.49814          2.2243         0.43978               
         C        210        PHE           0.287         0.18355         0.15831         0.07325         0.58975        0.064766               
         C        211        THR          0.5954         0.18402         0.79988        0.060785         0.87643         0.38323               
         C        212        SER         0.45854         0.12188         0.37099        0.055331          0.6771         0.31566               
         C        213        SER         0.81577         0.21844           1.095          0.1384          1.2334         0.58975               
         C        214        ALA         0.79202         0.15547         0.58975               0           1.017         0.58975               
         C        215        ASN          1.4577         0.33353           1.277         0.13114          2.0321          1.0906               
         C        216        GLY          2.6466          0.2177               0               0           2.947          2.3915               
         C        217        VAL           1.473          0.2534          1.4822         0.13805          1.8796           1.044               
         C        218        THR          1.8427         0.36053          2.1956         0.27921          2.5769          1.4616               
         C        219        THR         0.89796          0.1594         0.80794         0.13298          1.1295         0.62936               
         C        220        HIS          1.2973          0.2828          1.4835         0.21259          1.8438         0.94004               
         C        221        TYR         0.55324         0.10764         0.48623        0.056193         0.72773         0.39164               
         C        222        VAL         0.91898         0.27278          1.1987         0.18683          1.4616         0.65289               
         C        223        SER         0.51009         0.14852         0.35709        0.026137         0.78152         0.33096               
         C        224        GLN         0.85328         0.27303          1.0569         0.19098           1.336         0.50608               
         C        225        ILE         0.82242         0.13499         0.80176           0.165          1.0349         0.58425               
         C        226        GLY          1.3268         0.16092               0               0          1.5157          1.0811               
         C        227        GLY          1.7095          0.1073               0               0          1.8438          1.5436               
         C        228        PHE          0.9249         0.38252         0.65979         0.13247          1.6775         0.50608               
         C        229        PRO          1.2704         0.10901          1.2902        0.046763          1.4354          1.0531               
         C        230        ASN          2.1244         0.76452          2.8123         0.44327          3.4451          1.2334               
         C        231        GLN          1.0752        0.098838          1.0156        0.029442          1.2554         0.97349               
         C        232        THR         0.93693         0.21834          1.1167         0.16533          1.3008         0.58425               
         C        233        GLU         0.72467         0.15721          0.7692         0.13644         0.92374         0.44889               
         C        234        ASP         0.75614         0.15575         0.84214         0.15806          1.0259         0.54158               
         C        235        GLY         0.82832         0.20985               0               0          1.0906         0.58425               
         C        236        GLY          1.6405         0.34192               0               0          2.0728          1.1395               
         C        237        LEU          1.5733         0.22051          1.7316        0.078464          1.8262          1.1002               
         C        238        PRO          1.9003          0.4797          2.3983         0.22825          2.6923          1.3008               
         C        239        GLN         0.77632         0.11282         0.69823        0.064612         0.99934         0.61784               
         C        240        SER         0.77833        0.081794         0.87722        0.038468         0.91569         0.65887               
         C        241        GLY         0.37408        0.068026               0               0         0.48171         0.29702               
         C        242        ARG         0.43788         0.27086         0.59243         0.21449         0.96502        0.074764               
         C        243        ILE        0.026532        0.031334               0               0        0.077293               0               
         C        244        VAL         0.10808        0.071037         0.18394        0.032257         0.22748        0.028875               
         C        245        VAL        0.070672        0.064868        0.012249       0.0074006         0.18614       0.0040556               
         C        246        ASP         0.18272         0.10704         0.27388        0.068787         0.35458         0.03352               
         C        247        TYR         0.25895         0.13068         0.31544         0.12171         0.55203         0.09796               
         C        248        MET         0.18604         0.05643         0.20628        0.068049         0.30814         0.11944               
         C        249        VAL         0.37621        0.058947         0.37673        0.024148         0.49137         0.29702               
         C        250        GLN         0.42514         0.10591         0.35356        0.054753         0.61215         0.28249               
         C        251        LYS          1.2369         0.33257          1.5064         0.17956          1.8089         0.80968               
         C        252        SER          1.4733         0.21079          1.6136         0.11169          1.7253          1.1395               
         C        253        GLY          1.3619        0.066038               0               0          1.4354          1.2666               
         C        254        LYS          1.7388          0.8543          2.2727         0.80885          3.5332         0.84617               
         C        255        THR          1.0454         0.16692          1.1817         0.13747          1.3723          0.8241               
         C        256        GLY         0.57608        0.046927               0               0         0.65289         0.52616               
         C        257        THR          0.6226         0.21055         0.85167        0.075604         0.95662         0.37081               
         C        258        ILE         0.22559         0.12683         0.10272        0.029249         0.38323        0.054952               
         C        259        THR         0.50595         0.15417         0.67324        0.062208         0.76096         0.31945               
         C        260        TYR         0.27075        0.076566         0.23351         0.05384         0.41749         0.15619               
         C        261        GLN         0.42136         0.24856         0.61268         0.15723         0.79549        0.079833               
         C        262        ARG         0.22894          0.1479          0.3092         0.12343         0.54158        0.028875               
         C        263        GLY               0               0               0               0               0               0               
         C        264        ILE       0.0057291       0.0094536       0.0093384        0.011799        0.028875               0               
         C        265        LEU        0.025858        0.034563        0.051716        0.032434         0.09796               0               
         C        266        LEU        0.070204        0.057608         0.11404        0.049049         0.19543       0.0062623               
         C        267        PRO        0.073973         0.05224        0.043781       0.0073217         0.17097        0.017443               
         C        268        GLN         0.35921        0.098236          0.4139        0.071071         0.54679         0.15911               
         C        269        LYS         0.54323         0.31467         0.75351         0.27285          1.2118         0.19232               
         C        270        VAL         0.19177        0.030354         0.17371         0.02928         0.24078         0.13329               
         C        271        TRP        0.085976        0.050248        0.069994        0.046812         0.17097        0.015187               
         C        272        CYS         0.32324        0.070034         0.40048        0.021414         0.42189          0.2017               
         C        273        ALA         0.41443         0.10297         0.28249               0         0.56263         0.28249               
         C        274        SER         0.75355          0.1125         0.89606        0.019628         0.91569         0.60649               
         C        275        GLY         0.99721        0.093086               0               0          1.0906         0.86877               
         C        276        ARG          1.7236         0.71751          2.0571         0.70472           3.279         0.97349               
         C        277        SER         0.68824        0.099411         0.56379        0.042697          0.8314         0.52109               
         C        278        LYS          1.0618         0.52952          1.4177          0.4604          2.0321         0.46747               
         C        279        VAL         0.52947        0.086509          0.4522        0.018987         0.66491         0.43078               
         C        280        ILE         0.44364        0.038867          0.4244        0.020425         0.52109         0.40015               
         C        281        LYS         0.93914         0.34866          1.2004         0.25436          1.4749         0.57879               
         C        282        GLY         0.55389        0.070868               0               0         0.65887         0.48652               
         C        283        SER         0.94107         0.17277          1.1397        0.019997          1.1597         0.64694               
         C        284        LEU          1.0789         0.33329         0.84755         0.14518          1.6932         0.72124               
         C        285        PRO            1.86         0.44012          2.3093         0.22295          2.5492          1.3241               
         C        286        LEU          0.9029         0.37928         0.56895         0.13939          1.5578         0.42632               
         C        287        ILE          2.0407         0.58193          2.5611         0.33953          3.0518          1.3479               
         C        288        GLY          1.5738         0.22099               0               0          1.8262          1.2554               
         C        289        GLU          1.6785         0.37027          1.9527         0.24675          2.2243          1.1699               
         C        290        ALA         0.88671         0.11296          0.6771               0           1.017          0.6771               
         C        291        ASP          1.1193         0.30335          1.3682         0.23096          1.6775         0.77461               
         C        292        CYS         0.40432        0.071671         0.38185        0.031264         0.55203         0.33096               
         C        293        LEU         0.26425        0.020817         0.26778        0.021956         0.30071         0.24078               
         C        294        HIS         0.43937         0.10341         0.49824        0.088546         0.62358         0.28609               
         C        295        GLU         0.85626         0.22158          1.0056          0.1736          1.2666         0.52109               
         C        296        LYS          1.2266         0.41474          1.4835         0.39414           1.973         0.79549               
         C        297        TYR         0.73145         0.15553         0.79162         0.15102          1.0081         0.53127               
         C        298        GLY         0.41553        0.043016               0               0         0.46278         0.35059               
         C        299        GLY         0.49445        0.031515               0               0         0.54679         0.46747               
         C        300        LEU         0.47607        0.081641         0.40296        0.030352         0.61215          0.3586               
         C        301        ASN         0.99426         0.23247          1.1952         0.14834          1.4225         0.67098               
         C        302        LYS          1.3771         0.32695          1.4751         0.32357          2.0122         0.95662               
         C        303        SER          1.4869         0.18812          1.5258        0.090457          1.7918          1.1802               
         C        304        LYS          1.2986         0.26357          1.4389         0.28082          1.8616          1.0531               
         C        305        PRO          1.2314         0.17155          1.4059        0.030057          1.4484         0.98203               
         C        306        TYR          1.1087         0.27998          1.2442         0.24828          1.7581         0.80256               
         C        307        TYR         0.57871         0.11229         0.50356        0.029393         0.79549         0.46278               
         C        308        THR         0.94798         0.13312          1.0909        0.023389          1.1197         0.78152               
         C        309        GLY          1.1191        0.063788               0               0          1.2012           1.044               
         C        310        GLU          1.4996          0.3932          1.8003         0.24564          2.1576         0.91569               
         C        311        HIS          1.3612         0.19754          1.4357         0.19696          1.7581          1.1197               
         C        312        ALA          1.0605        0.087398          1.1597               0          1.1597         0.94004               
         C        313        LYS          1.3953         0.67479          1.8479         0.58578          2.7529         0.63518               
         C        314        ALA          0.5978        0.096488         0.46278               0         0.72773         0.46278               
         C        315        ILE          0.4795        0.061911         0.49175         0.07723         0.58425         0.39164               
         C        316        GLY         0.79695         0.13428               0               0         0.96502         0.60649               
         C        317        ASN          1.3015         0.30058          1.5813         0.11945          1.7581         0.89979               
         C        318        CYS         0.76865          0.1651          0.5815        0.065441         0.98203         0.51606               
         C        319        PRO         0.62167        0.047079         0.57749        0.028535         0.68948         0.55731               
         C        320        ILE          1.0559         0.36363          1.3525         0.29741          1.8438         0.74752               
         C        321        TRP          1.2675         0.35836          1.3717         0.35842          1.9349         0.78847               
         C        322        VAL          1.2517        0.076524          1.2352        0.063461          1.3479          1.1295               
         C        323        LYS          2.8156          1.1804          3.6163          1.0259           5.359          1.6465               
         C        324        THR          1.5786         0.31296          1.8446         0.23235          2.1576          1.1495               
         C        325        PRO          1.1879         0.16572          1.3294         0.14376          1.4616         0.99065               
         C        326        LEU           1.002        0.099888           1.078        0.089741          1.1802         0.90771               
         C        327        LYS           1.016        0.046506          1.0254        0.051919          1.1099         0.96502               
         C        328        LEU          1.4547         0.31878          1.7105         0.26767           2.136          1.1597               
         C        329        ALA          1.3454         0.17151          1.2226               0          1.6465          1.1802               
         C        330        ASN           2.104         0.46817           2.502         0.32993          2.8475          1.5157               
         C        331        GLY           1.671        0.059466               0               0          1.7416          1.5867               
         C        332        THR            1.68         0.23693          1.9275         0.12176          2.0728          1.3971               
         C        333        LYS          1.7772         0.30082          1.9241         0.32813          2.5219          1.4749               
         C        334        TYR          2.3509          0.4853          2.5527         0.44672          3.4451          1.6163               
         C        335        ARG          3.0189         0.32241          3.0879         0.33401          3.6719           2.495               
         C        336        PRO          4.0385         0.38785           4.055         0.33786          4.5163          3.4451               
         C        337        PRO          5.8392         0.89881          5.5582         0.69484          7.1759          4.5835               
         C        338        ALA           10.36          2.8325               0               0          14.788          7.0324               
