pdb_id: 
analysis type: unbound
radii_file: F:\psiafrombintisolah\PSAIA-1.0\amac_data\chothia.radii
CX_sRadius: 13
CX_vAtom: 20.1

  chain id|    res id|  res name|     average CX|       s_avg CX|    s-ch avg CX|  s-ch s_avg CX|         max CX|         min CX|               
         R          3        PRO           3.031         0.49476          3.3852         0.40351          3.8195          2.4168               
         R          4        PRO           1.839          0.2942          2.0376         0.12717          2.1576          1.3241               
         R          5        GLY          1.2714         0.17692               0               0          1.5436          1.1002               
         R          6        LYS          1.2142         0.20548          1.3758         0.11905          1.5296         0.91569               
         R          7        PRO         0.73143        0.097983         0.65199        0.072285         0.89194         0.60087               
         R          8        GLU          1.1012         0.38943          1.4049         0.25482          1.7416         0.68327               
         R          9        ILE         0.44183         0.17933         0.28394        0.072265         0.72773         0.18002               
         R         10        PHE          1.1771         0.25448          1.3123         0.20499          1.5722         0.74752               
         R         11        LYS         0.93986         0.31941          1.2176         0.17905          1.5019         0.49137               
         R         12        CYS         0.40693         0.10556          0.2689         0.02812         0.52616         0.24078               
         R         13        ARG         0.72202          0.3135         0.90735         0.24202          1.2226         0.31945               
         R         14        SER         0.33081        0.025465         0.29519        0.001832         0.35458         0.29336               
         R         15        PRO         0.49768        0.092871         0.57679        0.072513         0.64694         0.39588               
         R         16        ASN         0.55336         0.19162         0.71623         0.13796         0.91569         0.35059               
         R         17        LYS         0.41764         0.11001         0.47392         0.10386         0.60649         0.25095               
         R         18        GLU         0.98828         0.35975          1.2393         0.27998          1.6014         0.49624               
         R         19        THR         0.60059         0.16874         0.75737         0.11733         0.91569         0.39588               
         R         20        PHE          0.1914        0.085401         0.13825        0.053958         0.34662        0.064766               
         R         21        THR         0.30494        0.099326          0.4153        0.032112         0.45349         0.18614               
         R         22        CYS         0.19972        0.071105         0.10738        0.012051         0.29336        0.095333               
         R         23        TRP         0.66278         0.17215         0.76042        0.086441         0.90771         0.35059               
         R         24        TRP         0.40923         0.13701         0.33552        0.062958         0.72124         0.23743               
         R         25        ARG          1.4909           0.586          1.8852         0.32903          2.1795         0.70204               
         R         26        PRO         0.94616         0.11008         0.95576         0.09513          1.1295         0.80256               
         R         27        GLY          1.2101         0.21962               0               0          1.4616         0.93185               
         R         28        THR          1.6725         0.24668          1.8886         0.20951          2.1576          1.3241               
         R         29        ASP          2.0087         0.20734           1.904         0.13656          2.3915          1.7748               
         R         30        GLY          2.8899         0.19109               0               0          3.0879          2.5769               
         R         31        GLY          2.7336         0.11596               0               0          2.8475          2.5492               
         R         34        THR          1.4237         0.22947          1.3785         0.20892          1.8089          1.1197               
         R         35        ASN          1.4463         0.57585          1.8822         0.50635          2.7224          0.8241               
         R         36        TYR          0.6773        0.094302         0.66801         0.10778          0.8241         0.53127               
         R         37        SER         0.58846          0.1342         0.74775        0.020012         0.76776         0.39164               
         R         38        LEU         0.25858          0.1181         0.14523        0.026339         0.41312         0.10859               
         R         39        THR         0.48563         0.16117          0.6614        0.065669         0.75421         0.30814               
         R         40        TYR         0.38736         0.11533         0.32914        0.070214         0.64104         0.25095               
         R         41        HIS         0.93191         0.19379          1.0665           0.121          1.2226         0.65289               
         R         42        ARG          1.0645          0.2431          1.1092         0.26852          1.5019         0.75421               
         R         43        GLU          1.5651          0.2906          1.7028         0.23978          2.0523          1.0811               
         R         44        GLY          2.0816         0.31746               0               0          2.4686          1.6014               
         R         45        GLU          2.0102         0.23916          1.9767         0.23009          2.2939          1.5722               
         R         46        THR          2.3294         0.33893          2.3427         0.38331          2.8801          2.0122               
         R         47        LEU          2.4356         0.31377          2.6852         0.22702          2.8475          2.0321               
         R         48        MET          1.4929         0.18343          1.5236         0.21809          1.8438          1.2892               
         R         49        HIS          1.0368         0.17356          1.0929         0.17783            1.36         0.76096               
         R         50        GLU          1.0547         0.23811           1.222         0.17052          1.5296         0.72124               
         R         51        CYS         0.56071         0.12559         0.44213        0.011355         0.78847         0.43078               
         R         52        PRO         0.84138         0.19394         0.71553         0.14102          1.1597         0.55731               
         R         53        ASP         0.96601         0.19353          1.1398         0.10475          1.2444         0.70204               
         R         54        TYR         0.87383         0.22885         0.75707         0.15037          1.3008         0.53127               
         R         55        ILE          2.3703         0.68394          2.9721         0.40031          3.4024          1.4484               
         R         56        THR          1.6187         0.14892          1.5146         0.14125          1.8089          1.3241               
         R         57        GLY          1.2346        0.049938               0               0          1.2779          1.1495               
         R         58        GLY          1.5382         0.30889               0               0          2.0122          1.1495               
         R         59        PRO          1.6725         0.45075          2.1028         0.22105           2.342          1.0811               
         R         60        ASN         0.74151         0.16224         0.85642        0.095278           1.017         0.49624               
         R         61        SER         0.58182         0.13561         0.75904        0.050644         0.80968         0.42632               
         R         62        CYS         0.28601        0.038004         0.24756       0.0033993         0.33874         0.24416               
         R         63        HIS         0.62205         0.14793         0.72506        0.093279         0.87643         0.41749               
         R         64        PHE         0.27918         0.16286         0.16867        0.052921         0.58425          0.1006               
         R         65        GLY         0.98598         0.15397               0               0          1.1597         0.74752               
         R         66        LYS          1.8703         0.47333           2.188           0.416          2.8154          1.3723               
         R         67        GLN          2.2649         0.64069          2.7499         0.43864          3.4024          1.4484               
         R         68        TYR           1.053         0.37189          1.1959         0.34062          1.8262         0.47693               
         R         69        THR         0.63939         0.12779         0.55536        0.048881         0.91569         0.48652               
         R         70        SER         0.71204         0.16077         0.91249        0.095624          1.0081         0.53127               
         R         71        MET         0.82056         0.11906         0.80004        0.071845          1.0811         0.68948               
         R         72        TRP          1.5926         0.46505          1.7551         0.42712          2.5492          0.8314               
         R         73        ARG          1.2292         0.50222          1.4957         0.43707          2.2243         0.56798               
         R         74        THR         0.79112         0.14495         0.92726        0.083465           1.044         0.58975               
         R         75        TYR         0.26963        0.071481         0.23269          0.0547         0.39588         0.17397               
         R         76        ILE         0.66393          0.2178         0.86284         0.11902          1.0531         0.42632               
         R         77        MET         0.21951         0.12438         0.10428        0.043546         0.40877        0.050113               
         R         78        MET         0.47857         0.18309         0.64091         0.11654         0.77461         0.28249               
         R         79        VAL         0.34184        0.085256          0.2711        0.045222         0.49137         0.20805               
         R         80        ASN         0.60041        0.069123         0.64159        0.056959         0.70204         0.47218               
         R         81        ALA         0.80775          0.0987         0.72773               0         0.97349         0.72124               
         R         82        THR          1.3167         0.16571          1.4419        0.073545          1.5436         0.99065               
         R         83        ASN          1.8264         0.20935           1.866         0.19965          2.1795          1.5157               
         R         84        GLN          3.3132         0.59995           3.711          0.4689          4.3238          2.3665               
         R         85        MET          3.0222         0.37321          3.3154         0.16094          3.4887           2.342               
         R         86        GLY          2.1094         0.31826               0               0          2.5769          1.7748               
         R         87        SER          1.4634         0.12436          1.4747         0.12674          1.6163          1.3008               
         R         88        SER          1.0534         0.12552          1.1325        0.079348          1.2118         0.84617               
         R         89        PHE          1.2384         0.34072          1.4003         0.33117          1.9349         0.91569               
         R         90        SER          0.7726          0.1591         0.57109        0.069946         0.97349         0.50115               
         R         91        ASP          1.4536         0.56298          1.9457         0.35757          2.2472         0.75421               
         R         92        GLU           1.089         0.14774          1.1539         0.13802          1.4097         0.89979               
         R         93        LEU         0.58468         0.12491         0.54768         0.12673         0.74752         0.39588               
         R         94        TYR          1.2009         0.42115          1.4494         0.27898          1.9349         0.61215               
         R         95        VAL         0.31488          0.0963         0.22432        0.012203         0.50115         0.20805               
         R         96        ASP         0.53772          0.1594           0.661         0.13024         0.87643          0.3586               
         R         97        VAL         0.31595        0.033054         0.29767        0.029081         0.37081         0.27535               
         R         98        THR         0.52568        0.096688         0.63188        0.030951         0.67098         0.41749               
         R         99        TYR         0.99221         0.38666          1.1979         0.30936          1.7253         0.51606               
         R        100        ILE          0.3697        0.051372          0.3421        0.057017         0.42632         0.28972               
         R        101        VAL         0.31025          0.0368         0.27324        0.018172         0.36265         0.24755               
         R        102        GLN         0.56173         0.18822         0.68436         0.17052          0.9483         0.36671               
         R        103        PRO         0.38422        0.068843         0.31983         0.02222         0.49137         0.28972               
         R        104        ASP          0.7752         0.24266         0.97974         0.15368          1.1495         0.43978               
         R        105        PRO         0.61455          0.1028         0.70359        0.077807         0.77461         0.48171               
         R        106        PRO          0.3672         0.10931         0.25964        0.028738         0.52109         0.22093               
         R        107        LEU          1.0869          0.3534          1.4069         0.19391          1.6163         0.66491               
         R        108        GLU          1.7926         0.78288          2.3831         0.55244          3.2005         0.89194               
         R        109        LEU         0.47725         0.18426         0.30745        0.073111         0.72124         0.22748               
         R        110        ALA         0.68366         0.16244         0.95662               0         0.95662         0.47218               
         R        111        VAL          0.4785          0.1489          0.3238        0.049416         0.71479         0.27535               
         R        112        GLU          1.1351         0.48408          1.5151         0.30531          1.8978         0.57879               
         R        113        VAL         0.65971         0.12987         0.58024        0.047464         0.94004         0.51606               
         R        114        LYS          1.1174         0.49329          1.4405          0.4477          2.1795         0.65289               
         R        115        GLN          1.0896          0.1928           1.037         0.13612          1.5019         0.80968               
         R        116        PRO          1.5125         0.20121          1.3909         0.15745          1.7918          1.2012               
         R        117        GLU          3.2561         0.95334          3.9709         0.69309          4.8699          2.2472               
         R        118        ASP           3.347         0.61955          3.8676          0.4307          4.5835           2.495               
         R        119        ARG          2.4512         0.64789          2.7648         0.59873          3.9231          1.6465               
         R        120        LYS          1.5814         0.37875          1.8353         0.28469          2.1576          1.0811               
         R        121        PRO         0.79932          0.1195         0.85365        0.097025         0.98203         0.64694               
         R        122        TYR         0.73271         0.22913         0.85776          0.1739          1.1699         0.42189               
         R        123        LEU         0.29432        0.083581         0.22031        0.046915         0.40445         0.15327               
         R        124        TRP         0.94089         0.33485          1.1267         0.18913          1.3846         0.42632               
         R        125        ILE         0.29462         0.13431         0.16789        0.040216         0.48652         0.11399               
         R        126        LYS         0.91729         0.45935          1.2537         0.35289          1.7748         0.45349               
         R        127        TRP         0.36403         0.17473         0.26176        0.032465         0.79549          0.2242               
         R        128        SER         0.84046         0.23693          1.1658         0.04608          1.2118         0.60087               
         R        129        PRO         0.72871         0.11355         0.77215         0.10663         0.86877         0.56798               
         R        130        PRO         0.57553         0.17428         0.41191        0.067596         0.81686         0.35059               
         R        131        THR          1.4836         0.46252          1.9824        0.094686          2.1146         0.86118               
         R        132        LEU          1.0011         0.21207          1.0531         0.20127          1.3846         0.65289               
         R        133        ILE         0.83427         0.30137         0.58556         0.15277          1.3723         0.38323               
         R        136        LYS          1.8664         0.44937          1.6163               0          2.6337          1.3723               
         R        137        THR          2.8098         0.52859          2.7442         0.41012          3.7201          2.1146               
         R        138        GLY          2.2027         0.31935               0               0          2.7529          1.9925               
         R        139        TRP          1.7644         0.32863          1.6998         0.36168          2.2017          1.1495               
         R        140        PHE         0.75178         0.29735         0.55535          0.1545          1.2892         0.37081               
         R        141        THR         0.98408         0.32019          1.3131         0.14346          1.5157         0.54158               
         R        142        LEU          0.3995        0.098284         0.31277        0.033943         0.54679         0.27535               
         R        143        LEU          0.6092         0.25316         0.83147         0.16037          1.0259         0.30441               
         R        144        TYR         0.30871        0.071919         0.28714        0.069517         0.43526         0.18614               
         R        145        GLU         0.45637         0.21248         0.62173         0.13591         0.78847         0.19232               
         R        146        ILE         0.18739        0.072912         0.12744        0.021849         0.33096          0.1006               
         R        147        ARG         0.51143         0.26188         0.66496         0.20675          0.9483         0.22093               
         R        148        LEU         0.26694        0.099476         0.19248        0.033578         0.45812         0.15327               
         R        149        LYS          0.8236         0.33807          1.0644         0.27107          1.4484         0.44889               
         R        150        PRO          0.8657         0.12044         0.88787        0.084311           1.044         0.69574               
         R        151        GLU          1.4943         0.37856          1.7322         0.30271           2.136         0.92374               
         R        152        LYS          2.5577         0.84683          3.0057         0.83063          4.3865          1.4097               
         R        153        ALA          1.9466         0.30821          1.4484               0          2.2704          1.4484               
         R        154        ALA           2.737         0.33003          3.3605               0          3.3605          2.3915               
         R        155        GLU          2.9428          1.1348          3.7399         0.84899          5.1872          1.3846               
         R        156        TRP          1.0579         0.23621         0.96862          0.2116          1.4484         0.67098               
         R        157        GLU         0.80045         0.12304         0.83603         0.10428          0.9483         0.55203               
         R        158        ILE         0.97388         0.15709          1.0992         0.11567          1.2779         0.80256               
         R        159        HIS         0.71193         0.16049         0.77633         0.17528          1.0717         0.52616               
         R        160        PHE          1.0635         0.21605          1.1714         0.19774          1.5019          0.8314               
         R        161        ALA         0.69882         0.13971         0.47693               0         0.87643         0.47693               
         R        162        GLY         0.94264         0.14287               0               0          1.1295         0.72773               
         R        163        GLN          1.3284         0.42134          1.6019           0.384          2.2017         0.91569               
         R        164        GLN          1.2822         0.49389          1.6546         0.31564           2.136         0.55731               
         R        165        THR         0.73781         0.11569         0.79711         0.14062         0.97349         0.62358               
         R        166        GLU         0.99174         0.40018          1.2796          0.3168          1.7581         0.58425               
         R        167        PHE         0.54642         0.09882         0.55523         0.11934         0.72124         0.37906               
         R        168        LYS          0.8463         0.33167          1.0834         0.26618          1.5296         0.52616               
         R        169        ILE          0.3718        0.092972         0.29729        0.070228         0.50115         0.18614               
         R        170        LEU          0.9974         0.24656          1.1412         0.20989          1.4883         0.65289               
         R        171        SER          1.0243          0.3833          1.5328         0.16048          1.6932         0.63518               
         R        172        LEU         0.60565         0.18215         0.44128        0.072337         0.89194          0.3271               
         R        173        HIS            1.21         0.26095          1.3262         0.28053          1.6775         0.88415               
         R        174        PRO          1.2551         0.13188          1.2615        0.072642          1.4883          1.0906               
         R        175        GLY          1.5885         0.17917               0               0          1.8089          1.3241               
         R        176        GLN          1.3098         0.28776          1.4814         0.22976          1.8978         0.79549               
         R        177        LYS          1.4035         0.54635          1.7787         0.44784          2.4686         0.74752               
         R        178        TYR         0.45741        0.076225          0.4315        0.072119         0.60087         0.35059               
         R        179        LEU         0.57766          0.2134         0.76496          0.1298         0.97349         0.31566               
         R        180        VAL         0.21488        0.077794          0.1308        0.018794         0.31566         0.11128               
         R        181        GLN         0.43307         0.25263         0.62918         0.16544         0.86877         0.15327               
         R        182        VAL         0.15159        0.037849         0.13108         0.02552         0.23078        0.095333               
         R        183        ARG         0.44214         0.25454          0.5901         0.20374         0.93185         0.16205               
         R        184        CYS         0.21318        0.020112         0.20508        0.015856         0.25095         0.18922               
         R        185        LYS         0.51842         0.27581         0.70273         0.24567           1.044          0.2718               
         R        186        PRO         0.34667        0.085463         0.30691       0.0046464         0.51105         0.25438               
         R        187        ASP          0.8385         0.15854         0.89893         0.14906          1.1495         0.56263               
         R        188        HIS          1.2828          0.3993          1.5529         0.28586           1.973          0.8241               
         R        189        GLY         0.73132        0.058266               0               0         0.81686         0.65289               
         R        190        TYR         0.69655         0.14494         0.76851         0.11646          0.9483         0.43978               
         R        191        TRP         0.63454          0.1185         0.65223         0.13169         0.84617         0.43526               
         R        192        SER         0.46503         0.10234         0.36063       0.0020217         0.62936          0.3586               
         R        193        ALA         0.75973         0.18635          1.0717               0          1.0717         0.52616               
         R        194        TRP         0.65818         0.16225         0.62179         0.16951         0.90771         0.37492               
         R        195        SER         0.56484         0.11444         0.44183        0.054409         0.70839         0.38742               
         R        196        PRO          1.1102          0.2546          1.3016         0.20963          1.5157         0.72773               
         R        197        ALA         0.88575        0.077459         0.91569               0          1.0081         0.79549               
         R        198        THR         0.65812        0.054642          0.6337        0.027593         0.73428         0.57337               
         R        199        PHE          1.2096         0.22511          1.3676        0.098562          1.5157         0.88415               
         R        200        ILE         0.61143         0.13201         0.49271        0.072864         0.76776         0.36671               
         R        201        GLN          1.1589         0.30431          1.4196         0.10665          1.5722         0.78152               
         R        202        ILE         0.66957         0.19537         0.51466         0.10418          1.0081         0.36671               
         R        203        PRO          1.1443         0.19223          1.0534         0.18185          1.3971         0.86877               
         R        204        SER          2.2263         0.58227          3.0116         0.22773          3.2393          1.6014               
         R        205        ASP          2.0288         0.49557          2.4374         0.31397           2.947          1.3723               
         R        206        PHE         0.72849         0.19744          0.6026         0.12151          1.0624         0.44432               
         R        207        THR          1.2813         0.16315          1.2437        0.081291          1.5722           1.044               
         R        208        MET           1.978         0.27557           2.035         0.19852          2.3665          1.4616               
         R        209        ASN          2.0347         0.15467          2.0305         0.10258           2.342          1.8089               
         R        210        ASP          2.3948         0.43769          2.7538         0.28801          3.0162          1.7748               
         R        211        THR          2.6671         0.42017           2.606        0.056788          3.3605          2.0321               
