pdb_id: 
analysis type: unbound
radii_file: F:\psiafrombintisolah\PSAIA-1.0\amac_data\chothia.radii
CX_sRadius: 13
CX_vAtom: 20.1

  chain id|    res id|  res name|     average CX|       s_avg CX|    s-ch avg CX|  s-ch s_avg CX|         max CX|         min CX|               
         E          2        GLU          4.2349         0.76876          4.6134         0.49391          5.2719          2.9813               
         E          3        GLU          2.4117         0.31203          2.4892         0.18755           2.947          1.8978               
         E          4        LEU         0.97658         0.28701         0.73936         0.12365          1.5436         0.61215               
         E          5        GLN          1.4431         0.60476          1.9008         0.40529           2.342         0.65289               
         E          6        MET         0.51072         0.16018         0.36654        0.080621         0.70204         0.24416               
         E          7        ILE         0.91191         0.25044          1.1428         0.10983          1.2554         0.58425               
         E          8        GLN         0.55677         0.22787         0.37658        0.098236          0.9483         0.29336               
         E          9        PRO          1.2591         0.27102          1.1591         0.16436          1.8089         0.94004               
         E         10        GLU          1.0439         0.10913          1.0406         0.12289          1.2118         0.84617               
         E         11        LYS          1.9477         0.64816          2.4495         0.42468          3.0162          1.1495               
         E         12        LEU          1.2144         0.15557           1.265         0.18478          1.5296          1.0081               
         E         13        LEU         0.58226         0.13532         0.48467        0.087599          0.8241         0.34662               
         E         14        LEU         0.61619        0.065719         0.65799        0.059434         0.74087         0.51606               
         E         15        VAL         0.56759        0.042619         0.55081         0.02878         0.63518         0.52109               
         E         16        THR         0.84572         0.08267         0.86114        0.067298         0.94004         0.70204               
         E         17        VAL          1.4376         0.24751          1.6023         0.23734          1.9349           1.044               
         E         18        GLY          1.6487         0.12641               0               0          1.8262          1.5157               
         E         19        LYS          1.4159         0.49354          1.6764         0.52003          2.5492          0.9483               
         E         20        THR         0.97088         0.22896          1.1857         0.14012            1.36         0.68327               
         E         21        ALA         0.43558        0.066967          0.3586               0         0.55731          0.3586               
         E         22        THR          0.5701         0.17194         0.76093        0.063028         0.84617         0.39164               
         E         23        LEU          0.1892        0.079364         0.11819        0.041178         0.28609        0.069741               
         E         24        HIS         0.66657         0.26248         0.86239         0.13438          1.0259         0.31566               
         E         25        CYS         0.28595        0.066083         0.20023        0.011011         0.37081         0.18922               
         E         26        THR         0.62863         0.15436         0.79801        0.066818         0.86877         0.48171               
         E         27        VAL         0.54587         0.14396         0.43019        0.072998         0.78152          0.3271               
         E         28        THR           1.275         0.22222          1.3323         0.02435          1.6465         0.86118               
         E         29        SER          1.1592         0.24448          1.4398         0.10382          1.5436         0.77461               
         E         30        LEU          1.1592         0.21859           1.293         0.23738          1.6619          0.9483               
         E         31        LEU           1.692         0.55478          2.1799         0.37278          2.6923          1.1802               
         E         32        PRO          1.0569         0.14179          1.1356        0.077459          1.2334         0.78152               
         E         33        VAL          1.3189         0.31185          1.6591         0.14362          1.8616         0.97349               
         E         34        GLY         0.61638         0.16692               0               0         0.84617         0.43078               
         E         35        PRO         0.45905         0.14873         0.59973        0.098387         0.68948          0.2718               
         E         36        VAL         0.13265        0.048801        0.090881        0.042652         0.18922        0.052527               
         E         37        LEU         0.28839         0.14822         0.42524        0.077316         0.48652         0.12218               
         E         38        TRP        0.091779        0.067192        0.052876        0.019219         0.24755        0.019709               
         E         39        PHE         0.46408         0.11315         0.52934        0.077056         0.63518         0.25438               
         E         40        ARG         0.85615         0.21131         0.92482         0.20644          1.2554         0.54679               
         E         41        GLY         0.96716        0.064828               0               0          1.0349         0.88415               
         E         42        VAL          1.6211         0.28432           1.619         0.29264          2.0122          1.2779               
         E         43        GLY          2.2877          0.3094               0               0          2.6628          1.9539               
         E         44        PRO          4.2413         0.99685          5.2433         0.74516          6.2675          3.4024               
         E         45        GLY          3.0826         0.52014               0               0          3.6247          2.5219               
         E         46        ARG          1.2374         0.43339         0.95132         0.20379          2.1146         0.78847               
         E         47        GLU          1.0921         0.19784          1.1357         0.14865          1.3846         0.73428               
         E         48        LEU         0.76238         0.13216         0.78558         0.14891         0.97349         0.57337               
         E         49        ILE         0.36666        0.077441         0.30726        0.060953         0.48171          0.2242               
         E         50        TYR         0.42132         0.11692         0.44356         0.13568         0.70204         0.26828               
         E         51        ASN         0.76374         0.13006         0.85004        0.086831         0.99934         0.57337               
         E         52        GLN            0.65         0.20944          0.5112         0.06755          1.0811         0.39588               
         E         53        LYS          1.5852         0.37878          1.4803         0.26789          2.3177          1.0811               
         E         54        GLU          2.1439         0.30572          2.2801         0.28093          2.6923          1.6775               
         E         55        GLY          2.3338         0.11721               0               0          2.5219          2.2243               
         E         56        HIS          3.0404         0.75776          3.6118         0.29343          4.0872          1.8796               
         E         57        PHE           1.202         0.22859           1.045        0.045716          1.6932          1.0081               
         E         58        PRO          2.1409         0.32906          2.4246         0.28768          2.7529          1.7748               
         E         59        ARG          1.0879         0.18258          1.0959         0.18075          1.4097         0.89194               
         E         60        VAL          0.6294         0.18521         0.43085        0.046771         0.89979         0.36671               
         E         61        THR         0.88481         0.20008          1.1061         0.07623          1.2118         0.68327               
         E         62        THR          0.7594         0.14021         0.68745         0.11964          1.0081         0.55731               
         E         63        VAL          1.1622         0.20955            1.13         0.12437          1.5436         0.84617               
         E         64        SER          1.1939        0.084317          1.1675        0.076862          1.3241          1.0906               
         E         65        ASP          2.0462          0.5325          2.4913         0.40264          3.1623          1.4749               
         E         66        LEU         0.84522         0.28654         0.57854         0.11308          1.2334         0.43978               
         E         67        THR          2.0945         0.36609           2.376         0.24562          2.6923          1.4484               
         E         68        LYS          3.1285          1.3549           4.077          1.1043          5.7331          1.5296               
         E         69        ARG          3.0089          1.0138           3.623         0.72979          4.7231          1.5578               
         E         70        ASN          2.2462         0.50554          2.7159         0.17414          2.8475          1.5722               
         E         71        ASN          1.0334         0.23167         0.95935         0.18892          1.4225         0.66491               
         E         72        MET         0.91801         0.24314          1.1232         0.13321          1.3008         0.57337               
         E         73        ASP          0.6714         0.17227         0.80478          0.1313          1.0081         0.44889               
         E         74        PHE         0.23992        0.058575         0.24142        0.055767         0.33096         0.14177               
         E         75        SER         0.42762        0.071325         0.51878        0.017631         0.53641         0.33874               
         E         76        ILE         0.24996        0.089771         0.17311        0.058118         0.37906         0.10592               
         E         77        ARG           1.085         0.47445          1.3646         0.37027          1.9162         0.51606               
         E         78        ILE         0.40196         0.12491         0.30011        0.080342         0.58425         0.20487               
         E         79        SER           1.151         0.19269          1.3723        0.012292          1.3846         0.80968               
         E         80        SER          1.6322         0.35231          2.0933         0.17706          2.2704          1.2892               
         E         81        ILE         0.95437         0.25549         0.73996         0.11182          1.4097         0.58425               
         E         82        THR          1.6138         0.25501          1.8763        0.089043           1.973          1.2666               
         E         83        PRO          1.8479         0.26347          2.1433        0.020252          2.1576          1.5019               
         E         84        ALA          1.7901         0.35613          2.3177               0          2.3177          1.3846               
         E         85        ASP         0.76043         0.15838         0.75771        0.079457          1.0811         0.51105               
         E         86        VAL         0.99029         0.17072          1.1271         0.17634          1.3723         0.84617               
         E         87        GLY         0.68606        0.068669               0               0         0.77461         0.60087               
         E         88        THR          0.6996         0.18059         0.87234         0.12983          1.0531         0.46278               
         E         89        TYR         0.23231        0.062946         0.21322        0.063048         0.34267         0.14462               
         E         90        TYR         0.50918         0.28289         0.66152         0.22291          1.0811         0.16501               
         E         91        CYS         0.15385        0.042456         0.10726       0.0013389         0.22093         0.10592               
         E         92        VAL         0.23475        0.085828         0.33128        0.020636         0.35458          0.1361               
         E         93        LYS         0.38408        0.086912          0.3955        0.064521         0.52109         0.25095               
         E         94        PHE         0.60927         0.11065         0.59352         0.10951         0.74087         0.43078               
         E         95        ARG          1.5302         0.39773          1.7257         0.33916           2.342         0.88415               
         E         96        LYS          1.9504         0.24647          1.9092         0.24798          2.2243          1.4883               
         E         97        GLY          3.0572         0.44709               0               0          3.5785           2.495               
         E         98        SER          5.5822          0.7759          6.2748         0.23095          6.5057          4.0872               
         E         99        PRO          5.3536         0.98564          6.2482         0.36423          6.5057          3.7201               
         E        100        GLU           3.072         0.51339          3.0594         0.43418          4.0313           2.495               
         E        101        ASN          1.5083         0.19543          1.3601         0.12326          1.8796          1.2666               
         E        102        VAL          1.6578          0.2809          1.9476        0.017968           1.973          1.2226               
         E        103        GLU           0.963         0.15537         0.84059        0.058182          1.2554         0.76776               
         E        104        PHE          1.0295         0.12713          1.0579         0.14396          1.2444         0.88415               
         E        105        LYS         0.89525         0.40224          1.1546         0.36428          1.7253         0.44889               
         E        106        SER         0.59009        0.059196         0.62708         0.03179          0.6771         0.53127               
         E        107        GLY         0.51529        0.067356               0               0         0.59529         0.43978               
         E        108        PRO         0.90543         0.16772          0.9923         0.18869          1.1802         0.67098               
         E        109        GLY         0.62983        0.090757               0               0         0.78152         0.54158               
         E        110        THR         0.51079        0.052402         0.50662        0.028333         0.57879         0.40877               
         E        111        GLU          1.1303         0.44358          1.4793         0.27947          1.8089         0.64104               
         E        112        MET         0.46344         0.13791         0.34854        0.061211         0.70204         0.24416               
         E        113        ALA         0.68721          0.0938          0.8314               0          0.8314         0.55731               
         E        114        LEU         0.80446         0.14412         0.91862         0.11879          1.1197         0.62936               
         E        115        GLY         0.63879        0.033937               0               0         0.69574         0.60649               
         E        116        ALA         0.68863         0.07054         0.80968               0         0.80968         0.60087               
         E        117        LYS         0.87909         0.25447          1.0483         0.22498          1.3971         0.60087               
         E        118        PRO         0.55063        0.092825         0.47898        0.025774         0.69574         0.44432               
         E        119        SER         0.84611         0.14972         0.96268         0.10904          1.0717         0.61784               
         E        120        ALA          1.0562          0.2002          1.4354               0          1.4354         0.83875               
         E        121        PRO         0.59775         0.11469         0.49067        0.037251         0.80968         0.45349               
         E        122        VAL          1.0076         0.29118          1.3227          0.1238          1.4883         0.69574               
         E        123        VAL         0.61851         0.16187         0.45496        0.046764         0.87643         0.42189               
         E        124        LEU          1.1357         0.37784          1.4782          0.2057          1.7748         0.67098               
         E        125        GLY         0.93789         0.15582               0               0          1.1802         0.74752               
         E        126        PRO          1.0287         0.26117         0.79247         0.15891          1.3846         0.67098               
         E        127        ALA           2.372         0.47859           3.279               0           3.279          1.9162               
         E        128        ALA          1.5497         0.35145          1.9925               0          1.9925          1.0531               
         E        129        ARG         0.86223         0.12209         0.81299        0.086206          1.1099         0.62936               
         E        130        THR         0.74198          0.1428         0.88269        0.084386         0.99934         0.53127               
         E        131        THR         0.86772         0.14122         0.97031         0.15002          1.1802         0.72773               
         E        132        PRO         0.90698         0.28897          0.6867        0.077253          1.4225         0.62358               
         E        133        GLU          2.4593         0.75458          2.9868         0.58444          3.8195          1.4484               
         E        134        HIS          1.6192         0.39982          1.8584         0.31054          2.2939         0.95662               
         E        135        THR          1.2827         0.17604          1.3657         0.22501          1.6313          1.0811               
         E        136        VAL          0.6612         0.10945         0.62419         0.12754         0.78152         0.46278               
         E        137        SER         0.82413         0.23099          1.1318         0.12365          1.2554         0.61784               
         E        138        PHE         0.36504        0.083107         0.30698        0.035781         0.50115         0.26478               
         E        139        THR          0.6595         0.17843         0.85826        0.062222         0.92374         0.48171               
         E        140        CYS         0.37177        0.070378         0.27713       0.0017812         0.45349         0.27535               
         E        141        GLU         0.74746         0.24266         0.94118         0.14486          1.1597         0.48171               
         E        142        SER         0.43961        0.028667           0.407        0.023774         0.46747         0.38323               
         E        143        HIS          1.1147          0.4426          1.4064          0.3324          1.9162         0.56263               
         E        144        GLY         0.77662        0.022597               0               0         0.80968         0.74752               
         E        145        PHE         0.49456        0.074832         0.44062        0.016617         0.62936         0.41749               
         E        146        SER         0.67611        0.072806          0.7715        0.023986         0.79549         0.60649               
         E        147        PRO         0.72854         0.05486         0.77313        0.037701         0.80968         0.65289               
         E        148        ARG           1.182         0.35245          1.4035         0.24077          1.6775         0.68948               
         E        149        ASP          1.1611         0.38262          1.5091         0.21083          1.8262         0.70204               
         E        150        ILE         0.50579         0.14238         0.37361        0.031977         0.71479         0.33484               
         E        151        THR         0.64895         0.25676         0.90836         0.16644          1.1395         0.34662               
         E        152        LEU         0.35465         0.11791          0.2512        0.037031         0.55731         0.19856               
         E        153        LYS         0.89096         0.50515          1.2481         0.40994          1.8438         0.35458               
         E        154        TRP         0.34696         0.11401         0.29103        0.051608         0.65289          0.2242               
         E        155        PHE          0.8499         0.31383          1.0457         0.21481          1.3846         0.42189               
         E        156        LYS         0.61186         0.13149          0.5363        0.036989         0.90771         0.46278               
         E        157        ASN          1.0648         0.11932          1.0461        0.066187          1.2334         0.84617               
         E        158        GLY          2.0621         0.26761               0               0          2.3665          1.6313               
         E        159        ASN          1.9242         0.60801          2.3608          0.5315          3.2005          1.0624               
         E        160        GLU          1.5708         0.18911          1.6374         0.22204          2.0122           1.336               
         E        161        LEU         0.82326         0.23025         0.61195         0.11334          1.0906         0.43978               
         E        162        SER          1.6253         0.34059          2.0529        0.040705          2.0936          1.1802               
         E        163        ASP           1.427          0.2867          1.6767         0.17038          1.9162          1.0624               
         E        164        PHE          1.0218         0.19953          0.9146         0.11595          1.4749         0.77461               
         E        165        GLN          1.9246         0.82728          2.5444         0.58443          3.2005         0.89979               
         E        166        THR         0.90158          0.2146         0.68333        0.060465          1.2334         0.62936               
         E        167        ASN          1.3586          0.4427          1.7522         0.24178          2.0122         0.72773               
         E        168        VAL         0.90761         0.19049         0.75226        0.065909          1.2779         0.66491               
         E        169        ASP          1.4223         0.36134          1.7247         0.25953           2.136          1.0081               
         E        170        PRO          1.6887         0.20685          1.7972         0.24356          2.0321          1.4097               
         E        171        THR          2.7046         0.42139          3.1175          0.2714          3.4887          2.1146               
         E        172        GLY          2.8236         0.29778               0               0          3.2005          2.3665               
         E        173        GLN          2.9391         0.42031           2.942         0.54855          3.6719          2.2472               
         E        174        SER          1.8261          0.1789          1.8003       0.0085637          2.0728          1.5296               
         E        175        VAL          1.7636         0.44112          2.1244         0.31604          2.5492          1.1002               
         E        176        ALA          1.1486        0.082986          1.1295               0          1.2892           1.044               
         E        177        TYR          1.0262          0.2977          1.1554         0.27714          1.6775         0.61784               
         E        178        SER         0.67703        0.070439         0.75764        0.010121         0.76776         0.56263               
         E        179        ILE         0.38052         0.05208         0.33337        0.025312         0.45812         0.30814               
         E        180        ARG         0.99241         0.37479          1.2199         0.27488          1.5296         0.49624               
         E        181        SER         0.48313        0.056275         0.41191        0.036984         0.54158         0.37492               
         E        182        THR         0.84262         0.14404          0.9971        0.036198          1.0349         0.64694               
         E        183        ALA          0.5442        0.074561         0.42189               0         0.65289         0.42189               
         E        184        ARG          1.2921          0.4865          1.5946         0.34429          2.3177         0.69574               
         E        185        VAL         0.39486         0.10554         0.27899        0.010477         0.51105         0.26478               
         E        186        VAL         0.83068         0.26137          1.1088         0.13353          1.2666         0.53641               
         E        187        LEU         0.59014         0.14178         0.47502        0.048893         0.87643         0.40015               
         E        188        ASP         0.89755         0.21704          1.0873         0.11148          1.2118         0.56798               
         E        189        PRO         0.84275         0.20726          1.0402         0.12909          1.1802         0.55203               
         E        190        TRP          1.5356         0.58306          1.8403         0.38768          2.3915         0.71479               
         E        191        ASP         0.47278        0.059499         0.50544        0.052451         0.57879         0.40877               
         E        192        VAL          0.4564        0.057236          0.4294        0.047518         0.54158         0.36671               
         E        193        ARG          1.1749         0.35663          1.3875         0.25688          1.7581         0.63518               
         E        194        SER         0.65915        0.061365         0.63142        0.058058         0.75421         0.57337               
         E        195        GLN         0.86123         0.28298          1.0766         0.19205          1.3124         0.52616               
         E        196        VAL         0.31014        0.074002         0.23652        0.015599         0.42189         0.21445               
         E        197        ILE         0.52898          0.2033         0.70827         0.12989         0.91569         0.31189               
         E        198        CYS         0.28974        0.056247         0.22585       0.0049231         0.37492         0.22093               
         E        199        GLU         0.64666         0.28182         0.86451         0.18887          1.0811         0.34267               
         E        200        VAL         0.37409        0.084496         0.29884        0.027658         0.53127         0.26129               
         E        201        ALA         0.61866         0.11228         0.80256               0         0.80256         0.46747               
         E        202        HIS         0.63823         0.12009         0.54951        0.012745         0.87643         0.53127               
         E        203        VAL          1.0498         0.11267          1.1242          0.1293          1.2892         0.92374               
         E        204        THR         0.77315         0.13521         0.63194        0.032679         0.99065         0.60087               
         E        205        LEU           1.047         0.26707         0.85247        0.069953          1.6014         0.77461               
         E        206        GLN          1.8098         0.49763          1.5592         0.26015          2.8475          1.1597               
         E        207        GLY          2.4794         0.19955               0               0          2.8154          2.3177               
         E        208        ASP          2.4177         0.69425          2.9919         0.41479          3.5332          1.3723               
         E        209        PRO           1.226         0.16946          1.2799         0.19638          1.5157          1.0349               
         E        210        LEU         0.75281         0.12629         0.80947          0.1304          1.0349         0.56263               
         E        211        ARG          1.0901         0.30524          1.2438          0.2807          1.6619         0.76096               
         E        212        GLY          0.6177        0.064768               0               0         0.66491         0.50608               
         E        213        THR         0.83293         0.14463         0.96017         0.11249          1.1099          0.6771               
         E        214        ALA         0.58412        0.056785         0.49624               0         0.65887         0.49624               
         E        215        ASN         0.99832         0.37042          1.3245         0.23908          1.6932         0.60087               
         E        216        LEU          0.3466         0.06433         0.29649        0.022527         0.48652         0.26828               
         E        217        SER         0.57381         0.13654         0.74754        0.076559          0.8241         0.42189               
         E        218        GLU         0.95992         0.26088          1.1683         0.14072          1.4225         0.59529               
         E        219        ALA         0.48563        0.053866         0.39588               0         0.54158         0.39588               
         E        220        ILE         0.33468        0.041117          0.3055        0.037374         0.39164         0.24755               
         E        221        ARG         0.65197         0.26566         0.79806         0.22775          1.1395          0.3586               
         E        222        VAL         0.29724        0.016772         0.28757        0.018581         0.31945         0.26129               
         E        223        PRO         0.46684        0.084926         0.54953        0.064635         0.61784         0.36671               
         E        224        PRO         0.38647        0.090462         0.32282         0.03304         0.55203         0.27891               
         E        225        THR         0.90324         0.27464          1.2038        0.075474          1.2779         0.58975               
         E        226        LEU          0.6738         0.20852         0.50285        0.079675          1.0811         0.40015               
         E        227        GLU          1.1751         0.49309          1.5288         0.37751          2.0728         0.54158               
         E        228        VAL         0.62834         0.15788         0.48351        0.085639         0.89194         0.37492               
         E        229        THR         0.87505         0.15691          1.0225         0.10658          1.1597         0.64694               
         E        230        GLN          1.1099         0.14573          1.0965         0.12855          1.3846         0.91569               
         E        231        GLN          1.5517          0.3717           1.777         0.35145          2.3915          1.0811               
         E        232        PRO          1.9994         0.21106          2.1246        0.093847          2.2472          1.6465               
         E        233        MET          2.1141           0.322          1.9473         0.15392          2.6337          1.8089               
         E        234        ARG           5.939          2.0409          6.9256          1.8998          9.4057          3.1248               
         E        235        VAL          4.5899          1.0334          5.5338          0.7764          6.6308           3.279               
         E        236        GLY          3.0046         0.30692               0               0          3.4024          2.6628               
         E        237        ASN           2.654         0.38499          2.9486         0.20322           3.279          2.0321               
         E        238        GLN          1.7924         0.23987          1.9104         0.22476          2.3177          1.4883               
         E        239        VAL         0.97226          0.1217         0.94922        0.042791          1.2118         0.80256               
         E        240        ASN         0.86914         0.11619         0.93733         0.10426          1.1002         0.70839               
         E        241        VAL         0.43966        0.068166         0.40126        0.039021         0.57879         0.34662               
         E        242        THR         0.48571         0.11721         0.61113        0.067229         0.70204         0.38742               
         E        243        CYS         0.31399        0.033371         0.27369          0.0124         0.36671         0.26129               
         E        244        GLN         0.56041          0.1398         0.67288        0.072845         0.79549         0.36671               
         E        245        VAL         0.29758        0.063828         0.22654        0.013698         0.37081         0.20805               
         E        246        ARG         0.93432         0.44017          1.2173         0.28959          1.5157         0.41749               
         E        247        LYS         0.71396         0.34177         0.95772         0.27123          1.3479         0.33874               
         E        248        PHE         0.32204        0.050639         0.34444        0.048953         0.41749         0.25438               
         E        249        TYR         0.41516         0.14558         0.47116         0.14629         0.77461         0.24078               
         E        250        PRO         0.55785          0.1248         0.68864           0.074         0.76776         0.41749               
         E        251        GLN         0.89546         0.22551          1.0148         0.21094          1.3846         0.60087               
         E        252        SER         0.92462          0.2238           1.202         0.15804            1.36         0.72773               
         E        253        LEU         0.53325         0.20079         0.34706        0.058252         0.83875         0.28972               
         E        254        GLN          1.1535         0.45972          1.5156         0.28385          2.0122         0.61215               
         E        255        LEU         0.37976         0.12992          0.2595        0.031829         0.57879         0.21445               
         E        256        THR         0.71291         0.23213         0.96351        0.088214          1.0259         0.43078               
         E        257        TRP         0.37652         0.17547         0.28211        0.065624         0.80256         0.22093               
         E        258        SER         0.86051         0.13112         0.99773         0.07399          1.0717         0.64104               
         E        259        GLU          1.1106         0.19605         0.99627        0.087383          1.5296         0.85364               
         E        260        ASN          1.8869          0.2484          1.9736        0.040973          2.2704            1.36               
         E        261        GLY          1.9448         0.20365               0               0          2.2017          1.6313               
         E        262        ASN          2.4531           0.695          3.0682         0.40661          3.4887          1.5157               
         E        263        VAL          1.8835         0.10637          1.8569        0.059909          2.0728          1.7253               
         E        264        CYS          1.5414         0.41566          1.0839        0.075778          2.2939          1.0081               
         E        265        GLN          3.0071         0.87054          3.7258         0.39204          4.1444          1.7253               
         E        266        ARG          1.1517         0.38883         0.89927         0.21678          1.7918         0.61215               
         E        267        GLU          2.3532         0.83082          3.0389         0.37666          3.4451          1.2334               
         E        268        THR          1.1026         0.28087         0.79412        0.076204          1.4354         0.68948               
         E        269        ALA          1.4394         0.18978          1.7581               0          1.7581          1.1907               
         E        270        SER           1.173         0.19212         0.96679        0.059088          1.4883         0.90771               
         E        271        THR          1.4128         0.33758           1.745          0.2004          2.0122         0.93185               
         E        272        LEU          1.2373         0.21066          1.1569         0.20361          1.6163         0.85364               
         E        273        THR          1.2067         0.18927          1.3324         0.16915          1.5436         0.90771               
         E        274        GLU          1.3795         0.15641          1.4296         0.15573          1.6932          1.1699               
         E        275        ASN          1.0954         0.25064         0.88738         0.11263          1.5296         0.70204               
         E        276        LYS          2.8684          1.1676          3.6853         0.96614          5.1872          1.7253               
         E        277        ASP         0.95419         0.23141         0.84346        0.095031          1.4616         0.74087               
         E        278        GLY         0.73777         0.12342               0               0         0.93185         0.61215               
         E        279        THR           0.523        0.084771         0.46011        0.072507         0.64104         0.38323               
         E        280        TYR         0.69467         0.23422         0.81264         0.20026          1.1699         0.41749               
         E        281        ASN         0.64388         0.10006          0.7175        0.087841         0.86118         0.52109               
         E        282        TRP         0.57943         0.21524         0.64645         0.22049          1.0531         0.35059               
         E        283        THR         0.64719         0.09982         0.74985        0.013768         0.76776         0.48652               
         E        284        SER         0.42787        0.057444         0.38788        0.025234         0.52109          0.3586               
         E        285        TRP          1.0576          0.3452          1.2126         0.28123          1.6619         0.57879               
         E        286        PHE         0.51766         0.12628         0.44504        0.099271         0.68327         0.31945               
         E        287        LEU          1.1162         0.18694          1.2739         0.12861          1.4097         0.89979               
         E        288        VAL         0.86246          0.2128         0.67184        0.089676          1.2118         0.55203               
         E        289        ASN          2.1103         0.47973          2.4917         0.37361          3.1248          1.4354               
         E        290        ILE          1.8204         0.41994          1.5611         0.21784          2.6923           1.336               
         E        291        SER          3.1461         0.36573          3.0883        0.036502          3.6719           2.495               
         E        292        ASP          4.8373          1.1342          5.7857         0.86575          7.1759          3.6247               
         E        293        GLN          4.2255          0.8847          4.7432          0.6724          5.5407          2.6628               
         E        296        ASP          3.1817         0.87137          3.8625         0.72464          5.1047          2.1795               
         E        297        VAL          1.2606         0.20496          1.1912          0.1568          1.6465           1.017               
         E        298        VAL          1.4291         0.34264          1.7531         0.25594          2.1146           1.044               
         E        299        LEU         0.57566         0.10863         0.48936        0.024967         0.81686         0.44889               
         E        300        THR         0.65809         0.18015         0.84589        0.063678         0.92374         0.40877               
         E        301        CYS         0.34323        0.072403         0.26479       0.0034939         0.46278         0.26129               
         E        302        GLN           0.814         0.32175          1.0567         0.22977          1.3124         0.47218               
         E        303        VAL         0.49936         0.13525         0.35656        0.029506         0.71479         0.31945               
         E        304        LYS          1.3141          0.5706          1.7473         0.39936          2.2939         0.65289               
         E        305        HIS         0.56498          0.1485         0.45227        0.039238          0.8241         0.38742               
         E        306        ASP         0.97434         0.15695         0.92898         0.10052          1.1907         0.74087               
         E        307        GLY          1.6797         0.22056               0               0          2.0122          1.3971               
         E        308        GLN          1.4005         0.15452          1.3128           0.151          1.5722          1.1395               
         E        309        LEU          2.8302          1.1872          3.8691         0.73922          4.5835          1.3241               
         E        310        ALA          1.5101         0.11673          1.5296               0          1.6619          1.3479               
         E        311        VAL         0.91707         0.14885         0.92763         0.16831          1.1395         0.71479               
         E        312        SER         0.98881          0.0893          1.0226         0.10692          1.1295         0.89194               
         E        313        LYS          1.0947         0.41896          1.3253         0.43681          2.0122          0.6771               
         E        314        ARG          1.9411           0.987           2.462          0.8849          3.5785         0.97349               
         E        315        LEU           0.903         0.15866         0.78815         0.14883          1.0906         0.61784               
         E        316        ALA          1.5535         0.30612           2.136               0           2.136          1.2779               
         E        317        LEU           1.153         0.34434         0.82584         0.11165          1.7581         0.72773               
