pdb_id: 
analysis type: unbound
radii_file: F:\psiafrombintisolah\PSAIA-1.0\amac_data\chothia.radii
CX_sRadius: 13
CX_vAtom: 20.1

  chain id|    res id|  res name|     average CX|       s_avg CX|    s-ch avg CX|  s-ch s_avg CX|         max CX|         min CX|               
         A          6        THR          3.0477         0.61193          2.5926         0.29468          4.2028          2.2017               
         A          7        ARG          3.2897          1.2097          4.0502         0.76789          5.1047          1.4225               
         A          8        VAL          1.0896         0.21866         0.88863        0.060313          1.4484         0.83875               
         A          9        PHE         0.84828         0.16269         0.91241         0.15523          1.1197         0.55731               
         A         10        LYS          1.1539         0.36579          1.3683         0.36301          1.8796         0.78847               
         A         11        LYS         0.73173         0.11242         0.79514        0.082423         0.89194         0.49624               
         A         12        ALA         0.86088        0.072085         0.98203               0         0.98203         0.78152               
         A         13        SER         0.77759         0.17582          0.5982        0.013946          1.0531         0.58425               
         A         14        PRO          1.6288          0.3384          1.5332         0.25665          2.2017          1.1495               
         A         15        ASN          1.2337          0.2148          1.0802          0.1978          1.4883         0.85364               
         A         16        GLY          1.0239         0.09782               0               0          1.1197         0.89979               
         A         17        LYS         0.61139         0.14223         0.69574               0         0.79549         0.44432               
         A         18        LEU         0.24094         0.11602         0.13953        0.038502         0.43978        0.087528               
         A         19        THR         0.38095         0.14001         0.52802        0.072951         0.60649         0.21768               
         A         20        VAL         0.19291        0.071486         0.12977        0.015242          0.3271         0.11399               
         A         21        TYR         0.42514         0.22105         0.54115         0.18012         0.84617         0.14462               
         A         22        LEU         0.26069         0.09532         0.19489        0.034682         0.46278         0.14177               
         A         23        GLY         0.54506         0.10705               0               0         0.70204         0.40015               
         A         24        LYS         0.48734        0.091109         0.53569        0.071726         0.61784         0.33096               
         A         25        ARG         0.53255         0.13019         0.60326        0.096615         0.79549         0.30814               
         A         26        ASP         0.41546        0.043033         0.42705        0.052202         0.51606         0.36671               
         A         27        PHE         0.24991        0.037433         0.24509        0.034286         0.30071         0.19232               
         A         28        VAL         0.47006        0.061415         0.51295        0.018687         0.54158         0.37492               
         A         29        ASP         0.45252        0.083958         0.45961        0.096152         0.61215         0.33874               
         A         30        HIS          0.9754         0.13714           1.039        0.047353          1.1197         0.65887               
         A         31        ILE          1.0355         0.14708          1.0317         0.14631          1.2444         0.81686               
         A         32        ASP          1.8097         0.28429          1.9791         0.21349          2.2017          1.2444               
         A         33        LEU           1.534         0.47964          1.9183         0.35582          2.5219         0.91569               
         A         34        VAL         0.67784         0.15713         0.52319         0.05577         0.89194         0.44432               
         A         35        ASP         0.62649         0.11893         0.67839         0.11402         0.86118         0.41312               
         A         36        PRO          0.6069         0.15484         0.75597        0.082584          0.8314         0.40877               
         A         37        VAL         0.20781        0.050362         0.16431        0.018115         0.31189         0.13893               
         A         38        ASP         0.39266         0.13371         0.51952        0.058171         0.60087         0.24755               
         A         39        GLY         0.16297        0.014346               0               0         0.18614         0.14749               
         A         40        VAL         0.18619        0.086645         0.28003        0.037436         0.31189        0.090118               
         A         41        VAL         0.10271        0.049118         0.06151       0.0061525         0.18922        0.054952               
         A         42        LEU         0.43754         0.20187         0.60848          0.1479         0.77461         0.21124               
         A         43        VAL         0.41358         0.13144         0.34637         0.08224         0.65887         0.24755               
         A         44        ASP           1.129         0.36234          1.4001         0.30253          1.6619         0.61784               
         A         45        PRO          1.6587         0.28224          1.6253         0.15518           2.136          1.2444               
         A         46        GLU          3.1622         0.80084          3.7106         0.63366          4.8699          2.0728               
         A         47        TYR          1.9222          0.5576          2.1625         0.53057          3.1623          1.2892               
         A         48        LEU          1.0224         0.33685         0.74661          0.1437          1.6313         0.53127               
         A         49        LYS          1.6047         0.24893          1.9539               0          1.9539          1.2554               
         A         50        GLU         0.94675         0.12689         0.86674         0.11723          1.1002         0.73428               
         A         51        ARG            1.22         0.22457          1.6313               0          1.6313           1.017               
         A         52        ARG           1.092         0.51078          1.3836         0.40764          2.0122         0.44432               
         A         53        VAL         0.23568        0.064646         0.18114        0.049414         0.33096         0.11128               
         A         54        TYR         0.50584         0.29825         0.66707         0.23128          1.1002        0.095333               
         A         55        VAL         0.20282        0.060042         0.14866        0.015328         0.31189         0.13049               
         A         56        THR         0.32766         0.07161         0.40083        0.030719         0.43078         0.22748               
         A         57        LEU         0.26148        0.075723         0.20682        0.048119         0.40015         0.13329               
         A         58        THR         0.37532        0.097124         0.47474        0.037583         0.50608          0.2341               
         A         59        CYS         0.30651        0.052551         0.26556        0.031464         0.39588          0.2341               
         A         60        ALA         0.30066        0.043324         0.37081               0         0.37081         0.24416               
         A         61        PHE         0.40946        0.073298         0.38885        0.072939         0.53127         0.28249               
         A         62        ARG         0.48921         0.10362         0.54496        0.086589         0.66491         0.33484               
         A         63        TYR         0.86547         0.25916         0.96876         0.25494          1.4484         0.54679               
         A         64        GLY         0.95515         0.14521               0               0          1.1395         0.74752               
         A         65        ARG          2.0616         0.24317          2.1887        0.096264           2.342          1.4225               
         A         66        GLU          3.9267          1.3171           4.728          1.2409          6.2675          2.3665               
         A         67        ASP           4.088         0.45842          4.1996         0.43801          4.6525          3.4024               
         A         68        LEU          3.2598         0.28996          3.4135          0.2231          3.7201          2.6923               
         A         69        ASP          3.6745         0.40075          4.4506               0          4.4506          3.4024               
         A         70        VAL          2.9834         0.49561          3.3693         0.32162          3.8195          2.0728               
         A         71        LEU          2.6213         0.31404          3.0518               0          3.0518          2.1576               
         A         72        GLY          1.7765         0.06821               0               0          1.8438          1.6932               
         A         73        LEU          1.7871         0.31767          2.0502         0.15985          2.3177          1.2554               
         A         74        THR          1.0523         0.17373         0.86747        0.047669          1.2779         0.80256               
         A         75        PHE          1.4702         0.42725           1.727         0.31407          2.2017         0.86118               
         A         76        ARG         0.69659         0.25793         0.52523         0.14872          1.0531         0.35059               
         A         77        LYS          1.2515         0.50253          1.5835         0.44348           2.342         0.66491               
         A         78        ASP         0.96616        0.079135         0.95567         0.10102          1.0811         0.80968               
         A         79        LEU         0.67197         0.14997         0.54295        0.089808         0.89979         0.41749               
         A         80        PHE          0.6658         0.14559         0.66358         0.17807          0.9483         0.46278               
         A         81        VAL         0.94306         0.10582         0.92514        0.051594          1.1802         0.85364               
         A         82        ALA         0.73965        0.082515         0.75421               0          0.8314         0.59529               
         A         83        ASN         0.83603         0.14015         0.93589         0.12655          1.1295         0.66491               
         A         84        VAL          0.4315        0.043924         0.42677        0.025461         0.49624         0.35458               
         A         85        GLN         0.75335         0.24724         0.93796         0.18186          1.1295         0.49137               
         A         86        SER         0.30563        0.084926         0.20345        0.014233         0.43078         0.18922               
         A         87        PHE         0.67681         0.18772         0.75713         0.17671          1.0081         0.37906               
         A         88        PRO          1.0166         0.20113          1.2074         0.16784          1.3846          0.8241               
         A         89        PRO          1.2319         0.25637          1.0992        0.067614          1.7581          1.0081               
         A         90        ALA          1.7627         0.30835          1.5019               0          2.1576          1.3723               
         A         91        PRO          3.4979         0.79237          3.2333         0.57946          4.8699          2.4686               
         A         92        GLU          5.4984          1.6748           6.591          1.5141          8.5385          3.8195               
         A         93        ASP          2.2126         0.47589          1.8286         0.28774          3.0518          1.4749               
         A         94        LYS          4.5097          1.4525          5.6318         0.92896          7.0324          2.8475               
         A         95        LYS          1.7473         0.24783          1.6103         0.17293          2.2472           1.336               
         A         96        PRO           2.263         0.51088          2.7464         0.12035          2.9132          1.4616               
         A         97        LEU          1.3726         0.29877           1.108         0.10866          1.8978          1.0081               
         A         98        THR          1.1683         0.15439          1.0061        0.087012          1.3479         0.88415               
         A         99        ARG          1.6566         0.36002          2.2472               0          2.2472          1.2892               
         A        100        LEU         0.75153         0.16352         0.62848        0.089805          1.0717         0.51105               
         A        101        GLN         0.65372         0.12693         0.57512          0.1062          0.8241         0.42189               
         A        102        GLU          1.8618         0.68104          2.3554         0.52137          3.1623          1.0259               
         A        103        ARG          1.6866         0.39738          1.9383         0.26086           2.342          1.1099               
         A        104        LEU         0.67529         0.13961         0.55168        0.073336         0.89194         0.43526               
         A        105        ILE          1.0244         0.26346         0.88907         0.19477          1.4484         0.63518               
         A        106        LYS          2.5664         0.74115          3.0901           0.532          3.6719          1.5019               
         A        107        LYS          1.5363         0.17837          1.4434        0.082661          1.9925          1.3008               
         A        108        LEU          1.0575         0.33015         0.75214         0.10316          1.5436         0.58975               
         A        109        GLY          1.4521         0.20238               0               0          1.7416          1.1699               
         A        110        GLU          1.5133         0.32596          2.0321               0          2.0321          1.1295               
         A        111        HIS          1.1768         0.42387          1.4436          0.3014          1.8796         0.50115               
         A        112        ALA         0.56435        0.090844         0.54679               0         0.74087         0.48171               
         A        113        TYR         0.51877          0.2709         0.65067         0.23652          1.0906         0.16205               
         A        114        PRO         0.29442        0.078156          0.3793         0.01809         0.40445         0.18614               
         A        115        PHE         0.12945        0.076625        0.076575         0.02845         0.26129         0.04771               
         A        116        THR         0.50572        0.099134         0.59271        0.042549         0.65289         0.33484               
         A        117        PHE         0.33975        0.070545         0.31382        0.072795         0.43526          0.2017               
         A        118        GLU         0.88051         0.23583          1.0773         0.10922          1.2666         0.58975               
         A        119        ILE          0.4441          0.1682         0.30187        0.062567         0.74087          0.2242               
         A        120        PRO         0.81429          0.1795         0.91147         0.19592          1.1699         0.56798               
         A        121        PRO          1.0572         0.22858          1.2953         0.14891          1.4616         0.86118               
         A        122        ASN          1.0783         0.36151          1.4065         0.19671          1.7092         0.63518               
         A        123        LEU         0.37815        0.093852         0.41221        0.087952         0.52616          0.2718               
         A        124        PRO           0.204         0.08394         0.26483        0.054378         0.32326        0.090118               
         A        125        CYS        0.052718        0.043457        0.082241        0.051049         0.13329               0               
         A        126        SER        0.044023        0.017355        0.056204       0.0060911        0.062295        0.010705               
         A        127        VAL        0.078806       0.0082667        0.080748       0.0083987        0.090118        0.069741               
         A        128        THR         0.18639        0.054268         0.23941        0.033036         0.28609         0.10325               
         A        129        LEU         0.25258        0.038687         0.26504        0.018369         0.31566         0.18922               
         A        130        GLN         0.51874         0.11873         0.57155        0.074908         0.68948          0.2718               
         A        131        PRO         0.72591         0.15115         0.64904        0.080693          0.9483         0.53641               
         A        132        GLY          1.4792         0.20227               0               0          1.6932          1.1495               
         A        133        PRO          2.7447         0.40125          3.0293         0.31421          3.4024          2.0728               
         A        134        GLU          2.7248         0.49123          3.5332               0          3.5332          2.1795               
         A        135        ASP          1.4239         0.30633          1.1382          0.1133          1.8438         0.95662               
         A        136        THR          2.2515          0.3539          2.6234         0.18151          2.8801          1.8438               
         A        137        GLY          1.1776         0.17143               0               0          1.4484           1.017               
         A        138        LYS         0.80621         0.17509         0.90286         0.14363          1.1295         0.55731               
         A        139        ALA          0.3677        0.060343         0.37081               0         0.46747         0.29336               
         A        140        CYS         0.32589        0.077288         0.41571        0.024069         0.43978         0.20805               
         A        141        GLY         0.17865        0.032659               0               0         0.22093         0.13893               
         A        142        VAL         0.12295        0.036043         0.14627        0.028395         0.18614        0.054952               
         A        143        ASP         0.14441        0.037627         0.17193        0.033276         0.20805        0.092719               
         A        144        TYR        0.095122         0.03093        0.087898        0.033318         0.14177        0.040567               
         A        145        GLU         0.24638         0.10715         0.32933        0.070671         0.43526         0.12771               
         A        146        VAL         0.10938        0.029549        0.077309       0.0041394         0.14177        0.072247               
         A        147        LYS         0.29071         0.14816         0.39864         0.11399         0.60649         0.12771               
         A        148        ALA         0.10508        0.029193        0.062295               0         0.15327        0.062295               
         A        149        PHE         0.27856         0.13049          0.3584        0.091558         0.48652        0.077293               
         A        150        CYS         0.37988         0.12658         0.29485        0.043893         0.57879         0.25095               
         A        151        ALA         0.80567         0.11238         0.80256               0         0.93185         0.60649               
         A        152        GLU          1.4917         0.17207          1.7918               0          1.7918          1.2554               
         A        153        ASN          1.5263         0.30641          2.1146               0          2.1146          1.2554               
         A        154        LEU          1.4099         0.24959          1.2254         0.19246          1.7416         0.98203               
         A        155        GLU          3.8603          1.1501          4.8036         0.53592          5.5407          2.1576               
         A        156        GLU          2.1154         0.29961          2.2403         0.30448          2.6051          1.6313               
         A        157        LYS          2.1911         0.39837          2.8801               0          2.8801          1.7581               
         A        158        ILE          1.0906         0.29604         0.82311        0.090084          1.5722         0.70204               
         A        159        HIS          1.6284         0.48956          1.9287         0.39944          2.4168         0.93185               
         A        160        LYS          1.5467         0.20001          1.6353         0.20181          1.9162          1.2554               
         A        161        ARG          2.1438         0.92023          2.7268         0.60358          3.4887         0.87643               
         A        162        ASN         0.69766         0.18937          0.8158         0.11946         0.98203         0.37081               
         A        163        SER         0.59964        0.075167         0.64123        0.099646         0.74087         0.51105               
         A        164        VAL         0.39961        0.065059         0.39623        0.065581         0.45812         0.30071               
         A        165        ARG         0.56381          0.1246         0.63788         0.09134         0.79549         0.39164               
         A        166        LEU         0.33879         0.07518         0.38837        0.076623         0.51105         0.25095               
         A        167        VAL         0.33329        0.048704         0.37026        0.033503         0.40877          0.2718               
         A        168        ILE         0.13279        0.031816         0.11605         0.02803         0.18002        0.082386               
         A        169        ARG         0.27676         0.11708         0.33497         0.11005         0.52616         0.15619               
         A        170        LYS         0.10897        0.056449         0.14053        0.056152         0.22093        0.038207               
         A        171        VAL         0.17371        0.047328         0.21429        0.033296         0.25783         0.11399               
         A        172        GLN         0.25132        0.053834         0.26364        0.055912         0.37081         0.15911               
         A        173        TYR         0.49774        0.062318          0.5226         0.03627         0.57879         0.34662               
         A        174        ALA          0.6995         0.10551         0.65887               0         0.88415         0.58425               
         A        175        PRO         0.88707         0.15972         0.79327         0.14523          1.0906         0.61784               
         A        176        GLU          1.9458         0.28408          1.9856         0.29255          2.3915          1.4883               
         A        177        ARG          2.4236         0.70711          3.7201               0          3.7201          1.6932               
         A        178        PRO          1.9476         0.24776          2.0228         0.22253          2.2939          1.6163               
         A        179        GLY          1.7186         0.12052               0               0          1.8616          1.5436               
         A        180        PRO          2.1139         0.29122          2.3919        0.035797          2.4425          1.5578               
         A        181        GLN          1.4661         0.22179          1.4544         0.22146          1.8262          1.2226               
         A        182        PRO         0.83379         0.11962         0.79909         0.10554          1.0349         0.70204               
         A        183        THR          1.0926         0.17623          1.2753         0.10641          1.4097         0.91569               
         A        184        ALA         0.85382        0.055303         0.80968               0         0.90771         0.76776               
         A        185        GLU          1.5292         0.54704          1.8696         0.51753          2.7839         0.99065               
         A        186        THR         0.95913         0.13332          0.9342         0.17123          1.1099         0.70204               
         A        187        THR          1.2953          0.1328          1.4354        0.010577          1.4484          1.1395               
         A        188        ARG         0.84585         0.10826         0.85005         0.12935          1.0624         0.64694               
         A        189        GLN          1.8054         0.56522          2.2232         0.42168          2.7529          1.1699               
         A        190        PHE         0.81407         0.35648         0.57519         0.12574          1.5578         0.42632               
         A        191        LEU          2.0471         0.42422          2.2853         0.37389          2.7839            1.36               
         A        192        MET          2.2119          0.5949           2.555         0.67155          3.4024          1.7092               
         A        193        SER          1.5374         0.34374           1.126        0.054259           1.973          1.0717               
         A        194        ASP          2.4466         0.30911          3.0518               0          3.0518          2.2472               
         A        195        LYS          1.5508         0.28134          1.6775               0          1.8978          1.1295               
         A        196        PRO          1.0582         0.25848          1.2729         0.11898          1.4097         0.70839               
         A        197        LEU          0.3821         0.11957         0.27119        0.038755         0.57337         0.23078               
         A        198        HIS         0.81307         0.32571          1.0552         0.16779          1.2779         0.37906               
         A        199        LEU         0.36547         0.14578         0.24124        0.039618         0.62936         0.17699               
         A        200        GLU         0.83724          0.3634          1.1159         0.24816          1.3723         0.43078               
         A        201        ALA         0.43612        0.086628         0.29702               0         0.55203         0.29702               
         A        202        SER         0.55097         0.13506         0.73808        0.029683         0.76776         0.42632               
         A        203        LEU         0.43002         0.16413          0.2946        0.064198         0.73428         0.22748               
         A        204        ASP         0.87198         0.16506         0.83175         0.12785          1.1802         0.62358               
         A        205        LYS         0.83634         0.15348         0.92385         0.12418          1.1099         0.55731               
         A        206        GLU         0.69485         0.13542         0.76695        0.074388          0.8241         0.43978               
         A        207        ILE          0.5987         0.11313         0.67687         0.10195         0.84617         0.45812               
         A        208        TYR         0.38945        0.061657         0.38315        0.070633         0.50608         0.29336               
         A        209        TYR          0.8311         0.21226         0.94674         0.16491          1.1907         0.56798               
         A        210        HIS         0.49536         0.22936         0.33523         0.10243         0.93185         0.21445               
         A        211        GLY          1.0161         0.21782               0               0           1.336         0.72773               
         A        212        GLU         0.91228         0.15659         0.99647         0.12037          1.1495         0.60649               
         A        213        PRO          1.1298         0.31373          1.4579         0.15058          1.6163         0.72773               
         A        214        ILE         0.35261         0.11893         0.24008        0.034491         0.52616         0.18922               
         A        215        SER         0.67292         0.24377         0.99422         0.12545          1.1197         0.45812               
         A        216        VAL          0.2951        0.091009         0.19781         0.01903         0.40877         0.18002               
         A        217        ASN         0.71765         0.26971          0.9599         0.15255          1.1907         0.39164               
         A        218        VAL         0.34299         0.12671         0.21896        0.015647         0.57337         0.20487               
         A        219        HIS         0.85221         0.36054          1.1112         0.21912          1.4097         0.42632               
         A        220        VAL         0.32864         0.12439         0.20298        0.016446         0.53641         0.18002               
         A        221        THR          0.7334         0.22628         0.98207        0.074696          1.0349         0.47693               
         A        222        ASN         0.57718         0.12539         0.49495        0.041949         0.84617         0.44889               
         A        223        ASN          1.1502         0.17832          1.2603        0.069197            1.36         0.80256               
         A        224        THR         0.79134         0.15658         0.62702        0.049589          1.0259         0.56263               
         A        225        ASN          1.2793         0.26061          1.5072          0.1458          1.6932         0.93185               
         A        226        LYS         0.64461        0.097146         0.64654         0.12431         0.85364         0.50115               
         A        227        THR         0.79265         0.23233          1.0453        0.095985          1.1802         0.54679               
         A        228        VAL          0.4057         0.13778         0.26614        0.041108         0.60649         0.20805               
         A        229        LYS          1.0865         0.30334          1.2525         0.27743          1.7092         0.62358               
         A        230        LYS          1.0434         0.43812          1.3552         0.33226          1.8978         0.45812               
         A        231        ILE         0.40786         0.10838         0.30575        0.023098         0.56263         0.27891               
         A        232        LYS         0.73148         0.36332          1.0007         0.26832          1.3971         0.32326               
         A        233        ILE         0.28347        0.064306         0.23103        0.036159         0.40015         0.17699               
         A        234        SER         0.30489        0.079913         0.41097       0.0065222         0.41749         0.20805               
         A        235        VAL         0.14507        0.056844        0.083854         0.02558         0.20487         0.04771               
         A        236        ARG         0.56338         0.26245         0.72143          0.1976         0.95662         0.24416               
         A        237        GLN          0.2307        0.085068         0.16824        0.040429         0.37906        0.092719               
         A        238        TYR         0.67531         0.23267         0.80754         0.16291          1.0531         0.31945               
         A        239        ALA         0.53667         0.12705         0.35458               0         0.72773         0.35458               
         A        240        ASP         0.75345         0.17096         0.91708        0.050953         0.96502         0.53127               
         A        241        ILE         0.73129         0.22489           0.562        0.056637          1.2118         0.50115               
         A        242        CYS          1.0561         0.13719           1.223        0.032374          1.2554         0.89979               
         A        243        LEU         0.97931            0.35         0.66796         0.14757          1.5157         0.52616               
         A        244        PHE          2.1374         0.42246          1.9349               0          2.7529          1.5578               
         A        245        ASN          3.2715          1.0753          4.2337         0.54944          4.9461          1.7092               
         A        246        THR           2.591         0.19339          2.6169         0.21063          2.9132          2.4168               
         A        247        ALA          1.6902         0.24232          1.6014               0           1.973           1.336               
         A        248        GLN          1.5055        0.095805          1.4883               0          1.6619          1.3723               
         A        249        TYR         0.76062         0.26974         0.62695         0.22182          1.1395         0.33096               
         A        250        LYS          1.2173         0.29695          1.3985         0.28468          1.7918         0.91569               
         A        251        CYS         0.53728         0.10715         0.55382        0.052672         0.69574         0.34662               
         A        252        PRO          0.5722         0.11341         0.68209        0.069231         0.73428         0.43078               
         A        253        VAL         0.28808        0.099303         0.18361        0.025163         0.44432         0.15038               
         A        254        ALA         0.42476        0.052769         0.43078               0         0.49137         0.33874               
         A        255        MET         0.84623         0.22007         0.98071         0.22257          1.3124         0.57337               
         A        256        GLU         0.87205         0.15014         0.96195         0.13062          1.1699         0.66491               
         A        257        GLU          1.4231         0.23831          1.5686         0.18704          1.8438          1.0624               
         A        258        ALA          1.0335        0.067382         0.93185               0          1.1197         0.93185               
         A        259        ASP          1.9211         0.52066          2.3554         0.40026          3.0162          1.3846               
         A        260        ASP         0.96145         0.18403          1.0146         0.16719          1.2892         0.64694               
         A        261        THR          1.0836          0.1985          1.2991        0.070555          1.3846         0.80968               
         A        262        VAL         0.58524         0.10548         0.47765        0.058182         0.73428         0.40445               
         A        263        ALA          1.2219         0.24701          1.6775               0          1.6775         0.98203               
         A        264        PRO          1.4486         0.20027          1.4151        0.052032          1.8796          1.2444               
         A        265        SER          1.8838         0.26369          2.1159         0.06359          2.1795          1.4484               
         A        266        SER          1.4047          0.2357          1.5247         0.20059          1.7253         0.99934               
         A        267        THR          1.3516         0.21663          1.5623         0.15166          1.7253          1.1002               
         A        268        PHE         0.77858         0.12529           0.747         0.13941          0.9483         0.56263               
         A        269        CYS          1.2693         0.17687          1.4749        0.013378          1.4883          1.0259               
         A        270        LYS           1.051          0.2379          1.1944         0.20792          1.4354          0.6771               
         A        271        VAL          1.1854         0.17939          1.3486         0.14289          1.5296          0.9483               
         A        272        TYR         0.57867        0.098827         0.52805        0.076963         0.72124         0.43078               
         A        273        THR         0.97124         0.18523          1.1748        0.057141          1.2554         0.77461               
         A        274        LEU         0.48815        0.091441         0.43199        0.090928         0.58975         0.31945               
         A        275        THR         0.76656         0.16222         0.94057          0.0806          1.0531         0.58425               
         A        276        PRO         0.31399        0.090889          0.2175        0.033002         0.43078         0.17699               
         A        277        PHE          1.0617          0.4161          1.3344         0.25502          1.6775         0.47693               
         A        278        LEU          0.7412         0.13384         0.63866        0.074035         0.97349         0.51606               
         A        279        ALA          1.8734         0.30925          2.2017               0          2.2017          1.3241               
         A        280        ASN          1.4934         0.24378          1.4472         0.29755          1.9162          1.0906               
         A        281        ASN         0.82509         0.15391         0.70033        0.071633          1.1002         0.60087               
         A        282        ARG          1.3072         0.17278          1.3669         0.18731          1.6163          1.0259               
         A        283        GLU          1.6907         0.19321          1.7842         0.19173          2.0936          1.4484               
         A        284        LYS         0.95384         0.14757         0.90795        0.059383          1.2226         0.70204               
         A        285        ARG          1.2157          0.2307          1.3463         0.16885          1.6014          0.8241               
         A        286        GLY         0.48238          0.1098               0               0         0.65289         0.36671               
         A        287        LEU         0.29177        0.062633         0.29015        0.041651         0.41312         0.21445               
         A        288        ALA          0.1427        0.020338         0.15038               0         0.17397         0.11128               
         A        289        LEU         0.19445        0.082956         0.26912        0.047121         0.34267        0.095333               
         A        290        ASP         0.18125         0.03836         0.16279        0.029099         0.25783         0.11944               
         A        291        GLY         0.21273        0.082392               0               0         0.33096         0.12494               
         A        292        LYS          0.4656         0.09578         0.53483        0.048045         0.59529         0.29336               
         A        293        LEU         0.65765        0.064611         0.70319        0.044509         0.76776         0.55731               
         A        294        LYS          1.2804         0.42083          1.6179         0.24646          1.9539         0.80968               
         A        295        HIS          1.2791         0.16796          1.2714         0.20115          1.5867         0.99065               
         A        296        GLU          1.2934         0.32631          1.2238         0.35407          1.8438         0.79549               
         A        297        ASP          1.2942         0.21186           1.365          0.2177          1.6775         0.99934               
         A        298        THR         0.58169         0.10613         0.52178        0.059751         0.79549         0.44432               
         A        299        ASN         0.36879         0.09718           0.386        0.061032         0.48171          0.2017               
         A        300        LEU         0.16402        0.047859         0.17783         0.03109         0.24078         0.09796               
         A        301        ALA         0.07635       0.0087227        0.064766               0        0.090118        0.064766               
         A        302        SER         0.13709        0.024459         0.16817          0.0149         0.18307         0.11128               
         A        303        SER         0.19108         0.01951         0.20671        0.017489          0.2242         0.15911               
         A        304        THR         0.27542        0.068573         0.25909        0.054871         0.40015         0.18922               
         A        305        LEU         0.46863        0.087931         0.43752        0.039801         0.61784          0.3271               
         A        306        LEU          1.0257         0.22456         0.93616         0.15761          1.3479         0.77461               
         A        307        ARG          2.2942         0.52414          1.9539               0           2.947          1.5867               
         A        308        GLU          4.6294         0.61912          4.7231               0          5.4486          3.5785               
         A        312        ARG          3.2417         0.81774          4.4506               0          4.4506          2.1146               
         A        313        GLU          1.9602         0.29702          2.1576               0          2.4168          1.6014               
         A        314        ILE         0.86747         0.18134         0.80003         0.18379          1.1802         0.55731               
         A        315        LEU         0.74786         0.21159         0.90741         0.16679          1.0531         0.46747               
         A        316        GLY         0.36297        0.056683               0               0         0.43526         0.29702               
         A        317        ILE          0.2087        0.028001         0.19521        0.025768         0.24416         0.15619               
         A        318        ILE         0.38047         0.10085         0.46806        0.066576         0.57337         0.26478               
         A        319        VAL         0.19119        0.058022          0.1289        0.017255         0.26129         0.10592               
         A        320        SER          0.3402         0.10695         0.48174        0.059844         0.54158         0.25095               
         A        321        TYR          0.1189        0.080802        0.062938        0.019014         0.24078        0.045318               
         A        322        LYS         0.52637         0.32048         0.74692         0.27356          1.1907         0.22748               
         A        323        VAL         0.14671        0.048818        0.092773       0.0076528         0.20487        0.082386               
         A        324        LYS          0.4517         0.27337         0.64412         0.22467         0.97349         0.18002               
         A        325        VAL          0.1579        0.054325         0.10068       0.0093635          0.2341        0.087528               
         A        326        LYS         0.54835         0.32933         0.78248         0.26729          1.1495         0.22093               
         A        327        LEU         0.20188         0.10979         0.10613        0.015486         0.38323        0.092719               
         A        328        VAL         0.63408         0.15656         0.80648          0.0532         0.87643         0.44432               
         A        329        VAL         0.51441         0.15329         0.37141         0.02878         0.80256         0.33874               
         A        330        SER          0.8028        0.095654          0.8775        0.095987         0.97349         0.68327               
         A        331        ARG          1.5593         0.41467          1.7655         0.38337          2.5769           1.044               
         A        332        GLY           1.795        0.095372               0               0          1.8978          1.6775               
         A        333        GLY          2.4299         0.30048               0               0          2.8475          2.0936               
         A        334        LEU          3.3693         0.60413          3.6779         0.59386          4.5163          2.5219               
         A        335        LEU          2.7597         0.23639          2.7214         0.23649          3.1248          2.4686               
         A        336        GLY          2.6016          0.3943               0               0          3.0518          2.0122               
         A        337        ASP          3.0861         0.32949          3.2303         0.40275          3.7693          2.6337               
         A        338        LEU          3.9249         0.93214          4.7738         0.52003          5.2719          2.9132               
         A        339        ALA          1.9808         0.34794          2.0728               0          2.4425          1.4616               
         A        340        SER          1.4251          0.2418          1.5127         0.16477          1.7748          1.1395               
         A        341        SER         0.64065         0.14331         0.63239        0.014549         0.89979         0.42189               
         A        342        ASP         0.80309          0.1661         0.92248         0.16107          1.1802         0.64104               
         A        343        VAL         0.40934        0.058904         0.38624        0.017299         0.51105         0.32326               
         A        344        ALA         0.59121        0.048711          0.6771               0          0.6771         0.54679               
         A        345        VAL         0.48076        0.076699         0.49174          0.1133         0.64104         0.36671               
         A        346        GLU         0.74304         0.13855         0.83607         0.12124          1.0531         0.58975               
         A        347        LEU         0.36788        0.070978         0.34706        0.068229         0.46278         0.26129               
         A        348        PRO         0.56817         0.11334          0.6843        0.072759         0.78152         0.43526               
         A        349        PHE         0.15834        0.080057         0.10425        0.034077         0.31189        0.074764               
         A        350        THR         0.28124        0.084456         0.37331        0.039656         0.42632         0.19543               
         A        351        LEU         0.17761        0.027154         0.16565        0.027563          0.2242         0.13893               
         A        352        MET         0.33718        0.056595         0.30541        0.036046         0.44889         0.25438               
         A        353        HIS         0.51847        0.089943         0.51264        0.093005         0.64694         0.37081               
         A        354        PRO         0.98342         0.12357          1.0818         0.11814          1.1802         0.80968               
         A        355        LYS          1.2954         0.21289          1.2726        0.092232          1.7581         0.98203               
         A        356        PRO          1.5985         0.35394          1.3013         0.21791          2.0728          1.0906               
         A        357        LYS          3.9871         0.89878          3.9766               0          5.4486          2.7839               
         A        358        GLU          4.1799         0.96682          5.7331               0          5.7331          3.0518               
         A        359        GLU          2.5049         0.37601           2.947               0           2.947          1.9349               
         A        360        PRO          1.3718          0.2002          1.2183         0.15093          1.6775          1.0624               
         A        361        PRO          1.1929          0.2733         0.89307        0.097581          1.6775         0.79549               
