pdb_id: 
analysis type: unbound
radii_file: F:\psiafrombintisolah\PSAIA-1.0\amac_data\chothia.radii
CX_sRadius: 13
CX_vAtom: 20.1

  chain id|    res id|  res name|     average CX|       s_avg CX|    s-ch avg CX|  s-ch s_avg CX|         max CX|         min CX|               
         H        321        ILE         0.20936        0.093089         0.15746        0.063649         0.40015        0.090118               
         H        322        VAL         0.36368        0.060672         0.38668        0.054031         0.46278         0.24416               
         H        323        GLU         0.92847          0.2985          1.1226          0.2646          1.4484         0.57337               
         H        324        GLY         0.69114          0.0902               0               0         0.80968         0.60087               
         H        325        SER         0.93804         0.21223          1.2178         0.03759          1.2554         0.68948               
         H        326        ASP          1.1215         0.18675          1.2242         0.18821          1.5296         0.92374               
         H        327        ALA           0.791          0.1683         0.52109               0           1.017         0.52109               
         H        328        GLU          1.6823          0.6873          2.2163         0.43288          2.7839         0.78847               
         H        329        ILE          1.3017         0.17134          1.4275         0.13931          1.6014          1.0906               
         H        330        GLY         0.82084        0.025895               0               0         0.85364         0.79549               
         H        331        MET         0.67678          0.2165         0.82865         0.17348          1.1099         0.39588               
         H        332        SER         0.18433        0.072301         0.13507        0.044953         0.31189        0.090118               
         H        333        PRO         0.29342        0.094741         0.39552        0.038063         0.43078         0.17397               
         H        334        TRP         0.17407         0.11284         0.21553         0.10352         0.40015       0.0084788               
         H        335        GLN               0               0               0               0               0               0               
         H        336        VAL               0               0               0               0               0               0               
         H        337        MET        0.095738        0.067719         0.14782        0.060131         0.21124        0.031192               
         H        338        LEU        0.058184        0.039318        0.030075       0.0066292         0.13893        0.019709               
         H        339        PHE         0.45872         0.16909         0.53677         0.14405         0.73428         0.15327               
         H        340        ARG          1.0132         0.27281           1.177         0.17974          1.3971         0.50608               
         H        341        LYS          1.2167         0.19652          1.1684        0.074829          1.6313         0.90771               
         H        342        SER          2.1461         0.46061          2.6791         0.33713          3.0162          1.5157               
         H        343        PRO          2.5077          0.5309          2.9319         0.33833          3.3193          1.6313               
         H        344        GLN          1.6339         0.17817          1.5741        0.071195          2.0728          1.4484               
         H        345        GLU          1.1154         0.38841          1.3607         0.32283          1.9162         0.57337               
         H        346        LEU         0.33783         0.12232         0.23986        0.055316         0.58425         0.17397               
         H        347        LEU         0.29635        0.067902         0.33886        0.063982         0.43078         0.21768               
         H        348        CYS         0.10457        0.031208         0.10193        0.001326         0.15327        0.064766               
         H        349        GLY           0.039        0.014553               0               0        0.057389        0.019709               
         H        350        ALA               0               0               0               0               0               0               
         H        351        SER        0.015533        0.015464       0.0053525       0.0053525        0.045318               0               
         H        352        LEU         0.16408        0.064487         0.20525        0.057772         0.28972        0.067248               
         H        353        ILE         0.18173        0.089702         0.12463        0.020608         0.37492        0.090118               
         H        354        SER         0.47395        0.060276         0.51405        0.027528         0.54158          0.3586               
         H        355        ASP         0.93511         0.32584          1.2314         0.18237          1.5157         0.55203               
         H        356        ARG         0.86115         0.48845          1.1411         0.39477          1.6932         0.28972               
         H        357        TRP         0.31807         0.14238         0.38584          0.1053         0.54679        0.092719               
         H        358        VAL        0.015927         0.01962        0.011017        0.014286        0.057389               0               
         H        359        LEU               0               0               0               0               0               0               
         H        360        THR       0.0046005       0.0064048       0.0071662        0.007453        0.017443               0               
         H        361        ALA        0.024548        0.026501               0               0        0.074764               0               
         H        362        ALA         0.09912        0.043101        0.092719               0         0.16501        0.035858               
         H        363        HIS         0.18306        0.037715         0.18332        0.029994         0.24416         0.11399               
         H        364        CYS         0.10894        0.036913        0.063703         0.01359         0.15619        0.050113               
         H        365        LEU         0.20719         0.10728         0.14004        0.021602         0.43978         0.12218               
         H        366        LEU         0.52935         0.14999         0.64067         0.12808          0.8314         0.32326               
         H        367        TYR         0.81964         0.18799         0.75966         0.10488          1.2666         0.59529               
         H        368        PRO          1.4515         0.32263          1.2501         0.23716          1.9925          1.0081               
         H        369        PRO          1.8148         0.36474          1.5009         0.14368           2.495          1.3479               
         H        370        TRP          1.4702         0.45904          1.2452         0.33392           2.136         0.78152               
         H        371        ASP          2.5987         0.59263          3.1493         0.24954          3.4887          1.8616               
         H        372        LYS         0.91193         0.33995         0.65975         0.19046          1.5296         0.50608               
         H        373        ASN          1.1121         0.20714          1.2729         0.16821          1.5436         0.83875               
         H        374        PHE         0.56352         0.10854         0.54663         0.13119         0.75421         0.37081               
         H        375        THR         0.98965         0.28838          1.3086        0.096575          1.4354         0.64104               
         H        376        GLU         0.88748         0.11543         0.95886         0.10511          1.1295         0.74087               
         H        377        ASN          1.5686         0.49946          1.7072         0.50524          2.5492         0.99934               
         H        378        ASP         0.93906         0.18274          1.0715         0.15612          1.3124         0.70204               
         H        379        LEU         0.36814         0.11159         0.26685        0.038697         0.53641         0.20805               
         H        380        LEU         0.42564          0.1862         0.58225         0.11692         0.72773         0.18307               
         H        381        VAL         0.10173        0.050012        0.054725        0.024773         0.18307        0.024271               
         H        382        ARG         0.31828         0.20234         0.44749         0.13255         0.65289        0.031192               
         H        383        ILE         0.13152        0.049311         0.12628        0.027199         0.23743        0.064766               
         H        384        GLY         0.21594        0.082669               0               0         0.34267         0.11128               
         H        385        LYS         0.23636        0.083742         0.27702         0.09349         0.43078         0.16205               
         H        386        HIS         0.53984         0.18019         0.65861         0.13376         0.86877         0.30071               
         H        387        SER         0.61286         0.18948         0.84713        0.092914         0.94004         0.37081               
         H        388        ARG         0.61785         0.19457         0.68084         0.21739         0.99934         0.42632               
         H        389        THR          1.0301          0.1691           1.166         0.11704          1.3124         0.72773               
         H        390        ARG          1.5005          0.3833          1.7481         0.22161          2.0321          0.8241               
         H        391        TYR          1.6334         0.26936          1.7492         0.24186          2.0321          1.3008               
         H        392        GLU          0.9134         0.30447         0.67234         0.17562          1.3479         0.43978               
         H        393        ARG          2.8554         0.88722          3.4471         0.51981          4.0872          1.7416               
         H        394        ASN          2.3387         0.75082          2.9784         0.54183          3.5785          1.5296               
         H        395        ILE         0.94108          0.2391         0.97219          0.2469          1.2444         0.62936               
         H        396        GLU         0.63128        0.097651         0.60489        0.079617         0.80968         0.50608               
         H        397        LYS         0.73293         0.38799         0.96575         0.37488          1.5436         0.27535               
         H        398        ILE         0.63395        0.072697          0.6537        0.062141         0.74752         0.56798               
         H        399        SER         0.45543        0.053332         0.41986        0.015409         0.53127         0.38742               
         H        400        MET          1.0115         0.48799          1.4088         0.39657          1.9349         0.52616               
         H        401        LEU          0.4459          0.2417         0.23543        0.084618         0.86877         0.16205               
         H        402        GLU          1.0967         0.30912          1.2618         0.31848          1.7253         0.74752               
         H        403        LYS         0.93278          0.4354          1.2224         0.36465          1.8262         0.35059               
         H        404        ILE         0.38896        0.071964         0.33464        0.032239         0.50608         0.30071               
         H        405        TYR         0.55799         0.21104         0.66941         0.16943         0.92374         0.27535               
         H        406        ILE         0.40235        0.063478         0.37086        0.038687         0.54679         0.33484               
         H        407        HIS         0.53107         0.12033         0.54349         0.12714         0.73428         0.35458               
         H        408        PRO           1.172         0.21937          1.1644         0.19413          1.5157         0.86118               
         H        409        ARG          1.4194         0.46369           1.719         0.28107          2.0728         0.72124               
         H        410        TYR         0.42913          0.1492         0.33614        0.054337         0.72124         0.24078               
         H        411        ASN         0.75654         0.19937         0.93744         0.10213           1.044         0.49624               
         H        412        TRP          1.0254         0.35627          1.1477         0.34594          1.7416         0.60087               
         H        413        ARG          1.9936         0.66734          2.3776         0.50114          3.0518          0.9483               
         H        414        GLU          1.3195         0.33916          1.5992         0.12984          1.7416         0.80968               
         H        415        ASN         0.59174         0.13424         0.67812        0.041259         0.73428         0.33484               
         H        416        LEU         0.21605        0.063736         0.19356        0.023652         0.35458         0.12771               
         H        417        ASP         0.41286         0.16212         0.54401         0.12998         0.76096          0.2242               
         H        418        ARG          0.4971         0.33987         0.69849         0.26359          1.0717         0.10325               
         H        419        ASP        0.032517         0.02059        0.030709       0.0099824        0.069741               0               
         H        420        ILE         0.04394        0.035626        0.024393        0.034051          0.1006               0               
         H        421        ALA         0.03323        0.013482        0.031192               0        0.052527        0.010705               
         H        422        LEU         0.13554        0.051567          0.1624         0.05486         0.24416        0.084951               
         H        423        MET        0.079465        0.054216        0.030952        0.029475         0.15038               0               
         H        424        LYS         0.54358         0.28196         0.72831         0.25225          1.1197         0.21768               
         H        425        LEU         0.41706         0.14602         0.31854         0.07074         0.68327         0.21768               
         H        426        LYS          1.1296         0.24448          1.1757        0.036175          1.5578         0.75421               
         H        427        LYS          1.3737         0.45767          1.9048         0.38911          2.2939         0.88415               
         H        428        PRO          1.2193         0.20193          1.4228         0.10383          1.5157         0.96502               
         H        429        VAL         0.66517          0.1669         0.49002        0.020193         0.90771         0.46278               
         H        430        ALA          1.1404         0.21535          1.5019               0          1.5019         0.86877               
         H        431        PHE          1.1891         0.26535          1.0622         0.19298          1.7581         0.78847               
         H        432        SER          1.3176         0.15687          1.1691         0.14324          1.5578          1.0259               
         H        433        ASP           2.012         0.80987           2.691         0.57883          3.4024          1.0624               
         H        434        TYR          1.0812         0.48067          1.2873         0.44468          2.1576         0.41749               
         H        435        ILE         0.53358         0.13502         0.42823        0.033626         0.79549         0.37906               
         H        436        HIS         0.82294         0.33151          1.0475         0.22719          1.4225          0.3586               
         H        437        PRO         0.50988        0.083515         0.57891        0.075501         0.63518         0.41749               
         H        438        VAL         0.26119        0.054343         0.20433        0.024901         0.33484         0.17097               
         H        439        CYS         0.41054         0.17451         0.61282         0.12146         0.73428         0.18614               
         H        440        LEU         0.27668        0.074953         0.22612        0.057606         0.41312         0.14177               
         H        441        PRO         0.39885         0.13218         0.29328         0.05524         0.61784         0.22748               
         H        442        ASP          1.0428         0.18202          1.2026        0.055346          1.2892         0.72124               
         H        443        ARG          2.2557          0.8062          2.7788         0.51675          3.4451          1.2892               
         H        444        GLU           1.598         0.29712          2.1146               0          2.1146          1.2892               
         H        445        THR         0.81074         0.16307         0.78724         0.13602          1.0906         0.62358               
         H        446        ALA         0.66063        0.054031         0.58975               0         0.74087         0.58975               
         H        447        ALA          1.3667         0.27813          1.8616               0          1.8616          1.0081               
         H        448        SER          1.3042         0.13063          1.3981         0.13149          1.5296          1.1002               
         H        449        LEU         0.62437         0.11679         0.60996         0.10335         0.83875         0.52109               
         H        450        LEU         0.43821         0.16744         0.30298        0.080735         0.74087         0.18922               
         H        451        GLN          1.4837         0.66009           1.963         0.50523          2.6923         0.72124               
         H        452        ALA          1.1305         0.12307          1.1597               0          1.3479         0.98203               
         H        453        GLY          1.0699        0.033447               0               0          1.1197          1.0259               
         H        454        TYR          1.2493         0.53695          1.5059         0.46988          2.3177         0.51606               
         H        455        LYS         0.82191         0.34506          1.0511         0.30418          1.5296         0.46278               
         H        456        GLY         0.27316          0.0247               0               0         0.31566         0.25438               
         H        457        ARG         0.39846         0.27959         0.54972         0.24232         0.92374        0.069741               
         H        458        VAL        0.040538        0.031223        0.011793        0.015382        0.090118               0               
         H        459        THR        0.025612        0.035928        0.045823        0.045925         0.10859               0               
         H        460        GLY        0.053597        0.048402               0               0         0.12494               0               
         H        461        TRP         0.11659        0.069796         0.09338        0.059845         0.25438       0.0084788               
         H        462        GLY         0.23664        0.064726               0               0         0.31945         0.16205               
         H        463        ASN         0.48422          0.1294           0.601        0.049397         0.67098         0.30071               
         H        464        LEU         0.60873         0.07802          0.6521        0.078752         0.77461         0.51105               
         H        465        LYS          1.1263         0.43052          1.4047         0.39574          2.0523         0.68327               
         H        466        GLU          1.1234         0.16801          1.0716         0.10626          1.5019         0.90771               
         H        467        THR          1.5185         0.34358          1.2972        0.098608          2.2243          1.2118               
         H        468        TRP          2.1481         0.48897          2.0141         0.42066          3.2005           1.336               
         H        469        THR          2.9001         0.46282          3.1656         0.57767          3.9231          2.5219               
         H        470        ALA          3.7433         0.58145          4.8699               0          4.8699           3.279               
         H        471        ASN          2.4571           0.493          1.9822         0.16562          3.0162          1.7581               
         H        472        VAL          3.8224          1.1667          5.0526         0.42161          5.6355          2.1795               
         H        473        GLY          2.6253          0.3223               0               0          3.1248          2.3177               
         H        474        LYS          1.7834         0.29471          1.8481         0.11217          2.1795          1.1699               
         H        475        GLY          1.0492         0.26725               0               0          1.4225         0.71479               
         H        476        GLN         0.93374        0.094681         0.94171         0.11312          1.1099         0.78152               
         H        477        PRO         0.65886         0.12479         0.52868        0.035498         0.85364         0.48652               
         H        478        SER           1.144         0.22387          1.4354               0          1.4354         0.89979               
         H        479        VAL         0.71243         0.17689         0.86581        0.093065         0.98203         0.48171               
         H        480        LEU         0.22663         0.12061         0.12955        0.045178         0.45349        0.059836               
         H        481        GLN         0.35642         0.16403         0.47191         0.12998         0.62936         0.14177               
         H        482        VAL         0.40731        0.078118         0.45797         0.08227         0.57337          0.3271               
         H        483        VAL         0.31912        0.066836         0.31921        0.078783         0.40445         0.21445               
         H        484        ASN         0.57803         0.14275         0.68448         0.12423         0.87643         0.42189               
         H        485        LEU         0.24002         0.07118         0.18109        0.055594         0.31189         0.10859               
         H        486        PRO         0.42827        0.091907         0.49648        0.087203         0.60087         0.29702               
         H        487        ILE         0.35774        0.082052         0.30741        0.038806         0.54158         0.26478               
         H        488        VAL         0.44229        0.073606         0.41994        0.088133         0.53641         0.32326               
         H        489        GLU          1.0368         0.25705            1.24         0.15564          1.4749         0.70204               
         H        490        ARG          0.8089         0.18459         0.76395          0.2154          1.0259         0.47693               
         H        491        PRO          1.7115         0.40857           2.097         0.32944           2.342          1.3008               
         H        492        VAL          1.0152         0.15624           1.066         0.14365          1.2554         0.81686               
         H        493        CYS         0.53733         0.12205         0.37479        0.051529         0.65289         0.32326               
         H        494        LYS          1.4294         0.53073          1.7804         0.46544          2.2939         0.79549               
         H        495        ASP          1.7733         0.43647          2.1616         0.25259          2.5219          1.2334               
         H        496        SER         0.84213         0.14446         0.64488         0.03839         0.98203         0.60649               
         H        497        THR         0.98114         0.20986           0.765        0.056331          1.2779         0.70204               
         H        498        ARG          3.4505          1.8446           4.454          1.5993          6.7602          1.4484               
         H        499        ILE         0.92473         0.16696         0.82561          0.1128          1.2444         0.68948               
         H        500        ARG          1.2746         0.35195          1.5137         0.15758          1.7416         0.68327               
         H        501        ILE         0.60199         0.11158         0.53479        0.058646         0.83875         0.46278               
         H        502        THR         0.59503        0.091065         0.62763        0.096489         0.70204         0.45812               
         H        503        ASP          1.0205         0.41962          1.3715         0.30921          1.8978         0.54158               
         H        504        ASN         0.40685         0.15104         0.50206          0.1086         0.60649         0.15327               
         H        505        MET         0.21623        0.040774          0.2075        0.047355         0.27535         0.15619               
         H        506        PHE        0.062156        0.044373        0.054054        0.035455          0.1361               0               
         H        507        CYS         0.10414        0.045433         0.14826        0.050299         0.19856        0.062295               
         H        508        ALA        0.050599        0.022578        0.067248               0        0.082386        0.017443               
         H        509        GLY         0.25138        0.099779               0               0         0.37081         0.11671               
         H        510        TYR          0.6821         0.14963         0.76244         0.10154          0.9483         0.37906               
         H        511        LYS          1.0646         0.17536          1.0719         0.18041          1.3846          0.8314               
         H        512        PRO          1.8195         0.42328          1.6383         0.33569          2.4168          1.2554               
         H        513        ASP          3.0066          0.4962          3.0863         0.51421          3.6247          2.2939               
         H        514        GLU          1.6989         0.41932          1.3523         0.20635          2.2472          1.0259               
         H        515        GLY          2.1632         0.22908               0               0          2.4686          1.8978               
         H        516        LYS          1.7387         0.49027          2.0104         0.46097          2.6337          1.1395               
         H        517        ARG          1.0744          0.2814          1.2286         0.18446          1.5578         0.61215               
         H        518        GLY         0.32642         0.11631               0               0         0.50115         0.21768               
         H        519        ASP         0.13028        0.041291         0.12712         0.04911         0.18614        0.052527               
         H        520        ALA        0.072036        0.029341         0.03352               0         0.12218         0.03352               
         H        521        CYS         0.21239        0.073929         0.29569        0.054902         0.35059         0.13049               
         H        522        GLU         0.43955         0.13269         0.55274        0.052288         0.63518         0.28249               
         H        523        GLY         0.18022        0.044964               0               0         0.23078         0.12494               
         H        524        ASP        0.079486        0.025393        0.071705        0.027324         0.11944        0.026568               
         H        525        SER         0.10336        0.024817         0.13611       0.0028191         0.13893        0.077293               
         H        526        GLY        0.020492        0.014844               0               0        0.042937       0.0018585               
         H        527        GLY       0.0054963       0.0095199               0               0        0.021985               0               
         H        528        PRO       0.0024919       0.0061038       0.0058143       0.0082227        0.017443               0               
         H        529        PHE        0.042861        0.045217        0.067354        0.039539         0.13049               0               
         H        530        VAL         0.11808        0.052801         0.14016        0.037571         0.18922        0.021985               
         H        531        MET         0.23396        0.077482         0.21988        0.069454         0.33096         0.13049               
         H        532        LYS          1.0307         0.47978            1.35         0.41386          1.8616         0.43526               
         H        533        SER          1.0789         0.20349          1.0907         0.10001          1.4097         0.80256               
         H        534        PRO          1.7957         0.50546          1.5271         0.31311          2.6923          1.1495               
         H        535        PHE          2.0211         0.42148          1.8291         0.25273          3.0162          1.5019               
         H        536        ASN          1.9849         0.35998          1.6776         0.23729          2.4686          1.4484               
         H        537        ASN          2.6057         0.87556          3.3916          0.4811          4.0872          1.5019               
         H        538        ARG          1.4961         0.56898          1.7898         0.49163          2.7224         0.73428               
         H        539        TRP         0.54884         0.12183         0.57279         0.11635         0.76096         0.38323               
         H        540        TYR         0.46328         0.27909         0.61373         0.21273         0.98203        0.064766               
         H        541        GLN         0.03449        0.031288       0.0095257       0.0095872        0.095333               0               
         H        542        MET        0.069487        0.062208         0.11673        0.055673         0.19543               0               
         H        543        GLY               0               0               0               0               0               0               
         H        544        ILE        0.003899        0.010316               0               0        0.031192               0               
         H        545        VAL        0.025618        0.023625        0.011953        0.016904        0.059836               0               
         H        546        SER        0.048221        0.037424        0.011882       0.0078267         0.11399       0.0040556               
         H        547        TRP         0.18376        0.071225         0.20992        0.067688         0.31566        0.092719               
         H        548        GLY         0.32076          0.1087               0               0         0.46278         0.19543               
         H        549        GLU         0.76644         0.17771         0.89214         0.11209          1.0811         0.44889               
         H        550        GLY         0.64063         0.13532               0               0         0.79549         0.46747               
         H        551        CYS         0.47835        0.067188         0.40661       0.0021607         0.57337         0.40445               
         H        552        ASP         0.58918         0.11927         0.60065        0.080762         0.76776         0.39164               
         H        553        ARG          1.2193         0.49625          1.4802         0.44302           2.136         0.68948               
         H        554        ASP          1.4349         0.36705           1.749         0.26394          2.1795          1.0624               
         H        555        GLY         0.78438         0.10638               0               0         0.91569         0.66491               
         H        556        LYS         0.66235         0.23561         0.83766         0.14659           1.044         0.33096               
         H        557        TYR         0.32021         0.15129         0.38132         0.14844         0.67098         0.15327               
         H        558        GLY        0.031114        0.032261               0               0        0.079833               0               
         H        559        PHE         0.11845          0.1013         0.18179        0.071037          0.2718               0               
         H        560        TYR        0.011952        0.017853       0.0071279        0.010284        0.059836               0               
         H        561        THR        0.018599        0.013831       0.0084918       0.0036275        0.045318       0.0040556               
         H        562        HIS         0.20501        0.083632         0.26477         0.04676          0.3271        0.084951               
         H        563        VAL        0.084975        0.057489        0.038939        0.027406         0.19856       0.0018585               
         H        564        PHE         0.67503         0.30948         0.84642         0.24819          1.1802         0.21445               
         H        565        ARG         0.70565         0.18959         0.81453         0.14272          1.0717         0.41312               
         H        566        LEU         0.30436        0.075258         0.26299        0.088193         0.39588         0.15327               
         H        567        LYS         0.60862         0.16673         0.69225         0.17115         0.99065         0.40877               
         H        568        LYS          1.4731          0.6857           1.928         0.61128          2.9132         0.78152               
         H        569        TRP         0.50898         0.16435         0.44864         0.15637         0.72124          0.2017               
         H        570        ILE         0.32733         0.13394         0.20947        0.060589         0.52109          0.1361               
         H        571        GLN         0.94415         0.14544          1.0081         0.08354          1.1395         0.65887               
         H        572        LYS          1.6075         0.48114          1.9333         0.40135          2.3665           1.017               
         H        573        VAL         0.72907         0.10093         0.62277        0.042309         0.87643         0.56798               
         H        574        ILE         0.66244         0.18036         0.51419         0.08001         0.93185         0.38742               
         H        575        ASP          1.6074         0.30692          1.5237         0.10681          2.2704          1.1699               
         H        576        GLN           2.302           0.556          2.3407         0.56405          3.3193          1.6163               
         H        577        PHE          2.3789         0.45523          2.4463         0.50551          3.2005          1.7748               
         H        578        GLY           3.039         0.30382               0               0          3.4451          2.6628               
         H        579        GLU           2.321         0.89792           1.672         0.31241          4.3238          1.1907               
