pdb_id: 
analysis type: unbound
radii_file: F:\psiafrombintisolah\PSAIA-1.0\amac_data\chothia.radii
CX_sRadius: 13
CX_vAtom: 20.1

  chain id|    res id|  res name|     average CX|       s_avg CX|    s-ch avg CX|  s-ch s_avg CX|         max CX|         min CX|               
         A        229        ARG          2.3273            0.54          2.4625         0.53203          3.4887          1.5578               
         A        230        PRO          1.7153         0.47405          2.1505         0.32803           2.495          1.1495               
         A        231        PHE         0.46582         0.24556         0.30839         0.12487         0.97349         0.15911               
         A        232        THR          0.6248         0.21971         0.85472        0.082203         0.96502         0.34662               
         A        233        LEU         0.25135         0.16654         0.10897        0.052677         0.56263        0.069741               
         A        234        PRO         0.55697        0.098318          0.5259         0.11064         0.67098         0.38323               
         A        235        ASN           1.226         0.31062          1.4103         0.30837          1.9349         0.89979               
         A        236        LEU         0.97893         0.29739          1.2004          0.2438          1.5867         0.53641               
         A        237        PRO         0.83551         0.17565          1.0144        0.081428          1.0811         0.61215               
         A        238        LEU         0.29763         0.13229         0.17576        0.063487         0.44432         0.11944               
         A        239        SER         0.86962         0.16864         0.96632        0.050635          1.0811         0.58425               
         A        240        SER          1.0633          0.1345          1.2102        0.090539          1.3008         0.89194               
         A        241        LEU         0.51906        0.097307          0.4728        0.090079         0.69574         0.38323               
         A        242        SER         0.36171        0.096099         0.42562         0.04656         0.47218         0.19543               
         A        243        ASN         0.13898        0.064042         0.10151        0.048781         0.26478        0.024271               
         A        244        SER        0.031283        0.020813        0.017929        0.017929        0.064766               0               
         A        245        ARG        0.012192        0.021155        0.019158        0.023871        0.062295               0               
         A        246        ALA         0.12629        0.052167         0.12218               0         0.18307        0.042937               
         A        247        PRO         0.48042         0.14527         0.47232           0.107         0.72124         0.26129               
         A        248        LEU         0.47912        0.082371         0.44506        0.077907         0.61784         0.35059               
         A        249        PRO         0.88668         0.20708          1.0962         0.13817          1.2892         0.65289               
         A        250        ILE         0.42029         0.15289         0.27805        0.047759         0.64694         0.20487               
         A        251        SER         0.75349         0.11656         0.83887         0.01477         0.87643         0.53641               
         A        252        SER          0.4968         0.12583         0.62132        0.031566         0.65289         0.29336               
         A        253        MET         0.22977         0.11493         0.12652         0.03149         0.43078        0.077293               
         A        254        GLY         0.27413        0.063522               0               0          0.3586         0.18002               
         A        255        ILE         0.48014         0.16129         0.55694         0.18879         0.83875         0.33484               
         A        256        SER         0.57384         0.13017         0.50906        0.027347         0.77461         0.42632               
         A        257        PRO          1.2568          0.2418          1.1774         0.23238          1.6014         0.90771               
         A        258        ASP          2.5228         0.41912          2.7443         0.45846          3.3193          1.9925               
         A        259        ASN            2.72         0.43315          2.9719         0.39922          3.4887          2.1146               
         A        260        VAL           1.097         0.26621         0.88814        0.085391          1.6465         0.76776               
         A        261        GLN          2.0321         0.92117          2.7087         0.69758          3.6719          1.0531               
         A        262        SER         0.81217         0.18028          1.0147        0.066419          1.0811         0.57879               
         A        263        VAL         0.30736         0.10879         0.19438        0.049828         0.43978          0.1361               
         A        264        GLN         0.50951          0.2224         0.67613         0.15522         0.84617          0.2341               
         A        265        PHE         0.08269        0.039936        0.065151        0.034354         0.15619        0.026568               
         A        266        GLN          0.1505        0.073278         0.20574        0.049983         0.25783        0.054952               
         A        267        ASN         0.01399        0.019353        0.016273        0.021319        0.052527               0               
         A        268        GLY               0               0               0               0               0               0               
         A        269        ARG         0.16949         0.11175         0.20451          0.1148         0.38742       0.0040556               
         A        270        CYS         0.21714        0.063589         0.27499         0.06375         0.33874         0.12771               
         A        271        THR         0.43335         0.16238         0.61553        0.048894         0.67098         0.26478               
         A        272        LEU          0.2397         0.09925         0.15309        0.056811          0.3586        0.090118               
         A        273        ASP          0.8342         0.22788         0.98744          0.1865          1.3008         0.48171               
         A        274        GLY         0.70871        0.094039               0               0         0.84617         0.60087               
         A        275        ARG           1.102         0.30761           1.309         0.13673          1.5019         0.55203               
         A        276        LEU            0.59        0.083458         0.56348        0.073616         0.72124         0.45812               
         A        277        VAL         0.38778        0.096927         0.47532        0.047454         0.51606         0.22093               
         A        278        GLY          0.3055        0.051923               0               0         0.38742         0.24755               
         A        279        THR         0.12716        0.033989        0.091285        0.018242         0.16798        0.074764               
         A        280        THR          0.1679        0.071228         0.11774        0.033821         0.30814        0.072247               
         A        281        PRO         0.33035        0.079955         0.31083        0.082437         0.43526         0.21124               
         A        282        VAL         0.74558         0.16546         0.92644        0.072798          1.0259         0.57337               
         A        283        SER         0.85623         0.26366          1.2102        0.090539          1.3008         0.57337               
         A        284        LEU         0.63576         0.12104         0.60077         0.15717         0.74087         0.35458               
         A        285        SER          1.0081         0.21326           1.295       0.0057519          1.3008         0.77461               
         A        286        HIS         0.67975         0.26371         0.83127         0.21976          1.1495         0.30441               
         A        287        VAL         0.25387        0.068694         0.20633        0.064892         0.36265         0.11944               
         A        288        ALA         0.11746        0.028933        0.077293               0         0.14462        0.077293               
         A        289        LYS         0.33744         0.26164         0.51843         0.21998          0.8241        0.062295               
         A        290        ILE        0.058231        0.062562       0.0052655        0.004981         0.18307               0               
         A        291        ARG         0.62492         0.40085         0.85847         0.31916          1.2554         0.15911               
         A        292        GLY         0.35783        0.075216               0               0         0.43078         0.25095               
         A        293        THR         0.81811         0.17574         0.96069         0.14083          1.1597         0.54158               
         A        294        SER         0.97894         0.20206         0.84461        0.063095          1.2892         0.78152               
         A        295        ASN          1.9326         0.29518          1.9493         0.16854          2.4686          1.3971               
         A        296        GLY          1.7467        0.050354               0               0          1.7918          1.6619               
         A        297        THR          1.7949         0.48255          2.2367         0.26105          2.6051          1.0811               
         A        298        VAL          1.0123         0.13556          1.1006        0.085464          1.1802         0.80256               
         A        299        ILE          0.3864         0.11593         0.29873        0.058602         0.60649         0.22748               
         A        300        ASN         0.69132         0.26176         0.92476         0.15821          1.1495         0.38323               
         A        301        LEU         0.25798         0.15276         0.12574        0.057981         0.51606        0.067248               
         A        302        THR         0.59781         0.16394         0.76416        0.075476         0.86118          0.3586               
         A        303        GLU         0.63953         0.09012         0.65206         0.10935         0.80256         0.46747               
         A        304        LEU         0.60434         0.18413         0.45881        0.097971         0.90771         0.33096               
         A        305        ASP          1.6137         0.26911          1.7372          0.1473          1.9539           1.044               
         A        306        GLY          1.4567         0.19056               0               0          1.6932          1.2226               
         A        307        THR          1.9473         0.55012          2.4038         0.42914           2.947          1.1099               
         A        308        PRO          1.7065         0.38426          2.0821         0.21746          2.2472          1.1907               
         A        309        PHE         0.64022         0.23942         0.47116        0.082232          1.0717         0.38742               
         A        310        HIS          1.7245         0.55903           2.141         0.28446          2.5219          1.0081               
         A        311        PRO          1.0302        0.078594          1.0796        0.057743          1.1495         0.90771               
         A        312        PHE           2.228          0.5679          2.6313         0.22385          2.9132           1.336               
         A        313        GLU         0.96713         0.11881         0.97349               0          1.1295          0.8241               
         A        314        GLY         0.51195        0.096547               0               0         0.67098         0.41312               
         A        315        PRO         0.26847        0.038878         0.28201        0.030389         0.32326         0.21124               
         A        316        ALA         0.12946        0.036207        0.064766               0         0.16798        0.064766               
         A        317        PRO         0.12732        0.041977         0.14466         0.03338         0.17397        0.052527               
         A        318        ILE         0.25474        0.065471         0.31382        0.036189         0.36671         0.17397               
         A        319        GLY         0.12107         0.03261               0               0         0.15911        0.084951               
         A        320        PHE      0.00053765        0.001233               0               0       0.0040556               0               
         A        321        PRO               0               0               0               0               0               0               
         A        322        ASP        0.013765        0.020833       0.0094292        0.015278        0.059836               0               
         A        323        LEU        0.020565        0.021441        0.009895        0.011797        0.062295               0               
         A        324        GLY         0.20681        0.037108               0               0         0.25438         0.15038               
         A        325        GLY         0.38295        0.032594               0               0         0.43078         0.34267               
         A        326        CYS         0.22086         0.06147         0.16448          0.0532         0.29336         0.11128               
         A        327        ASP         0.36416         0.13629         0.47696         0.10576         0.65289          0.2242               
         A        328        TRP        0.071691        0.097488        0.016532        0.027047         0.30441               0               
         A        329        HIS         0.51655         0.15587         0.63663        0.062515         0.71479         0.28972               
         A        330        ILE          0.2444         0.13014          0.1308        0.058481         0.44432        0.042937               
         A        331        ASN         0.79939          0.2801          1.0544           0.142          1.1907         0.48171               
         A        332        MET         0.43411         0.21179         0.25805         0.11244         0.77461         0.13329               
         A        333        THR         0.95656         0.15883          1.1064        0.078867          1.2012         0.74087               
         A        334        GLN          1.3619         0.24507          1.2719        0.083518           1.973          1.1699               
         A        335        PHE          1.9183         0.41571          1.7271         0.30452          2.6051          1.3124               
         A        336        GLY          3.7229         0.26926               0               0          4.1444          3.4024               
         A        337        HIS           2.655         0.27873          2.4903         0.21682          3.1248          2.2472               
         A        338        SER          3.7335          1.0401          5.1319         0.40879          5.5407          2.6628               
         A        339        SER           2.631         0.62567          3.2062         0.51388          3.7201          1.8438               
         A        340        GLN          1.8594         0.40105          2.0881         0.37344          2.7224          1.3241               
         A        341        THR         0.96007         0.11331          1.0155        0.053861          1.0624         0.72124               
         A        342        GLN          1.0002         0.16735           1.115          0.1017          1.2334         0.72124               
         A        343        TYR         0.24852         0.13535         0.16487        0.061135         0.53127        0.069741               
         A        344        ASP          0.6704         0.24765         0.89013         0.15338          1.1395         0.39588               
         A        345        VAL         0.19483        0.085033         0.10341        0.013027         0.30814        0.087528               
         A        346        ASP         0.54234         0.20254         0.71674         0.14466          0.9483         0.34662               
         A        347        THR         0.29377        0.096377         0.20334        0.044115         0.43526         0.14462               
         A        348        THR         0.78396         0.13335         0.79492        0.085859         0.97349         0.54158               
         A        349        PRO         0.92276         0.14274         0.90582         0.16553          1.1295         0.73428               
         A        350        ASP          1.6216         0.41305          1.9948         0.23145          2.3665          1.1395               
         A        351        THR         0.88953         0.19912          1.0093         0.18129          1.2554         0.57879               
         A        352        PHE         0.28382         0.16468         0.17877         0.10024         0.57337        0.059836               
         A        353        VAL         0.50268         0.14747         0.66282        0.056808         0.73428          0.3271               
         A        354        PRO         0.14319        0.050181          0.1079        0.047444         0.20487        0.064766               
         A        355        HIS         0.56985         0.22568          0.7018         0.17097          0.9483         0.19232               
         A        356        LEU         0.72336         0.19354         0.89135         0.11584          1.0349         0.44432               
         A        357        GLY         0.42789        0.025638               0               0         0.46747         0.39588               
         A        358        SER          0.4768         0.16105          0.6894        0.071558         0.76096         0.31945               
         A        359        ILE         0.21457          0.1287        0.096121        0.060135         0.38323       0.0040556               
         A        360        GLN         0.49788         0.10428         0.53484         0.10293         0.70204         0.33484               
         A        361        ALA         0.60963        0.096511         0.79549               0         0.79549         0.52616               
         A        362        ASN         0.91685         0.14663         0.91161         0.15435          1.1597         0.70839               
         A        363        GLY          1.4257        0.087963               0               0          1.5436          1.3241               
         A        364        ILE         0.74537         0.20292         0.55167        0.038279          1.0081         0.49624               
         A        365        GLY           1.155         0.16657               0               0          1.3723         0.92374               
         A        366        SER          1.7458         0.44987          2.3564        0.086062          2.4425          1.2666               
         A        367        GLY         0.94592         0.15161               0               0          1.1099         0.74087               
         A        368        ASN         0.87315         0.11569         0.95155        0.079564          1.0624         0.67098               
         A        369        TYR         0.54967         0.13234         0.59872         0.12791         0.80968         0.33874               
         A        370        VAL         0.43829        0.085415         0.51509         0.06078         0.60087         0.31566               
         A        371        GLY         0.22864        0.020345               0               0         0.25438          0.2017               
         A        372        VAL         0.39173        0.098128         0.48737        0.061259         0.57337         0.27891               
         A        373        LEU         0.18709        0.092473         0.10661        0.053339         0.31189        0.017443               
         A        374        SER         0.59237          0.1709         0.81376        0.086028         0.89979         0.38323               
         A        375        TRP         0.85039         0.28345          1.0114         0.14045          1.2226         0.34267               
         A        376        ILE         0.37854         0.15267          0.2536        0.047131          0.6771         0.18307               
         A        377        SER         0.59162         0.09313         0.67855        0.049188         0.72773         0.44432               
         A        378        PRO         0.86326         0.15832          1.0324        0.085411          1.1495         0.68948               
         A        379        PRO          0.8262         0.15844         0.76381        0.032437          1.1699          0.6771               
         A        380        SER          1.3077         0.37587          1.0854        0.094793          2.0321         0.91569               
         A        381        HIS          2.0571         0.76551          2.5383         0.61681          3.4024          1.1197               
         A        382        PRO          2.2058          0.2857          2.2054         0.35771          2.6337          1.7581               
         A        383        SER          3.5228         0.43199           3.986         0.21678          4.2028          2.8801               
         A        384        GLY           3.105         0.18019               0               0          3.3193          2.8801               
         A        385        SER           1.881         0.29627          1.7442         0.17203          2.4425          1.5722               
         A        386        GLN          1.7055          0.5915          2.1065         0.43925          2.8801         0.85364               
         A        387        VAL         0.64481         0.11484         0.54589        0.062226         0.83875         0.45812               
         A        388        ASP         0.57905         0.15758         0.71793          0.0751         0.84617          0.3586               
         A        389        LEU         0.19875        0.046862         0.17358        0.020575         0.30441         0.15327               
         A        390        TRP         0.40808          0.1065         0.43886         0.11165         0.59529         0.24416               
         A        391        LYS         0.54109         0.26729         0.72166         0.22724          1.0906         0.21768               
         A        392        ILE         0.27592        0.049224         0.26727        0.045342         0.35059         0.21445               
         A        393        PRO         0.17956        0.059219         0.11518         0.01772         0.25095        0.090118               
         A        394        ASN         0.49904         0.20955         0.68554         0.13187         0.89194         0.28972               
         A        395        TYR         0.19414         0.10604         0.13083        0.063177         0.36671         0.04771               
         A        396        GLY         0.71322         0.12495               0               0          0.8314         0.51606               
         A        397        SER          1.3762         0.21395          1.4777          0.1536          1.6313          1.0081               
         A        398        SER          2.4281         0.44044          2.4842        0.092736          3.1623          1.7253               
         A        399        ILE          3.4108         0.62874          3.7258         0.67269          4.7956          2.5492               
         A        400        THR          1.9077         0.34429          2.0354         0.31026          2.4686            1.36               
         A        401        GLU          1.8353         0.50399          2.1791         0.40216          2.8801          1.1802               
         A        402        ALA         0.78859         0.15177         0.51606               0         0.94004         0.51606               
         A        403        THR           1.084         0.28484          1.3721        0.097584          1.5019         0.62936               
         A        404        HIS          1.2673         0.48538          1.5636         0.37497          2.1146         0.53127               
         A        405        LEU         0.60934          0.1227         0.55857         0.12386         0.79549          0.3586               
         A        406        ALA         0.48109        0.086209         0.34662               0         0.58425         0.34662               
         A        407        PRO         0.83363         0.16326         0.96182         0.12338          1.0906         0.55731               
         A        408        SER         0.96259         0.17681          1.1907        0.010482          1.2012         0.72773               
         A        409        VAL         0.42484         0.10186         0.31204         0.01401         0.55203         0.29336               
         A        410        TYR          1.3128         0.63803          1.6695         0.47615           2.495         0.53127               
         A        411        PRO         0.66558        0.091804             0.7        0.010764          0.8314         0.54679               
         A        412        PRO         0.66516         0.23935         0.46441        0.069472          1.1002         0.41312               
         A        413        GLY           1.165         0.14978               0               0          1.3241         0.98203               
         A        414        PHE          1.3879         0.27599          1.3236         0.29414          1.8438          0.9483               
         A        415        GLY         0.97543         0.26911               0               0            1.36         0.68327               
         A        416        GLU         0.49509        0.076168         0.46661        0.053271         0.67098         0.38742               
         A        417        VAL         0.32353         0.09293         0.38302        0.097299         0.51105         0.19543               
         A        418        LEU         0.21421        0.034328         0.22765        0.034964         0.27535         0.16798               
         A        419        VAL          0.0572        0.030036        0.058235       0.0057428          0.1006        0.010705               
         A        420        PHE         0.11529        0.044823          0.1361        0.036938         0.19232         0.04771               
         A        421        PHE        0.033726        0.037851       0.0078425         0.01125         0.10592               0               
         A        422        MET         0.29805        0.059844         0.32209        0.047123         0.37492         0.17397               
         A        423        SER         0.41092        0.045284         0.36673       0.0040798         0.48652         0.36265               
         A        424        LYS          1.3809         0.70168          1.8646         0.59789          2.8154         0.68327               
         A        425        MET         0.49579         0.18001         0.32707        0.034749         0.76096         0.26828               
         A        426        PRO         0.92422         0.12636         0.97638         0.10738          1.1197         0.68948               
         A        427        GLY           1.374         0.22215               0               0          1.7092          1.1395               
         A        428        PRO          1.6665         0.24957          1.5563         0.26381           1.973          1.2554               
         A        429        GLY           1.823        0.057662               0               0          1.9162          1.7581               
         A        430        ALA          1.7656         0.40915          2.3915               0          2.3915          1.2666               
         A        431        TYR         0.84183         0.16781          0.8683         0.14678          1.1002         0.58425               
         A        432        ASN         0.60024         0.25985         0.82204         0.17422         0.99934         0.28972               
         A        433        LEU         0.11522        0.075572        0.054171        0.033462         0.26828        0.017443               
         A        434        PRO        0.098723        0.053027         0.14098        0.013503         0.15327        0.010705               
         A        435        CYS        0.011002        0.013815       0.0053525       0.0053525        0.040567               0               
         A        436        LEU        0.004697        0.010975       0.0093939        0.014027         0.03352               0               
         A        437        LEU               0               0               0               0               0               0               
         A        438        PRO        0.047135        0.032669        0.052543        0.039526        0.095333               0               
         A        439        GLN         0.24133        0.069118         0.26711        0.067648         0.33874         0.12771               
         A        440        GLU         0.47157         0.12548         0.56005         0.09611         0.69574         0.31189               
         A        441        TYR         0.13041        0.063926        0.093817        0.043869         0.22093        0.031192               
         A        442        ILE         0.22351          0.1038         0.14528        0.056694         0.39164        0.069741               
         A        443        SER          0.6665         0.12873         0.74754         0.00667         0.81686         0.42632               
         A        444        HIS         0.67706         0.12004         0.67061         0.14108         0.86118         0.51105               
         A        445        LEU         0.37612          0.1842         0.20994        0.058007          0.6771         0.14749               
         A        446        ALA         0.85449         0.20629         0.74752               0          1.2012         0.61784               
         A        447        SER          1.4245         0.26796          1.6293         0.23222          1.8616           1.017               
         A        448        GLU          1.3642         0.21308          1.3799         0.26484          1.7581           1.044               
         A        449        GLN          1.5153         0.35688          1.7593         0.28836          2.0728          1.1197               
         A        450        ALA         0.95969        0.095609         0.88415               0          1.0811         0.81686               
         A        451        PRO          1.4049         0.31232          1.7364         0.12714          1.9162         0.99934               
         A        452        THR         0.90411         0.19978         0.72254        0.047721          1.2666          0.6771               
         A        453        VAL           1.539         0.21594           1.678         0.12455          1.8438          1.1295               
         A        454        GLY          1.0035        0.091196               0               0          1.1099         0.88415               
         A        455        GLU          1.3334         0.55069          1.7436         0.38552          2.3177         0.64694               
         A        456        ALA         0.45418        0.072237         0.37081               0         0.58425         0.37081               
         A        457        ALA         0.25091        0.040362         0.21768               0         0.29336         0.18922               
         A        458        LEU         0.44827         0.12034         0.53759           0.112         0.72773         0.34267               
         A        459        LEU         0.20383        0.083824         0.12689         0.04605         0.29336        0.050113               
         A        460        HIS         0.59435         0.27722         0.78464         0.19204          1.1002          0.2718               
         A        461        TYR         0.25783        0.082093         0.22495        0.058741         0.43526         0.15619               
         A        462        VAL         0.73314         0.10808         0.80851        0.046959         0.86877         0.50115               
         A        463        ASP          1.4511         0.28157          1.6762         0.19437          1.9349          1.0259               
         A        464        PRO          1.4666         0.30164          1.2762        0.068531          2.0321          1.1802               
         A        465        ASP          2.7394         0.49546          2.6535          0.1407          3.8195          1.9349               
         A        466        THR          2.9926         0.44274          3.1977         0.55066          3.8707          2.5219               
         A        467        GLY          1.9438         0.11185               0               0          2.1146          1.8438               
         A        468        ARG          1.9209         0.37798          2.1254         0.18721           2.495          1.1099               
         A        469        ASN         0.95766         0.16563         0.86776         0.14841          1.2334         0.64104               
         A        470        LEU         0.71953         0.13881         0.81288          0.1387          1.0259         0.56798               
         A        471        GLY         0.38679        0.059006               0               0         0.46278         0.31189               
         A        472        GLU         0.46374         0.23366         0.63327         0.17367         0.87643         0.18002               
         A        473        PHE        0.069561        0.044766        0.055078        0.040109         0.14749       0.0018585               
         A        474        LYS         0.17584         0.16721         0.29921         0.12477         0.50115               0               
         A        475        ALA        0.063046        0.036642        0.028875               0         0.12218        0.024271               
         A        476        TYR         0.26381         0.11476         0.32242        0.091439         0.46747        0.069741               
         A        477        PRO         0.46651        0.093695         0.54684        0.088383         0.61215          0.3586               
         A        478        ASP         0.51591         0.18818         0.66726         0.13489         0.81686          0.2718               
         A        479        GLY        0.096331        0.058159               0               0         0.19232        0.035858               
         A        480        PHE         0.15395         0.10046         0.20871        0.086878         0.34662        0.045318               
         A        481        LEU        0.021273        0.023601               0               0        0.059836               0               
         A        482        THR         0.10142        0.041658         0.14476        0.012445         0.16205        0.045318               
         A        483        CYS         0.17859        0.055883         0.14337        0.042769         0.27535          0.1006               
         A        484        VAL         0.57223         0.16371         0.69499         0.13076         0.87643         0.28609               
         A        485        PRO         0.73051         0.18335          0.6071        0.085298         0.99934         0.54679               
         A        486        ASN          2.1427         0.54821          2.4868         0.44923          2.9813          1.2334               
         A        488        ALA          2.1148         0.16169          1.9925               0          2.2939          1.8616               
         A        489        SER           2.974         0.57584          3.7508         0.17231          3.9231          2.3177               
         A        490        SER          1.5481         0.31752          1.7528        0.090935          1.9349          1.0811               
         A        491        GLY         0.73697         0.14095               0               0         0.96502         0.57879               
         A        492        PRO          0.3813        0.083275         0.30774        0.066868         0.47218         0.24416               
         A        493        GLN            1.02         0.30585          1.1813         0.28042          1.6775         0.58975               
         A        494        GLN           1.217         0.17521          1.4883               0          1.4883           1.017               
         A        495        LEU         0.55651         0.17609         0.39931        0.094224         0.80968         0.25095               
         A        496        PRO         0.78714          0.1511         0.91238        0.062741         0.99934         0.50608               
         A        497        ILE         0.65336         0.15582         0.64953         0.20933         0.95662         0.38742               
         A        498        ASN         0.99601         0.27262          1.2115         0.22643          1.6014         0.71479               
         A        499        GLY         0.47695        0.059064               0               0         0.54158         0.39164               
         A        500        VAL         0.45808         0.10722         0.56083        0.052933         0.63518         0.29702               
         A        501        PHE         0.10638         0.11728        0.024119        0.031788         0.32326               0               
         A        502        VAL         0.54938         0.12988         0.68333        0.060465         0.76776         0.35458               
         A        503        PHE          0.6355         0.17015         0.64042         0.18432         0.90771         0.42189               
         A        504        VAL         0.94063         0.20362           0.886          0.1365          1.3241         0.68327               
         A        505        SER         0.95654         0.23392          1.2286        0.037957          1.2666         0.60087               
         A        506        TRP         0.82887         0.21759         0.76489         0.21114          1.2012         0.45349               
         A        507        VAL         0.87978          0.1214         0.81283         0.16154         0.98203         0.59529               
         A        508        SER          1.2823         0.30315            1.64        0.053256          1.6932         0.80968               
         A        509        ARG          1.4917         0.64008          1.8152         0.58748          2.8801         0.73428               
         A        510        PHE           1.869         0.55544          2.2237         0.37061          2.8475          1.1907               
         A        511        TYR         0.93218         0.18723         0.95291         0.20466          1.2666         0.67098               
         A        512        GLN          1.2039         0.24696          1.3985         0.12355          1.5722         0.80968               
         A        513        LEU         0.51725         0.22537         0.31078        0.059284         0.89194         0.24078               
         A        514        LYS          1.2762         0.51592          1.6428          0.4064          2.3177         0.62936               
         A        515        PRO          1.1124         0.23107          1.3667         0.07883          1.4749          0.8314               
         A        516        VAL         0.71375         0.22722         0.54293         0.09803          1.1597         0.40445               
         A        517        GLY          1.4181         0.29826               0               0          1.8438          1.0259               
         A        518        THR          1.7794          0.3326          2.2162         0.10156          2.3177          1.4097               
