pdb_id: 
analysis type: unbound
radii_file: F:\psiafrombintisolah\PSAIA-1.0\amac_data\chothia.radii
CX_sRadius: 13
CX_vAtom: 20.1

  chain id|    res id|  res name|     average CX|       s_avg CX|    s-ch avg CX|  s-ch s_avg CX|         max CX|         min CX|               
         B        308        LEU          10.592          2.9655          13.392          1.1439          15.352          6.6308               
         B        309        PRO          4.8709         0.54787          5.0432         0.33255          5.5407          3.8707               
         B        310        THR          4.2454         0.73393          4.9714         0.38265           5.359          3.3193               
         B        311        TYR          2.8231         0.13854           2.773         0.13444          3.0518          2.6337               
         B        312        ARG          2.5706         0.33733          2.9132               0           2.947          2.1795               
         B        313        TYR          1.4234         0.32316          1.2406         0.20527          2.0523         0.97349               
         B        314        PRO          1.5259        0.076614          1.4758        0.047028          1.6619          1.4097               
         B        315        LEU           2.245         0.28918          2.4491         0.27008          2.9132          1.8616               
         B        316        GLU          1.9581        0.033027          1.9349               0          2.0122          1.9162               
         B        317        LEU          2.3594        0.093419          2.4168               0          2.4425          2.1795               
         B        318        ASP           3.178         0.39279           3.279               0          3.7201          2.5492               
         B        319        THR          4.4255         0.79908          4.0313               0          5.5407          3.4451               
         B        320        ALA          6.4057         0.56375          6.6308               0          7.1759          5.4486               
         B        321        ASN          5.9027         0.48281          6.1434         0.57823          7.0324          5.5407               
         B        322        ASN          4.3949         0.51003          4.7956               0          5.1872          3.8707               
         B        323        ARG          4.0466          1.0173          4.6119         0.83268          6.1539          2.6923               
         B        324        VAL          2.5095         0.11595           2.495               0          2.6923          2.3665               
         B        325        GLN          2.1476        0.080697          2.2023        0.042506          2.2704           1.973               
         B        326        VAL          1.9562        0.082083           1.973               0          2.0728          1.8262               
         B        327        ALA          1.6419        0.063121          1.5436               0          1.7253          1.5436               
         B        328        ASP          1.9199         0.15025          2.2017               0          2.2017          1.7748               
         B        329        ARG          1.1526         0.22241          1.0849         0.17093          1.6313         0.80256               
         B        330        PHE          1.1923         0.12847          1.2439         0.12909          1.4225          1.0081               
         B        331        GLY          1.4983         0.08817               0               0          1.5722          1.3479               
         B        332        MET          1.5219         0.17194          1.6301         0.16156          1.8089          1.2892               
         B        333        ARG         0.75775         0.12131         0.72202        0.086904         0.97349         0.55731               
         B        334        THR          1.1931         0.27159          1.4935         0.11202          1.5867         0.91569               
         B        335        GLY         0.84111        0.030763               0               0         0.88415         0.80256               
         B        336        THR         0.82132         0.14309          1.1002               0          1.1002         0.69574               
         B        337        TRP         0.48372         0.10047         0.42905        0.044676         0.70839         0.36671               
         B        338        THR           1.189         0.25312          1.4518         0.13992          1.6465         0.87643               
         B        339        GLY         0.95784        0.079723               0               0          1.0349         0.83875               
         B        340        GLN          1.2255         0.51098          1.5996         0.36825          2.1576         0.57337               
         B        341        LEU         0.34979         0.11501         0.20645        0.061829         0.48171         0.14462               
         B        342        GLN         0.44152         0.10227         0.60649               0         0.60649         0.29702               
         B        343        TYR         0.42538         0.11791         0.38018        0.089977         0.68948         0.26478               
         B        344        GLN         0.77617         0.10023         0.83208        0.035314         0.88415         0.54158               
         B        345        HIS          1.3905         0.24048          1.4016         0.23589          1.7581          1.0531               
         B        346        PRO          2.7272         0.55575          2.7047          0.6251          3.4451          1.9162               
         B        347        GLN          2.5926         0.18863          2.8475               0          2.8475          2.3177               
         B        348        LEU          1.3007         0.28187          1.0976         0.13739          1.8616         0.89194               
         B        349        SER           1.428         0.13837          1.5564         0.12106          1.6775          1.2779               
         B        350        TRP         0.66479         0.26834          0.5465          0.2105          1.0811         0.25438               
         B        351        ARG          1.3859         0.24662          1.5463         0.14722          1.7253           1.017               
         B        352        ALA         0.80026        0.077306          0.6771               0         0.90771          0.6771               
         B        353        ASN          1.6612          0.5969          2.1753         0.41623          2.8475         0.99065               
         B        354        VAL         0.65236         0.17077         0.46373        0.037131         0.86877         0.41312               
         B        355        THR          1.0345         0.28171          1.3406         0.10602          1.4883         0.68948               
         B        356        LEU         0.42257         0.16172         0.26937        0.061006         0.62936         0.20487               
         B        357        ASN         0.82015         0.27903          1.0668         0.16577          1.2666         0.47693               
         B        358        LEU         0.36012         0.14041          0.2342        0.055726         0.57879         0.14462               
         B        359        MET         0.75161         0.33174          1.0462         0.21146          1.3124         0.41749               
         B        360        LYS         0.44865         0.12826         0.36273        0.035147         0.72773          0.3271               
         B        361        VAL         0.94174         0.19931          1.1383         0.14019           1.336         0.68948               
         B        362        ASP          1.1815         0.33947          1.4842         0.17941          1.7581         0.70839               
         B        363        ASP         0.97111         0.25863          1.1488         0.25469          1.5867         0.69574               
         B        364        TRP          1.0601         0.36977          1.2462         0.26047          1.6313         0.51606               
         B        365        LEU         0.19984         0.11198         0.10069        0.039523         0.40015        0.054952               
         B        366        VAL         0.48617         0.14668         0.64543        0.062845         0.71479         0.31189               
         B        367        LEU         0.19742         0.12858        0.079111        0.036112         0.38742        0.040567               
         B        368        SER         0.71037         0.22342          1.0009         0.10898          1.1099         0.43526               
         B        369        PHE         0.34516         0.26233         0.16707        0.084887         0.86877        0.069741               
         B        370        SER         0.99859         0.16452          1.1911        0.031451          1.2226         0.78152               
         B        371        GLN          1.5145         0.36091          1.7821          0.2633          2.2243          1.0811               
         B        372        MET         0.56795         0.24142         0.36627         0.16137         0.89194         0.16501               
         B        373        THR         0.86263         0.18269          1.0692        0.034349          1.1099         0.64104               
         B        374        THR         0.43591         0.14829         0.26831         0.03878         0.58975         0.21768               
         B        375        ASN         0.80595         0.29519           1.059         0.18686          1.3124         0.40015               
         B        376        SER         0.59199         0.11362         0.73072        0.071841         0.80256         0.46278               
         B        377        ILE         0.29067         0.13266         0.16893         0.04418         0.47693         0.10325               
         B        378        MET         0.85918         0.34964           1.142         0.27539          1.5436         0.43078               
         B        379        ALA         0.80741          0.1629          1.1197               0          1.1197         0.64104               
         B        380        ASP         0.91531         0.25847          1.1582         0.11493          1.3241         0.61215               
         B        381        GLY         0.46027         0.06912               0               0         0.54158         0.36265               
         B        382        LYS         0.54464         0.22168         0.71356          0.1468         0.91569         0.27535               
         B        383        PHE        0.077104        0.078461        0.020163        0.020436         0.19856               0               
         B        384        VAL         0.35021         0.11314         0.47627        0.036874         0.52109         0.21768               
         B        385        ILE         0.13951        0.086359        0.060341        0.034267         0.26129        0.010705               
         B        386        ASN         0.71266         0.27153         0.94745         0.18491          1.2118         0.38323               
         B        387        PHE           0.315          0.2111         0.17484         0.09252         0.71479        0.077293               
         B        388        VAL          1.2194         0.20477          1.3644        0.025152          1.3971         0.78847               
         B        389        SER          1.1888         0.30995          1.5888         0.07313          1.6619         0.77461               
         B        390        GLY          1.0139        0.051827               0               0          1.0811          0.9483               
         B        391        LEU         0.77837         0.29033         0.52919         0.11266          1.3008         0.38742               
         B        392        SER           1.184         0.13809          1.0907         0.10001          1.3723         0.99065               
         B        393        SER          2.2154         0.60476          3.0359        0.088896          3.1248          1.6014               
         B        394        GLY          1.5817         0.20828               0               0          1.8438          1.3479               
         B        395        TRP         0.67301         0.32208          0.4969         0.17854          1.2226          0.2341               
         B        396        GLN          1.4318          0.5996          1.9029          0.3471          2.2472         0.59529               
         B        397        THR         0.80028          0.1425         0.92263        0.055699         0.99934         0.54158               
         B        398        GLY         0.75741         0.12043               0               0         0.89979         0.63518               
         B        399        ASP         0.49257         0.18109         0.62466         0.13037         0.75421         0.22093               
         B        400        THR         0.18934        0.041836         0.17269        0.028879          0.2718         0.13329               
         B        401        GLU         0.77674         0.36924          1.0544         0.26584          1.4097         0.37081               
         B        402        PRO         0.51577          0.1707         0.40171         0.04724         0.84617          0.3586               
         B        403        SER          1.2247         0.24586          1.1614        0.061172          1.6465         0.83875               
         B        404        SER          1.3607         0.26201          1.6748         0.11697          1.7918         0.98203               
         B        405        THR           1.858         0.40179          2.1935         0.41857          2.7839          1.5296               
         B        406        ILE          2.1156         0.61805          2.6401         0.36005          3.1248          1.1802               
         B        407        ASP           1.562         0.32401          1.3408         0.15662          2.2704          1.1099               
         B        408        PRO          1.2839          0.2106          1.3207         0.27086          1.6619         0.99934               
         B        409        LEU         0.79755         0.14167         0.69334          0.1205          1.0081         0.53127               
         B        410        SER         0.71993        0.092352         0.78102        0.072624         0.85364         0.54679               
         B        411        THR          1.0056         0.16243          1.1622         0.11478          1.3241         0.84617               
         B        412        THR         0.70583        0.046325         0.66491               0         0.76776         0.64694               
         B        413        PHE          1.2504         0.38373          1.5015          0.2379          1.8438         0.73428               
         B        414        ALA         0.49599        0.094897         0.31189               0         0.57879         0.31189               
         B        415        ALA         0.67959         0.13216         0.91569               0         0.91569         0.54679               
         B        416        VAL         0.37453         0.12085         0.25164        0.047521         0.55731         0.18922               
         B        417        GLN         0.81238         0.32506          1.0406         0.26802          1.4749         0.47693               
         B        418        PHE         0.54685         0.17893         0.44009        0.099024         0.89194         0.31189               
         B        419        LEU            1.23         0.24371          1.4159         0.19004          1.6465         0.85364               
         B        420        ASN          1.8654         0.29988          1.9654         0.27059          2.2939          1.3723               
         B        421        ASN          3.0848         0.42068          3.4451               0          3.5332           2.342               
         B        422        GLY          2.8656         0.08437               0               0           2.947          2.7529               
         B        423        GLN          2.8359         0.98627          3.4753         0.87337          5.0243          1.6014               
         B        424        ARG          1.5776          0.1354          1.5196        0.070662          1.8796          1.3971               
         B        425        ILE          1.2402         0.20677          1.3983         0.10108          1.5157          0.8314               
         B        426        ASP          1.4544         0.31465          1.7168         0.23941          2.1146          1.1395               
         B        427        ALA         0.83119        0.070977         0.76776               0         0.92374         0.75421               
         B        428        PHE          1.2157          0.4356          1.4923         0.28958          1.8616         0.64694               
         B        429        ARG         0.38966         0.09582          0.3532        0.099044         0.52109          0.2242               
         B        430        ILE         0.68961         0.23531         0.89202          0.1556          1.1597         0.39588               
         B        431        MET         0.27216         0.15087         0.13612        0.069154         0.48652        0.045318               
         B        432        GLY         0.41808        0.049073               0               0         0.48652          0.3586               
         B        433        VAL          0.3221         0.10268          0.2381        0.028522         0.52616         0.19856               
         B        434        SER          0.5823         0.11946         0.56816        0.067015         0.78847         0.40015               
         B        435        GLU         0.87628         0.38765          1.1765         0.25194          1.5157         0.39588               
         B        436        TRP         0.64005         0.18568          0.6043         0.19211         0.93185         0.34662               
         B        437        THR          1.2918         0.28624          1.4883         0.28959          1.8978         0.86118               
         B        438        ASP          1.9103         0.47538          2.3481         0.24027          2.6051          1.3723               
         B        439        GLY         0.81004         0.19097               0               0          1.0717         0.58975               
         B        440        GLU         0.83777         0.23644          1.0071         0.16968          1.2226         0.53127               
         B        441        LEU          0.1647         0.10724        0.066614        0.042731         0.33484               0               
         B        442        GLU         0.53869          0.2869         0.75225         0.21143          1.0624         0.23078               
         B        443        ILE         0.13238        0.063418        0.075956        0.035449         0.21768        0.019709               
         B        444        LYS         0.59203         0.27272         0.79605         0.19998          1.0081         0.31566               
         B        445        ASN         0.31838         0.09417         0.25404        0.054061         0.49137         0.21124               
         B        446        TYR         0.90543         0.12891         0.96591        0.061733          1.0531         0.57879               
         B        447        GLY         0.77558         0.04154               0               0         0.81686         0.72773               
         B        448        GLY          1.0928        0.066677               0               0          1.1699         0.99934               
         B        449        THR          1.2572         0.33218          1.5273         0.27955          1.8978         0.76096               
         B        450        TYR         0.93667         0.23881         0.82965          0.1809          1.4616         0.55203               
         B        451        THR           1.102          0.1907          1.2278         0.18873          1.4616         0.81686               
         B        452        GLY          1.2896        0.085311               0               0          1.3846          1.1802               
         B        453        HIS         0.68921         0.24263         0.50484         0.11025          1.0081         0.36671               
         B        454        THR          1.2392         0.29355          1.5598         0.12938          1.6932          0.9483               
         B        455        GLN         0.98091         0.33562          1.2298         0.23806          1.5578         0.56798               
         B        456        VAL         0.31876        0.094554         0.21238       0.0092175         0.43078          0.2017               
         B        457        TYR         0.87025         0.30339          1.0495         0.20043          1.4225         0.44889               
         B        458        TRP         0.25481         0.23254         0.12181        0.095712         0.74087        0.019709               
         B        459        ALA         0.87088         0.13387          1.0349               0          1.0349         0.70204               
         B        460        PRO          1.2937         0.24653          1.5659        0.092776          1.6932          1.0081               
         B        461        TRP         0.44747          0.2675         0.30916         0.17256         0.92374        0.087528               
         B        462        THR          0.8249         0.16181         0.99794        0.054511          1.0531         0.61784               
         B        463        ILE         0.36869         0.08167         0.31616        0.064687         0.48652         0.20805               
         B        464        MET         0.54162         0.16326         0.74907         0.11971         0.86877         0.40445               
         B        465        TYR         0.23846         0.14694         0.15242        0.098438         0.44432        0.040567               
         B        466        PRO         0.72705         0.14179         0.86115        0.094865         0.94004         0.56263               
         B        467        CYS         0.49936          0.1023         0.36265               0         0.61215         0.36265               
         B        468        ASN          1.1185         0.27111          1.3477          0.1896          1.6465         0.78152               
         B        469        VAL         0.87597         0.13404         0.81043         0.12206          1.1099         0.70839               
         B        470        ARG          1.0953          0.3866          1.3533         0.28459          1.7253         0.64104               
