pdb_id: 
analysis type: unbound
radii_file: F:\psiafrombintisolah\PSAIA-1.0\amac_data\chothia.radii
CX_sRadius: 12
CX_vAtom: 20.1

  chain id|    res id|  res name|     average CX|       s_avg CX|    s-ch avg CX|  s-ch s_avg CX|         max CX|         min CX|               
         C          1        ASP          10.651         0.63684           11.03         0.56902          11.861          9.9125               
         C          2        ARG          8.3714         0.71857          8.4178         0.69161          9.9125          7.7832               
         C          3        ILE          7.5553         0.24167          7.6338         0.27053          8.0028          7.3747               
         C          4        CYS          7.7275         0.36705          7.4744        0.099698          8.2336          7.3747               
         C          5        THR          8.6418         0.97287          9.3654         0.91039          10.616          7.1843               
         C          6        GLY          8.5212         0.66612               0               0          9.5915          7.7832               
         C         10        SER          2.0663        0.068155           2.027        0.050874          2.1589          1.9761               
         C         11        ASN          2.2357         0.32721          2.5167            0.11          2.6746          1.6874               
         C         12        SER          1.4099        0.098768          1.3616        0.023229          1.6285          1.3384               
         C         13        PRO          1.7392         0.24047          1.9848         0.16148          2.1868          1.4835               
         C         14        HIS          1.2879         0.27195           1.447          0.2271          1.7489         0.91548               
         C         15        VAL          1.0295         0.17439           1.217        0.083833          1.3084         0.84672               
         C         16        VAL         0.80055        0.069515         0.75683         0.01863         0.94655         0.73967               
         C         17        LYS          1.5024          0.3511          1.6932          0.3423          2.2442          1.0006               
         C         18        THR          2.0718         0.45927          1.7581         0.27783           2.831          1.3692               
         C         19        ALA          4.4309           0.795          4.8082               0          5.3177          3.0012               
         C         20        THR          5.8564         0.90478          6.7963         0.42662          7.1843           4.716               
         C         21        GLN           3.315          0.5078            3.34          0.5854          4.3748          2.6375               
         C         22        GLY          2.6732         0.43876               0               0          3.1392          2.0779               
         C         23        GLU          1.9748         0.27476          2.0577         0.21572          2.3655           1.536               
         C         24        VAL          1.0866         0.12073          1.1503         0.12317          1.3233         0.93608               
         C         25        ASN          1.0746         0.19866          1.2485         0.13374          1.3692         0.86586               
         C         26        VAL         0.93149         0.10761         0.85718         0.04192          1.1183         0.81874               
         C         28        GLY          1.2266          0.0901               0               0          1.3233          1.0937               
         C         29        VAL          1.1918          0.2066          1.0123        0.092422          1.5907         0.90535               
         C         30        ILE          1.6101         0.39692          1.9336          0.2986          2.3655          1.1059               
         C         31        PRO           1.181         0.13168          1.2553         0.14192          1.3848          1.0006               
         C         32        LEU         0.92216         0.12795          1.0034         0.13141          1.2093         0.77395               
         C         33        THR         0.78447        0.056363          0.7745        0.031479         0.89532         0.70669               
         C         34        THR         0.74028        0.097037         0.82433        0.067689         0.90535         0.57943               
         C         35        THR          1.0327          0.1801          1.1582        0.063352          1.2507          0.8096               
         C         36        PRO         0.71681         0.27541         0.44958        0.045362          1.1564         0.39578               
         C         37        THR          1.5738         0.44793          2.0656         0.12788          2.2442          1.0816               
         C         38        LYS          1.7547          0.3458          1.9221         0.31795          2.4962          1.3384               
         C         39        SER          1.0248        0.084385          1.0641        0.029572          1.1308          0.8854               
         C         40        HIS          1.2649          0.3483           1.509         0.19097          1.7701         0.69864               
         C         41        PHE         0.45047         0.14825         0.36048        0.083925         0.71481         0.24606               
         C         42        ALA         0.47224         0.10322         0.62946               0         0.62946         0.32882               
         C         43        ASN         0.73726         0.16933         0.89976        0.060963         0.98956         0.54554               
         C         44        LEU         0.55314         0.13595          0.4803        0.046016          0.8373          0.4347               
         C         45        LYS          1.7282         0.67532          2.1227         0.64763          3.1873         0.89532               
         C         46        GLY          1.7316         0.22963               0               0          2.0779          1.4332               
         C         47        THR          1.0191         0.17048          0.9015         0.11057          1.3537         0.81874               
         C         48        GLU          1.0998         0.37723           1.356         0.27515          1.7701         0.53239               
         C         49        THR         0.33807        0.089936         0.31136        0.067786         0.51946         0.23749               
         C         50        ARG         0.21184         0.03186         0.21046        0.032902         0.27699         0.16919               
         C         51        GLY           0.233        0.031175               0               0           0.268         0.18458               
         C         52        LYS         0.41173         0.16885         0.53228         0.12945         0.76525         0.18069               
         C         53        LEU           0.137        0.079921        0.065562        0.012488         0.26355        0.052956               
         C         54        CYS         0.57802          0.1218         0.59978        0.067397         0.71481         0.34873               
         C         55        PRO          1.0947          0.1731           1.049         0.14387          1.3084         0.84672               
         C         56        LYS          2.3069         0.72252          2.8338         0.54118          3.6168          1.4835               
         C         57        CYS         0.96539         0.12794         0.81916        0.027563          1.1693          0.7916               
         C         58        LEU          2.0812         0.79914          2.7467         0.61207          3.7383          1.2648               
         C         59        ASN          1.9675         0.93501          2.7427         0.68411          3.4458         0.86586               
         C         60        CYS         0.65152         0.10278         0.58716         0.03496         0.86586          0.5522               
         C         61        THR         0.35868         0.11747         0.39891         0.11141          0.5522         0.20843               
         C         62        ASP         0.13857        0.048477         0.16657         0.01608         0.19242        0.046834               
         C         63        LEU        0.076611         0.04201        0.081781        0.035318         0.13959       0.0087141               
         C         64        ASP         0.19132        0.085924         0.25981        0.072479         0.37974         0.10803               
         C         65        VAL         0.15078        0.051775         0.18938        0.032854         0.23326         0.05915               
         C         66        ALA      6.1622e-05      0.00012324               0               0      0.00030811               0               
         C         67        LEU         0.01209        0.020954               0               0        0.049886               0               
         C         68        GLY          0.1741        0.058886               0               0         0.24176        0.087948               
         C         69        ARG         0.35074         0.12274         0.39694         0.12498         0.58639         0.19242               
         C         70        PRO         0.42406        0.087097         0.40504        0.088887         0.51946         0.29536               
         C         71        LYS          1.0413         0.40601          1.3213          0.3456          1.8355         0.65188               
         C         72        CYS         0.40507        0.040073          0.3935        0.024258         0.47586          0.3538               
         C         73        THR         0.66384         0.16198         0.65895         0.18385         0.90535         0.46387               
         C         74        GLY         0.92556         0.13908               0               0          1.0696         0.76525               
         C         75        LYS          1.9818         0.83905          2.5911         0.63296          3.5584         0.98956               
         C         76        ILE         0.42024         0.17308         0.26572        0.052104         0.73967         0.19242               
         C         77        PRO         0.71711         0.16983         0.82429         0.12637         0.98956         0.42336               
         C         78        SER         0.69938        0.059473         0.75287        0.029854         0.78273         0.61485               
         C         79        ALA         0.53605        0.072752         0.39578               0         0.60764         0.39578               
         C         80        ARG          1.3798         0.69165          1.7778         0.56175          2.7906          0.6595               
         C         81        VAL         0.37395         0.10331           0.386         0.09262         0.52589         0.26355               
         C         82        SER         0.19166        0.025633         0.18895        0.023544         0.22905         0.15791               
         C         83        ILE         0.21262        0.051277         0.21874        0.051425         0.29072           0.136               
         C         84        LEU         0.46709         0.11151         0.53483        0.093749         0.66718         0.29072               
         C         85        HIS         0.52337          0.1607         0.44293         0.10254         0.87558         0.31427               
         C         86        GLU         0.61575        0.087511         0.56811        0.074934         0.74811         0.42901               
         C         87        VAL          1.3338          0.2449          1.5992        0.076535          1.6874         0.98956               
         C         88        ARG           2.247          1.3298          2.9576          1.1777          5.0018         0.90535               
         C         89        PRO         0.51256        0.088021         0.47584        0.078207         0.68276         0.41776               
         C         90        VAL         0.54238         0.20272          0.7513         0.10427         0.89532         0.29072               
         C         91        THR         0.34558         0.13226         0.23177        0.057267         0.58639          0.1542               
         C         92        SER          0.6244          0.1676         0.79133         0.17649         0.96782         0.44044               
         C         93        GLY          0.3115         0.10178               0               0         0.44044         0.18069               
         C         94        CYS          0.2034        0.060874         0.13786       0.0089879         0.30004         0.12887               
         C         95        PHE         0.11848        0.040166         0.12625        0.047078         0.21659        0.074958               
         C         96        PRO          0.2192        0.086518         0.31019        0.029901         0.33374         0.11145               
         C         97        ILE         0.10818         0.10168        0.035922        0.036554         0.30949               0               
         C         98        MET         0.36826         0.10298         0.41828         0.10612         0.59341         0.20037               
         C         99        HIS         0.38366         0.11247         0.32322        0.086846         0.55892         0.21249               
         C        100        ASP          1.2067         0.27745          1.3105         0.17696          1.5722         0.69864               
         C        101        ARG         0.86042         0.11513         0.86917         0.12213          1.1308         0.71481               
         C        102        THR         0.59446         0.14878         0.43145        0.027891         0.77395         0.39578               
         C        103        LYS         0.60091        0.083934         0.60662        0.087548         0.73967         0.50046               
         C        104        ILE         0.18651        0.096334         0.12951         0.07555         0.36924        0.049886               
         C        105        ARG         0.49764         0.15762         0.59812         0.10516         0.80055         0.29072               
         C        106        GLN         0.60464         0.25157         0.81356         0.11508         0.96782         0.28153               
         C        107        LEU          0.1355         0.06339        0.091063        0.039814         0.23749        0.031836               
         C        108        PRO         0.13745        0.022295         0.14134        0.025138         0.17683         0.11145               
         C        109        ASN         0.34382         0.10266          0.4358        0.060926         0.53239         0.22071               
         C        110        LEU         0.34584        0.095316         0.42873        0.061592         0.53239         0.22071               
         C        111        LEU        0.082558        0.035064          0.0526        0.020935         0.13242        0.025957               
         C        112        ARG         0.15214        0.047527         0.15556        0.039547         0.22905        0.074958               
         C        113        GLY         0.44696         0.14008               0               0         0.63687         0.25474               
         C        114        TYR         0.36382        0.056354         0.37139        0.061439         0.44044         0.27699               
         C        115        GLU         0.81334         0.33273          1.0707         0.22285          1.3384         0.46984               
         C        116        HIS         0.79412         0.33685          1.0196         0.24429          1.3692         0.38504               
         C        117        ILE         0.25934          0.1161         0.15253        0.035278         0.44623         0.10126               
         C        118        ARG         0.57908         0.22491         0.72982         0.12379          0.8854         0.24606               
         C        119        LEU         0.39923        0.070038         0.37658        0.053996         0.51307         0.32394               
         C        120        SER          0.6046          0.1818         0.47359        0.033148         0.85624         0.42901               
         C        121        THR          1.5716         0.40767          2.0209        0.099533          2.1589          1.0816               
         C        122        HIS          2.1172         0.94093          2.6778         0.78244          4.0015          0.8096               
         C        123        ASN          0.8666         0.10187         0.89658        0.085107          1.0231         0.69864               
         C        124        VAL         0.36874         0.11419         0.24145        0.037338         0.50046         0.20037               
         C        125        ILE         0.44024          0.1068         0.36002        0.091605         0.58639         0.22905               
         C        126        ASN          1.0784         0.36674          1.4129         0.20377          1.7489         0.67493               
         C        127        ALA         0.51037        0.085515         0.37974               0         0.62946         0.37974               
         C        128        GLU            1.18         0.30574          1.3926         0.23879          1.7489         0.76525               
         C        129        ASN          1.7668          0.6004          2.3119         0.32704           2.831          1.0231               
         C        130        ALA         0.63295         0.13616         0.39039               0         0.75664         0.39039               
         C        131        PRO         0.71207          0.1479         0.83076        0.070441          0.8854         0.44623               
         C        132        GLY         0.58892        0.062952               0               0         0.66718         0.49424               
         C        133        GLY         0.66604         0.10272               0               0          0.7916         0.50674               
         C        134        PRO          1.0037         0.24848          1.2466        0.036403          1.2792         0.60049               
         C        135        TYR         0.39429         0.18104         0.27996        0.069393         0.77395         0.20843               
         C        136        LYS         0.86487          0.2525          1.0601         0.13728          1.2507         0.46984               
         C        137        ILE         0.66349         0.09384         0.60247        0.017798         0.87558         0.57943               
         C        138        GLY         0.49317        0.054283               0               0         0.54554         0.40668               
         C        139        THR         0.84446         0.14989         0.98018         0.13472          1.1693         0.67493               
         C        140        SER           0.595        0.077106         0.50307        0.062628         0.68276         0.44044               
         C        141        GLY         0.81375          0.1394               0               0         0.95712         0.62212               
         C        142        SER         0.55226         0.12892         0.48682        0.052115         0.80055         0.41776               
         C        143        CYS         0.48061         0.16991         0.26706        0.066687         0.66718         0.20037               
         C        144        PRO         0.87457         0.14889         0.87906           0.196          1.1435         0.67493               
         C        145        ASN          1.6335         0.27274          1.7337         0.23947          2.0779          1.1958               
         C        146        ILE          2.9247         0.67281          2.8932         0.58693           3.933          1.9517               
         C        147        THR          3.8273         0.52025          4.3035         0.41351           4.716          3.1873               
         C        148        ASN           2.897         0.42239          3.1714         0.44042          3.8664          2.4962               
         C        149        GLY          1.8962         0.39285               0               0          2.3038          1.3692               
         C        150        ASN          1.4749         0.22309          1.6182         0.10131          1.7489          1.0937               
         C        151        GLY         0.65684         0.12154               0               0         0.82797         0.53239               
         C        152        PHE         0.21994          0.1073         0.15644         0.05756         0.45794        0.091245               
         C        153        PHE        0.065607        0.075352        0.012178        0.016641         0.20843               0               
         C        154        ALA          0.3002        0.061913         0.39578               0         0.39578         0.20037               
         C        155        THR         0.12495        0.042738        0.087393        0.024248         0.20037         0.05915               
         C        156        MET        0.095446        0.067383        0.031921        0.029387         0.16919      0.00030811               
         C        157        ALA         0.15972        0.074943         0.28153               0         0.28153        0.052956               
         C        158        TRP         0.15978        0.043849         0.15523        0.040792         0.25474         0.10803               
         C        159        ALA         0.13829        0.031359         0.11836               0         0.18458         0.10126               
         C        160        VAL         0.29511        0.063015         0.31858        0.038206         0.39039         0.19242               
         C        161        PRO         0.33603         0.15052         0.23931        0.047149         0.62212         0.17683               
         C        162        LYS          1.3444         0.61298          1.7437         0.55075          2.5655         0.62212               
         C        163        ASN          1.7654         0.48187          2.1879         0.31143          2.6746          1.1825               
         C       163A        ASP          2.1403         0.50199          2.6127         0.20911          2.9573          1.4835               
         C       163B        LYS          2.6767         0.68698          2.9645         0.80494           4.219          2.0518               
         C       163C        ASN          1.5155         0.29018           1.479          0.2621          1.9041          1.0816               
         C        164        LYS         0.92656         0.16623         0.85462         0.16145          1.1435         0.68276               
         C        165        THR         0.92809         0.30139          1.2502        0.097657          1.3848         0.49424               
         C        166        ALA         0.92602         0.16268         0.89532               0          1.2367         0.75664               
         C        167        THR         0.76917         0.12103           0.672         0.10875         0.92573         0.51946               
         C        168        ASN          1.8057         0.70244          2.4337         0.42436          3.0462         0.98956               
         C        169        PRO          1.0635         0.11039          1.0611         0.12486          1.2367         0.94655               
         C        170        LEU         0.71038         0.13482         0.69049         0.14179         0.90535         0.50674               
         C        171        THR          1.0539         0.20962          1.2894        0.036523          1.3384         0.78273               
         C        172        ILE         0.56004         0.11453         0.47691         0.10616         0.69066         0.39578               
         C        173        GLU          1.3578         0.72386          1.9064         0.50684          2.5305         0.55892               
         C        174        VAL         0.32856         0.13995         0.17478        0.024554         0.48806         0.15051               
         C        175        PRO         0.67479         0.15917         0.80009         0.12065          0.8854          0.4122               
         C        176        TYR          0.7058         0.15285         0.79719        0.077233         0.91548          0.4122               
         C        177        ILE         0.60507         0.08682         0.58079         0.10471         0.75664         0.48194               
         C        178        CYS         0.61973         0.21923         0.38753        0.058703         0.96782         0.32882               
         C        179        THR          1.3497         0.18577          1.4304        0.080755          1.5907         0.97863               
         C        180        GLU          2.7319         0.93725           3.353         0.83048          4.9035          1.7701               
         C        181        GLY          1.3626         0.30624               0               0          1.7701          1.0006               
         C        182        GLU         0.70265        0.094151         0.69681        0.048355         0.92573         0.57943               
         C        183        ASP         0.42297         0.15218         0.52869         0.13493         0.69066         0.25039               
         C        184        GLN         0.15318        0.046895         0.15503        0.031326         0.25039        0.097899               
         C        185        ILE        0.056452        0.051447        0.091627        0.047207          0.1542               0               
         C        186        THR       0.0090968        0.010755        0.017377        0.010798        0.031836               0               
         C        187        VAL       0.0054531        0.009674        0.011692        0.012159        0.028888               0               
         C        188        TRP        0.029112        0.039183        0.040757        0.040924         0.11836               0               
         C        189        GLY      0.00077362         0.00134               0               0       0.0030945               0               
         C        190        PHE        0.048289         0.05688        0.074234        0.056735          0.1542               0               
         C        191        HIS        0.049749        0.047286          0.0824        0.032562         0.12184               0               
         C        192        SER         0.11834         0.06678         0.17865        0.046221         0.22487        0.014397               
         C        193        ASP         0.37916        0.079193         0.38163        0.028327         0.48806         0.22487               
         C        194        ASN          1.0166         0.29569          1.2714         0.19946          1.5722          0.6595               
         C        195        GLU          1.6245         0.65033          2.0751         0.54657          2.6746         0.93608               
         C        196        THR          1.8197         0.44019          2.2774         0.28415          2.6746          1.3848               
         C        197        GLN         0.99163         0.18793          1.0161         0.14839          1.2792         0.70669               
         C        198        MET         0.42586         0.17074         0.29475         0.13775         0.66718         0.12535               
         C        199        ALA         0.91556         0.15871          1.2093               0          1.2093         0.74811               
         C        200        LYS          1.4229         0.56861          1.8458         0.41641          2.3973         0.80055               
         C        201        LEU         0.41164        0.097186         0.36301        0.062127         0.62212         0.28153               
         C        202        TYR         0.15852         0.13748        0.071126        0.038347         0.47586        0.025957               
         C        203        GLY         0.69947         0.16782               0               0         0.93608         0.46387               
         C        204        ASP         0.67475         0.11574         0.71295         0.13532         0.92573          0.5522               
         C        205        SER         0.96615         0.21275          1.2539         0.08452          1.3384         0.74811               
         C        206        LYS          1.1551         0.38972          1.4517         0.22933          1.7489         0.52589               
         C        207        PRO         0.82354         0.21946          1.0459         0.12222          1.1564         0.54554               
         C        208        GLN         0.31385        0.075224         0.26073        0.057249         0.41776         0.20037               
         C        209        LYS         0.90605         0.55921            1.29         0.47921          2.0518         0.38504               
         C        210        PHE         0.21562         0.14959         0.11294          0.0661         0.48194        0.020144               
         C        211        THR         0.52177         0.21581         0.76008        0.076594         0.81874         0.30004               
         C        212        SER         0.38988         0.14271         0.26822        0.055721          0.6595         0.21249               
         C        213        SER         0.71138         0.20346         0.97495         0.11871          1.0937         0.50046               
         C        214        ALA          0.6745         0.15996         0.46387               0         0.91548         0.46387               
         C        215        ASN          1.3761         0.34298          1.1735          0.1503          1.9041         0.94655               
         C        216        GLY          2.3295         0.18847               0               0          2.6011          2.1044               
         C        217        VAL          1.4672         0.29037          1.5405         0.20951          1.8355         0.93608               
         C        218        THR          1.6773          0.3214          1.9944         0.24055          2.3344          1.3384               
         C        219        THR         0.81943         0.15889         0.73602         0.17649          1.0118         0.50674               
         C        220        HIS          1.2475         0.31996          1.4737         0.19754          1.7489          0.8096               
         C        221        TYR         0.49018         0.12397           0.419        0.082576         0.70669         0.33374               
         C        222        VAL         0.90689         0.31873          1.2311         0.22851           1.554         0.62212               
         C        223        SER         0.44768         0.13861         0.29113        0.023139         0.68276           0.268               
         C        224        GLN         0.83363         0.33704          1.0928         0.21417          1.3692         0.39578               
         C        225        ILE         0.70224         0.14754         0.67065         0.19261         0.90535         0.41776               
         C        226        GLY             1.2         0.15454               0               0          1.3537          1.0231               
         C        227        GLY          1.6678         0.11933               0               0           1.858           1.536               
         C        228        PHE         0.83452         0.36838         0.57069         0.11712          1.4665         0.39039               
         C        229        PRO          1.1959         0.11112           1.187        0.016614          1.3692         0.96782               
         C        230        ASN          2.1449         0.96001          2.9641         0.66589           3.933          1.0696               
         C        231        GLN         0.90797        0.086271         0.86888         0.04572          1.0816         0.82797               
         C        232        THR         0.87073         0.22893          1.0789         0.14038          1.2648         0.50674               
         C        233        GLU         0.72386         0.16084         0.78094         0.13732         0.97863          0.4347               
         C        234        ASP         0.64395         0.10207         0.67903         0.11591         0.84672         0.51946               
         C        235        GLY         0.82814         0.24453               0               0          1.1564         0.55892               
         C        236        GLY          1.5095         0.27001               0               0           1.858          1.1059               
         C        237        LEU          1.5386         0.21882          1.6801         0.14052          1.8134          1.0816               
         C        238        PRO          1.8298         0.42446          2.2816         0.16213          2.4962          1.2229               
         C        239        GLN         0.68832         0.11394         0.61556         0.05908         0.94655         0.53894               
         C        240        SER         0.69119         0.09998         0.81509        0.041148         0.85624          0.5657               
         C        241        GLY         0.30807        0.077372               0               0         0.42336         0.21249               
         C        242        ARG         0.36333         0.22351         0.48986         0.17984          0.7916        0.081414               
         C        243        ILE        0.013271        0.021989               0               0        0.068578               0               
         C        244        VAL        0.099926        0.069898         0.17209        0.020484         0.18848               0               
         C        245        VAL        0.053835         0.06402               0               0         0.18848               0               
         C        246        ASP         0.15905        0.099933         0.24539        0.056635         0.32882        0.011548               
         C        247        TYR         0.27276         0.16061         0.34047         0.15193         0.62946        0.074958               
         C        248        MET         0.14108        0.057712         0.15819        0.068443         0.25913        0.068578               
         C        249        VAL          0.3214        0.068848         0.36936        0.012755         0.39578         0.20843               
         C        250        GLN         0.31438         0.10171         0.24576        0.041996         0.49424         0.18458               
         C        251        LYS          1.1315          0.3802          1.4423         0.19541          1.7489          0.6595               
         C        252        SER          1.2877         0.20521          1.3949        0.071608          1.6095          1.0345               
         C        253        GLY          1.1703        0.094734               0               0          1.2937          1.0345               
         C        254        LYS          1.5867         0.89924          2.1535         0.84553          3.3916         0.65188               
         C        255        THR         0.91834         0.19346          1.0841         0.14965          1.2792         0.66718               
         C        256        GLY         0.47198        0.057004               0               0          0.5657         0.42336               
         C        257        THR         0.55563         0.24798         0.82638        0.090572         0.92573         0.27248               
         C        258        ILE         0.17921         0.12601        0.059995         0.02989         0.36406        0.017262               
         C        259        THR          0.4207         0.17224         0.59782          0.1063         0.74811         0.22487               
         C        260        TYR           0.216        0.075025         0.17987        0.055775         0.36924         0.10463               
         C        261        GLN          0.3194          0.2351         0.50015          0.1503         0.69066               0               
         C        262        ARG         0.15591         0.13848         0.23068         0.11974         0.45794               0               
         C        263        GLY       0.0021785       0.0037733               0               0       0.0087141               0               
         C        264        ILE               0               0               0               0               0               0               
         C        265        LEU        0.021993        0.023236        0.041808        0.016743         0.05915               0               
         C        266        LEU         0.02973        0.031347        0.041073        0.033459        0.097899               0               
         C        267        PRO        0.045559        0.044127        0.018316        0.009838         0.14321       0.0087141               
         C        268        GLN         0.32643        0.092264         0.37092        0.082782         0.51946         0.18069               
         C        269        LYS          0.5433         0.40781         0.79091         0.39609          1.5008         0.11836               
         C        270        VAL         0.11155         0.04886        0.082724        0.015711         0.21249        0.068578               
         C        271        TRP        0.056463        0.033941        0.049651        0.032381         0.10803       0.0087141               
         C        272        CYS         0.25864        0.061527         0.31455        0.019191         0.33374           0.136               
         C        273        ALA         0.30451        0.076442         0.20037               0         0.39578         0.20037               
         C        274        SER         0.65958         0.13717         0.82364        0.023084         0.84672         0.44623               
         C        275        GLY         0.94696        0.076832               0               0          1.0231         0.85624               
         C        276        ARG          1.7475         0.93983          2.1783         0.93605          3.6768         0.92573               
         C        277        SER         0.54902         0.10884         0.41065        0.041409         0.69864         0.36924               
         C        278        LYS           1.038         0.58789          1.4392         0.50282          1.9761         0.42336               
         C        279        VAL         0.46607         0.09749          0.3842        0.060694         0.64434         0.30475               
         C        280        ILE         0.38053        0.033136         0.38057         0.03411         0.42901         0.33374               
         C        281        LYS         0.86985         0.33599          1.1381         0.20169          1.3384         0.50674               
         C        282        GLY         0.49707        0.065653               0               0         0.59341         0.42336               
         C        283        SER         0.81641         0.12956         0.94131       0.0052326         0.94655         0.57254               
         C        284        LEU            1.04         0.33817         0.80933         0.11207          1.7076         0.71481               
         C        285        PRO          1.7505         0.44031          2.2017         0.21387          2.3973          1.2093               
         C        286        LEU         0.81778         0.37474         0.48031         0.11792          1.4332          0.3538               
         C        287        ILE          1.8368         0.49772          2.2932         0.24723          2.5655          1.2367               
         C        288        GLY          1.4224          0.2447               0               0          1.6874          1.0696               
         C        289        GLU          1.5205         0.37266          1.7975         0.25089          2.1044         0.98956               
         C        290        ALA         0.69933         0.09436         0.53239               0         0.80055         0.53239               
         C        291        ASP          1.0432         0.28486          1.2987         0.16324          1.4497         0.71481               
         C        292        CYS         0.33779        0.088719         0.32173        0.016976         0.49424         0.24176               
         C        293        LEU         0.16366        0.035516         0.13916        0.023196         0.22487         0.11836               
         C        294        HIS         0.31113        0.081568         0.35046        0.075931         0.46984         0.18848               
         C        295        GLU         0.75895         0.23139         0.92321         0.17322          1.1564         0.41776               
         C        296        LYS          1.0827         0.40969          1.3497         0.37079          1.7701         0.65188               
         C        297        TYR         0.62408         0.12028          0.6702         0.12034         0.85624         0.46387               
         C        298        GLY         0.30092        0.065342               0               0         0.40121         0.22071               
         C        299        GLY         0.38665        0.048166               0               0         0.46984          0.3538               
         C        300        LEU         0.34167        0.090162         0.26548        0.049693         0.49424         0.20037               
         C        301        ASN         0.89932         0.25671          1.1131         0.17135          1.3848         0.53239               
         C        302        LYS          1.2717          0.3257           1.344         0.33054          1.9517          0.8854               
         C        303        SER          1.3102         0.12509          1.3161         0.13362          1.4835          1.1435               
         C        304        LYS          1.1678         0.31897          1.3274         0.34752          1.7916         0.85624               
         C        305        PRO          1.0728         0.13143          1.2144        0.036098          1.2648         0.89532               
         C        306        TYR         0.95476         0.33128          1.1092         0.30018          1.7281         0.57254               
         C        307        TYR         0.42375         0.10473         0.35331        0.032911         0.60764         0.31427               
         C        308        THR         0.76732         0.10013          0.8693        0.019989         0.89532         0.60049               
         C        309        GLY         0.92972        0.052518               0               0          1.0118         0.86586               
         C        310        GLU          1.3566         0.44042          1.6848         0.30155          2.1868         0.74811               
         C        311        HIS          1.2077         0.19195          1.2676         0.18508          1.5722         0.98956               
         C        312        ALA         0.95485         0.11074          1.1308               0          1.1308         0.80055               
         C        313        LYS          1.3525         0.67485          1.8069         0.56954          2.6011          0.5657               
         C        314        ALA         0.55016        0.095934         0.41776               0         0.66718         0.41776               
         C        315        ILE         0.41063        0.083272         0.43427         0.10913         0.59341         0.31909               
         C        316        GLY         0.80652         0.15183               0               0          1.0006         0.62946               
         C        317        ASN          1.2118         0.28667          1.4655         0.13521          1.6479         0.77395               
         C        318        CYS         0.71463          0.1678         0.54074        0.052675         0.97863         0.48806               
         C        319        PRO         0.46511        0.054749         0.41137        0.038125         0.53239         0.37447               
         C        320        ILE         0.97741         0.46355          1.3576         0.37448          1.9761         0.57943               
         C        321        TRP          1.1025         0.38348          1.2144         0.38986          1.8134         0.65188               
         C        322        VAL          1.0138        0.064146         0.99751        0.034629          1.1308         0.91548               
         C        323        LYS          2.6987          1.3577          3.6066          1.2052          5.6687          1.3848               
         C        324        THR          1.4582         0.37752          1.7493         0.35254          2.2442         0.95712               
         C        325        PRO          1.0299          0.1667           1.159         0.15201          1.2937          0.8373               
         C        326        LEU         0.82996         0.07694         0.88114        0.076169         0.96782         0.74811               
         C        327        LYS          0.8034        0.073125         0.83837        0.074651         0.96782         0.71481               
         C        328        LEU          1.3149          0.3318          1.5974         0.23089          1.9277         0.90535               
         C        329        ALA          1.1615         0.21713         0.91548               0           1.536         0.91548               
         C        330        ASN          1.9281         0.54871          2.3936         0.39772          2.7906          1.2937               
         C        331        GLY          1.4399        0.080634               0               0          1.5722          1.3537               
         C        332        THR           1.467         0.29142          1.7573         0.21052          2.0518          1.1693               
         C        333        LYS          1.5642         0.37635          1.7831         0.36362          2.3344          1.1564               
         C        334        TYR           1.956         0.42847          2.1066         0.40957          2.9142          1.2507               
         C        335        ARG          2.6426         0.42532          2.7706         0.42849          3.3916          1.9761               
         C        336        PRO          3.4343         0.34442          3.4071         0.25633          3.8664          2.9142               
         C        337        PRO           5.138         0.78092          4.7081         0.34817          6.5023           4.219               
         C        338        ALA          10.081          3.0741               0               0          14.657          6.6619               
