pdb_id: 
analysis type: unbound
radii_file: F:\psiafrombintisolah\PSAIA-1.0\amac_data\chothia.radii
CX_sRadius: 12
CX_vAtom: 20.1

  chain id|    res id|  res name|     average CX|       s_avg CX|    s-ch avg CX|  s-ch s_avg CX|         max CX|         min CX|               
         R          3        PRO          2.5895         0.48019          2.9492         0.36418          3.3387          1.9761               
         R          4        PRO          1.4787          0.3049            1.69         0.20325          1.9041          1.0118               
         R          5        GLY         0.99539         0.15265               0               0          1.2229         0.84672               
         R          6        LYS          1.0343         0.21708           1.217        0.072471          1.3384         0.72302               
         R          7        PRO         0.56836         0.11009         0.46889         0.03939         0.76525         0.42336               
         R          8        GLU         0.97826         0.43324          1.3039         0.31428          1.6874         0.53894               
         R          9        ILE         0.35985         0.17469          0.2099        0.064444          0.6595         0.11836               
         R         10        PHE          1.0955         0.26058          1.2345         0.18619          1.5183         0.62946               
         R         11        LYS         0.85767         0.32605          1.1302         0.20418          1.4665         0.39578               
         R         12        CYS         0.36806         0.11066         0.23245        0.040028         0.52589         0.19242               
         R         13        ARG         0.68194         0.32038         0.87585         0.24037          1.2093         0.32882               
         R         14        SER          0.2766        0.037897         0.23331       0.0084474         0.32882         0.22487               
         R         15        PRO         0.45786        0.099444         0.54916        0.073702         0.61485         0.31427               
         R         16        ASN         0.47531         0.17947         0.63723        0.099626          0.7916         0.27248               
         R         17        LYS         0.31584         0.09181         0.34799         0.09197         0.47586         0.20037               
         R         18        GLU         0.93992         0.36023          1.1884         0.27941          1.5183          0.4347               
         R         19        THR         0.54176          0.1729         0.69676         0.12388         0.86586         0.33374               
         R         20        PHE         0.12184        0.080611        0.072128        0.048992         0.27699               0               
         R         21        THR         0.24842         0.10563          0.3588        0.066087         0.42336         0.13959               
         R         22        CYS         0.13511        0.055708        0.076683        0.011266         0.22071        0.065417               
         R         23        TRP         0.56288          0.1511         0.64965        0.071321         0.78273         0.28611               
         R         24        TRP         0.31862         0.16023         0.23519        0.061737         0.71481         0.11489               
         R         25        ARG          1.4129         0.61886          1.8283         0.34935          2.2442         0.59341               
         R         26        PRO         0.82716         0.12512         0.82027         0.11551          1.0461          0.6595               
         R         27        GLY          1.0662         0.24395               0               0          1.4007         0.74811               
         R         28        THR          1.4605         0.22982          1.6772        0.090802          1.7701          1.0345               
         R         29        ASP          1.6594         0.17766          1.5933         0.13907          1.9761          1.4332               
         R         30        GLY          2.4842         0.20852               0               0          2.6746          2.1314               
         R         31        GLY          2.2241         0.16793               0               0          2.4296          2.0009               
         R         34        THR          1.1644         0.19493          1.0902         0.18493          1.5183         0.85624               
         R         35        ASN          1.4017         0.63541          1.9337         0.47022          2.6746         0.67493               
         R         36        TYR         0.56515         0.10695         0.53313        0.099192          0.7313         0.38504               
         R         37        SER         0.49704         0.17524         0.72306       0.0082443          0.7313         0.27248               
         R         38        LEU         0.19229         0.12862        0.076972        0.035891         0.39578        0.023042               
         R         39        THR          0.4184         0.16362         0.59665        0.072926         0.69864         0.23749               
         R         40        TYR         0.29904         0.10949         0.25244        0.073592         0.54554         0.14321               
         R         41        HIS         0.72257         0.15488         0.83424        0.076586         0.95712         0.46387               
         R         42        ARG         0.89772         0.26011         0.95297         0.28812          1.4007         0.55892               
         R         43        GLU          1.3531         0.29556          1.5049         0.21027          1.8134         0.80055               
         R         44        GLY           1.808         0.27136               0               0          2.1589          1.4007               
         R         45        GLU           1.722         0.20878          1.7024         0.13353          2.0518          1.3384               
         R         46        THR          2.1211         0.30388          2.1506          0.3527          2.6375          1.7701               
         R         47        LEU          2.2594         0.35285          2.5447         0.27263          2.7512          1.8355               
         R         48        MET           1.363         0.19466          1.4125         0.22423          1.7701          1.1435               
         R         49        HIS         0.89839         0.19175         0.97594         0.18583          1.2367         0.57943               
         R         50        GLU         0.99213          0.2838          1.1761           0.247          1.6479         0.63687               
         R         51        CYS         0.48415          0.1498         0.33128       0.0024608         0.75664         0.32882               
         R         52        PRO         0.70659         0.20371         0.56673         0.11015          1.1183         0.42901               
         R         53        ASP         0.81713         0.18278         0.97099         0.12789          1.1059         0.59341               
         R         54        TYR          0.7637         0.16486         0.68389         0.12883          1.0345         0.46984               
         R         55        ILE          2.2517         0.68484          2.8762         0.30693           3.287          1.1958               
         R         56        THR          1.5248         0.17043          1.4497         0.16054          1.8355          1.2229               
         R         57        GLY          1.0674         0.11391               0               0          1.1693         0.87558               
         R         58        GLY          1.4914         0.26365               0               0          1.8355          1.0937               
         R         59        PRO          1.5542         0.48347          2.0293         0.18902          2.2737         0.89532               
         R         60        ASN         0.62462         0.15748          0.7215         0.11028         0.90535         0.39578               
         R         61        SER         0.44756         0.12272         0.60252        0.056978          0.6595         0.30949               
         R         62        CYS         0.18311        0.036192         0.14952        0.031167         0.22487         0.11836               
         R         63        HIS         0.50318         0.14121          0.6024        0.083342         0.71481         0.30004               
         R         64        PHE         0.20136         0.16037        0.090639        0.054222         0.48194        0.020144               
         R         65        GLY         0.85158        0.093679               0               0         0.96782         0.70669               
         R         66        LYS          1.8721         0.63682          2.3092         0.54372          3.0922          1.2229               
         R         67        GLN          2.3214         0.79184          2.9095         0.55695          3.5014          1.3848               
         R         68        TYR          1.0146         0.39902          1.1801         0.35681          1.9277         0.40668               
         R         69        THR         0.54973          0.1645         0.40418        0.040153         0.86586          0.3538               
         R         70        SER         0.63268         0.15769         0.80942         0.12666         0.93608         0.45206               
         R         71        MET         0.78622         0.16418         0.78405          0.1036          1.0937         0.58639               
         R         72        TRP          1.5676         0.50125          1.7431         0.47718          2.6746         0.81874               
         R         73        ARG          1.1249         0.51081          1.3961         0.44028          2.1868         0.41776               
         R         74        THR         0.64735         0.12611           0.766         0.08089         0.87558         0.48194               
         R         75        TYR         0.19324        0.078717         0.15389        0.059535         0.34873        0.087948               
         R         76        ILE         0.53299          0.1755         0.69254         0.10145         0.85624          0.3538               
         R         77        MET         0.16279         0.10961        0.062023        0.048007         0.31909               0               
         R         78        MET         0.41093         0.18751         0.58162         0.10617         0.71481         0.21249               
         R         79        VAL         0.23199        0.082686         0.16382        0.032504         0.39039         0.11836               
         R         80        ASN         0.50743        0.074707         0.57273         0.01751         0.59341         0.35891               
         R         81        ALA         0.58846        0.089059         0.50674               0         0.72302         0.50674               
         R         82        THR          1.1435         0.23515          1.3591          0.1135          1.5008         0.72302               
         R         83        ASN          1.4691          0.2189          1.4648         0.16682          1.7489          1.1435               
         R         84        GLN          2.7749         0.55053          3.1238         0.44689          3.7383          1.9041               
         R         85        MET          2.6173         0.30618          2.8817         0.19238          3.0922          2.2737               
         R         86        GLY          1.7592         0.38162               0               0          2.2737          1.3537               
         R         87        SER          1.2036         0.16544          1.2538         0.19598          1.4497          1.0006               
         R         88        SER         0.86189         0.12423         0.93324        0.067378          1.0006         0.62212               
         R         89        PHE          1.1423         0.38877          1.3491         0.34327          1.8809         0.69864               
         R         90        SER         0.66973         0.17598         0.44737        0.040689         0.89532         0.40668               
         R         91        ASP           1.371         0.55781          1.8722         0.30999          2.1868         0.62212               
         R         92        GLU         0.98269         0.14853          1.0254         0.17355          1.3537          0.8373               
         R         93        LEU         0.56275         0.12447         0.52967         0.14942          0.7313         0.30949               
         R         94        TYR          1.1174         0.38082           1.355         0.21646          1.7076          0.5657               
         R         95        VAL         0.25897        0.079233          0.1809        0.015809         0.40668         0.16165               
         R         96        ASP         0.47741         0.16837         0.60778         0.14687         0.84672         0.31427               
         R         97        VAL          0.2419         0.03092         0.24484        0.045841         0.30949         0.20843               
         R         98        THR          0.4166         0.10694         0.52538        0.076852         0.62946         0.32394               
         R         99        TYR         0.92947         0.38189          1.1342         0.30017          1.7281         0.42901               
         R        100        ILE         0.30116        0.065629         0.26478        0.076668         0.37974           0.173               
         R        101        VAL         0.22088        0.048895         0.17311        0.011199         0.30004         0.15791               
         R        102        GLN         0.48663         0.20517         0.62728         0.16879         0.84672           0.268               
         R        103        PRO         0.28994        0.064526         0.23085        0.022386         0.40121         0.20438               
         R        104        ASP         0.70296         0.24343         0.91099         0.12413          1.0816         0.30949               
         R        105        PRO         0.51481          0.1243         0.61777         0.10927         0.70669         0.36924               
         R        106        PRO         0.24611         0.10684         0.13462         0.03356         0.38504        0.087948               
         R        107        LEU         0.98024         0.33357          1.2797         0.18276          1.4665         0.53894               
         R        108        GLU          1.7933         0.93812           2.468         0.73925          3.6768          0.7916               
         R        109        LEU         0.38764         0.19398         0.21327        0.067776         0.67493         0.11489               
         R        110        ALA         0.60757         0.17425         0.89532               0         0.89532         0.37447               
         R        111        VAL          0.4381         0.16633         0.27428        0.047767          0.7313         0.21249               
         R        112        GLU          1.0895          0.5248          1.4976         0.34159          1.9277         0.48194               
         R        113        VAL         0.56437         0.14034         0.44519        0.063627         0.82797         0.36406               
         R        114        LYS         0.98633         0.51114          1.3015         0.49363          2.1044         0.50674               
         R        115        GLN         0.91847         0.16166         0.90542         0.10605          1.2507         0.72302               
         R        116        PRO          1.2293         0.21047          1.0794         0.14344           1.536         0.91548               
         R        117        GLU           2.851         0.94029          3.5665         0.65438          4.3748          1.7916               
         R        118        ASP          2.8546         0.59164          3.3724         0.39462          4.0015          2.1868               
         R        119        ARG          2.1587          0.6583          2.5098          0.5683          3.5584          1.3692               
         R        120        LYS          1.3743         0.47353          1.6725           0.423          2.2153          0.8373               
         R        121        PRO         0.58464        0.071372         0.60543         0.06406         0.68276         0.46984               
         R        122        TYR         0.59403         0.20601         0.70485         0.16261          1.0231         0.34873               
         R        123        LEU         0.21944        0.097594         0.13303         0.05214         0.33374        0.068578               
         R        124        TRP         0.82555         0.29762         0.99004         0.16772          1.1958         0.32882               
         R        125        ILE         0.20231         0.11451        0.093748        0.030061          0.3538          0.0438               
         R        126        LYS         0.81048         0.43771          1.1237         0.35041          1.6095         0.35891               
         R        127        TRP          0.2838         0.17338         0.17989        0.036612         0.67493         0.11836               
         R        128        SER         0.80103         0.26368          1.1633        0.032482          1.1958         0.53239               
         R        129        PRO         0.67128         0.11209          0.7147        0.094138         0.82797         0.52589               
         R        130        PRO         0.48724         0.18478         0.32442        0.053224          0.7916           0.268               
         R        131        THR          1.5025         0.44924          1.9935        0.050919          2.0518         0.91548               
         R        132        LEU         0.93855          0.2445         0.99921         0.22765          1.3848         0.58639               
         R        133        ILE         0.72498         0.31032         0.47914          0.1413          1.3384         0.28611               
         R        136        LYS          1.8021         0.44239          1.5722               0          2.6011          1.3848               
         R        137        THR          2.7731         0.60468          2.6696         0.27497           3.933           1.858               
         R        138        GLY          2.1571         0.29995               0               0          2.6746          1.9517               
         R        139        TRP          1.6688         0.34307          1.5828         0.36788          2.1044          1.0345               
         R        140        PHE         0.66741         0.33727         0.44509         0.15266          1.3233           0.268               
         R        141        THR         0.93657         0.32679          1.2816         0.13087          1.4665         0.52589               
         R        142        LEU         0.29363         0.12761         0.18024        0.024748         0.49424          0.1542               
         R        143        LEU         0.51798         0.26082         0.74212         0.17362          1.0006         0.18458               
         R        144        TYR         0.20514        0.070208         0.19274        0.075866         0.31427         0.10126               
         R        145        GLU           0.345         0.21013         0.50796         0.13483         0.67493        0.078176               
         R        146        ILE         0.11618        0.093461        0.049196        0.029659         0.31427        0.014397               
         R        147        ARG         0.42363         0.24921         0.57623         0.17873          0.8096        0.097899               
         R        148        LEU         0.18773        0.091613            0.13         0.03623         0.37974         0.10463               
         R        149        LYS         0.67593         0.33033          0.9109          0.2636          1.2937         0.29536               
         R        150        PRO         0.67784         0.11066         0.72724        0.086576         0.84672         0.49424               
         R        151        GLU          1.3023         0.38891          1.5394         0.30723          2.0009         0.66718               
         R        152        LYS          2.4432         0.87928          2.9707         0.82115          4.1444          1.2367               
         R        153        ALA          1.7356         0.24747          1.3084               0          2.0261          1.3084               
         R        154        ALA          2.6244         0.29407          3.0922               0          3.0922          2.2442               
         R        155        GLU          2.8863          1.1943          3.7256         0.91912          5.2088          1.3233               
         R        156        TRP         0.87651         0.24285         0.79401         0.22355          1.3084         0.45794               
         R        157        GLU         0.69968          0.1276         0.74301         0.10851         0.90535         0.45206               
         R        158        ILE         0.87556         0.13618         0.98041        0.095459          1.1308         0.68276               
         R        159        HIS         0.68042         0.17554          0.7504         0.18539          1.0118         0.44623               
         R        160        PHE         0.97922          0.2319          1.1082         0.18797          1.4007         0.69066               
         R        161        ALA         0.60544         0.11967          0.4122               0         0.74811          0.4122               
         R        162        GLY         0.85024         0.13842               0               0          1.0345         0.64434               
         R        163        GLN           1.323         0.51784          1.6594         0.47406          2.3973         0.85624               
         R        164        GLN          1.2189         0.52758          1.5924         0.40228          2.2737         0.50674               
         R        165        THR         0.63231          0.1351         0.71102         0.16259         0.92573         0.50674               
         R        166        GLU         0.92523         0.43727          1.2368         0.35443          1.7701         0.51946               
         R        167        PHE         0.43466        0.091833         0.45087         0.10843         0.62212         0.32394               
         R        168        LYS         0.73347         0.29098         0.92653         0.25951          1.3537         0.44044               
         R        169        ILE         0.34402         0.11047         0.24985        0.075969         0.47586         0.12535               
         R        170        LEU         0.98438         0.24569          1.0984         0.26923           1.536         0.68276               
         R        171        SER          1.0143         0.39434          1.4998         0.24912          1.7489         0.53239               
         R        172        LEU         0.51964         0.20402         0.33447        0.086241          0.8373         0.20843               
         R        173        HIS          1.1113         0.30998          1.2821         0.29282          1.6479         0.76525               
         R        174        PRO          1.1485         0.18158          1.1233         0.10191           1.536         0.97863               
         R        175        GLY          1.3647        0.089757               0               0          1.5008          1.2507               
         R        176        GLN          1.1341         0.27371          1.3044         0.23204          1.7076         0.69864               
         R        177        LYS          1.2398         0.55151           1.608         0.48403          2.3344         0.68276               
         R        178        TYR          0.3427        0.095804         0.31466        0.096516         0.48806         0.18069               
         R        179        LEU         0.46011         0.18014         0.61438         0.10635         0.78273         0.20438               
         R        180        VAL         0.13626        0.085943        0.051146        0.015738         0.26355        0.028888               
         R        181        GLN         0.36558         0.27501         0.57161         0.19574         0.85624        0.056044               
         R        182        VAL         0.04342        0.044898        0.022859        0.032328         0.13242               0               
         R        183        ARG         0.33536         0.24808         0.48329         0.18999         0.76525        0.031836               
         R        184        CYS         0.11459        0.030792        0.081414               0         0.16541        0.081414               
         R        185        LYS         0.43639         0.28769         0.64085         0.23411         0.97863         0.16919               
         R        186        PRO          0.2637         0.10581         0.17892        0.030527         0.46387           0.136               
         R        187        ASP         0.77769         0.17329         0.83274          0.1643          1.0937         0.48806               
         R        188        HIS          1.2081         0.46751          1.5067         0.37014          2.1044         0.69864               
         R        189        GLY         0.59242        0.063922               0               0         0.69066         0.51307               
         R        190        TYR         0.63208         0.17143         0.72398         0.11964         0.90535         0.30004               
         R        191        TRP         0.54258         0.12678          0.5544         0.14521          0.8096          0.3437               
         R        192        SER         0.38167         0.11875         0.26165        0.019886         0.57254         0.24176               
         R        193        ALA         0.76238         0.24687          1.1693               0          1.1693         0.45794               
         R        194        TRP         0.56607         0.16067         0.52505         0.15944         0.78273         0.26355               
         R        195        SER         0.47474         0.13914         0.32187        0.021829         0.66718         0.30004               
         R        196        PRO           1.056         0.29755          1.3011          0.2585          1.5008         0.66718               
         R        197        ALA         0.82376         0.15188         0.85624               0          1.0696         0.64434               
         R        198        THR         0.57966        0.070022         0.61218        0.058747         0.68276         0.44623               
         R        199        PHE          1.1134         0.22064          1.2584         0.13252          1.4665         0.80055               
         R        200        ILE          0.5221         0.11006         0.42955        0.067683         0.66718         0.31427               
         R        201        GLN          1.0388          0.2778          1.2734         0.11284          1.4332         0.68276               
         R        202        ILE         0.53129         0.19953         0.37387        0.099516         0.87558         0.24606               
         R        203        PRO         0.96765         0.17002          0.8973         0.20833          1.1825         0.69066               
         R        204        SER          2.0388         0.41022          2.5781         0.21256          2.7906          1.5907               
         R        205        ASP          1.8785         0.41032          2.2218         0.26405          2.6375          1.3084               
         R        206        PHE          0.5478         0.20183         0.41588         0.09356         0.96782         0.29072               
         R        207        THR          1.0451         0.18317          1.0141         0.11103          1.4007         0.85624               
         R        208        MET          1.6859         0.24565          1.7975         0.18319          2.1044          1.2093               
         R        209        ASN          1.6562         0.19112          1.6494         0.21273          2.0009          1.4332               
         R        210        ASP          2.0103         0.35222          2.3112         0.21929          2.5655           1.554               
         R        211        THR          2.3685         0.34959          2.4962               0          2.7906          1.7489               
