pdb_id: 
analysis type: unbound
radii_file: F:\psiafrombintisolah\PSAIA-1.0\amac_data\chothia.radii
CX_sRadius: 12
CX_vAtom: 20.1

  chain id|    res id|  res name|     average CX|       s_avg CX|    s-ch avg CX|  s-ch s_avg CX|         max CX|         min CX|               
         E          2        GLU          3.9216         0.74246          4.3172         0.52166          4.9035          2.6375               
         E          3        GLU          2.1699         0.28706          2.2469         0.16624          2.6375          1.7281               
         E          4        LEU         0.81464         0.28283         0.57345         0.12492          1.3384          0.4347               
         E          5        GLN          1.3401         0.63327          1.8156         0.44605          2.2442         0.57254               
         E          6        MET         0.41194         0.18078         0.25749        0.094064         0.68276         0.12887               
         E          7        ILE         0.80288         0.25877          1.0397         0.12625          1.1693         0.45206               
         E          8        GLN          0.4555         0.23073         0.27365        0.071645         0.89532         0.19242               
         E          9        PRO          1.2072         0.30388          1.0903         0.24546          1.7281         0.80055               
         E         10        GLU         0.98809         0.15377          1.0482         0.15251          1.2507         0.72302               
         E         11        LYS          1.8126         0.64797           2.332         0.38445           2.831          1.1059               
         E         12        LEU          1.1693         0.17186          1.2843         0.16634          1.5008         0.97863               
         E         13        LEU         0.52204         0.12817         0.42241        0.067101         0.77395         0.31909               
         E         14        LEU         0.56988        0.080249         0.63226        0.039582         0.69066         0.44044               
         E         15        VAL         0.42041        0.038825          0.3963        0.027239         0.48194         0.37447               
         E         16        THR         0.72684        0.091487         0.74339        0.040419          0.8373         0.55892               
         E         17        VAL          1.3096         0.23338          1.4363         0.18756          1.6874         0.90535               
         E         18        GLY          1.5389         0.17403               0               0          1.7916          1.3084               
         E         19        LYS          1.3254         0.48245          1.6043         0.47959          2.3344          0.7916               
         E         20        THR         0.87083         0.21454          1.0625        0.099423          1.1958         0.55892               
         E         21        ALA         0.34961        0.081497         0.22487               0         0.48194         0.22487               
         E         22        THR         0.51365         0.16721         0.69419        0.078184         0.80055         0.31909               
         E         23        LEU          0.1154        0.069764        0.056072        0.042017         0.22487               0               
         E         24        HIS         0.60547         0.28154         0.81288          0.1563          1.0578         0.28153               
         E         25        CYS         0.23449        0.069384         0.13988        0.018036         0.30475         0.12184               
         E         26        THR         0.59544         0.19789         0.81699        0.048573         0.87558         0.34873               
         E         27        VAL         0.46994         0.18406         0.32196        0.061813         0.82797         0.25039               
         E         28        THR          1.1333         0.21154          1.2559         0.03504          1.3537         0.68276               
         E         29        SER          0.9867         0.25927          1.2997         0.11718          1.4169         0.62212               
         E         30        LEU          1.0752         0.21476          1.2343         0.20134          1.5183         0.86586               
         E         31        LEU          1.5669          0.6039          2.1044         0.38781          2.5305         0.98956               
         E         32        PRO          0.9271         0.13518         0.96369        0.077695          1.0696         0.65188               
         E         33        VAL           1.261          0.3083          1.6021         0.11558          1.7489         0.93608               
         E         34        GLY         0.56212         0.18102               0               0         0.75664         0.31909               
         E         35        PRO         0.41822         0.14578         0.54973        0.054968         0.60764         0.21249               
         E         36        VAL        0.079573         0.05502        0.027182        0.016097         0.16165        0.014397               
         E         37        LEU         0.23557          0.1291         0.35521        0.059627         0.42901        0.071759               
         E         38        TRP        0.046467        0.068166       0.0076645         0.01672         0.20843               0               
         E         39        PHE          0.3744         0.10546         0.42993         0.08507         0.57254         0.18848               
         E         40        ARG         0.78424         0.23405         0.88983         0.21959          1.1825         0.45794               
         E         41        GLY         0.81132         0.10585               0               0         0.93608         0.66718               
         E         42        VAL          1.5536         0.35216          1.5619         0.25734          2.1044          1.1059               
         E         43        GLY          2.4558         0.41796               0               0          2.9142          2.0261               
         E         44        PRO          4.2304          1.0064          5.3435         0.41339          5.9252           3.287               
         E         45        GLY          3.0509          0.3951               0               0          3.4458          2.6375               
         E         46        ARG           1.106         0.40261         0.84388         0.20453          1.9041         0.62212               
         E         47        GLU          1.0507         0.22649          1.1568         0.15907          1.4665         0.61485               
         E         48        LEU         0.71684         0.13136          0.7381         0.14759         0.92573         0.51307               
         E         49        ILE         0.30427        0.083423         0.25241        0.072913         0.44044         0.16165               
         E         50        TYR         0.33414         0.10501         0.36019         0.11907         0.54554         0.22071               
         E         51        ASN         0.71613         0.15776         0.84139        0.056734         0.91548          0.4122               
         E         52        GLN         0.59127         0.21987         0.44382        0.068868          1.0345         0.33374               
         E         53        LYS          1.6106         0.35606          1.5087         0.29555          2.1044          1.1183               
         E         54        GLU          2.1361         0.37202          2.2966         0.34544           2.831          1.5008               
         E         55        GLY          2.2242        0.075077               0               0          2.3344          2.1314               
         E         56        HIS          2.9552         0.85732          3.5489         0.55139          4.3748          1.7701               
         E         57        PHE          1.0854         0.21641         0.93214        0.062195          1.4835         0.85624               
         E         58        PRO          2.0207         0.36586          2.3596         0.29052          2.7125          1.6285               
         E         59        ARG         0.97922         0.16529         0.98108         0.13374          1.2792         0.74811               
         E         60        VAL         0.56422         0.18956         0.36123        0.056883         0.82797         0.30949               
         E         61        THR         0.83712         0.25922          1.1113         0.14411          1.3084          0.5657               
         E         62        THR         0.64655         0.15936         0.59368         0.16599         0.91548         0.42336               
         E         63        VAL          1.0342         0.21377          1.0048         0.15613          1.3848         0.70669               
         E         64        SER          1.0241         0.11503         0.93703         0.10906          1.1958         0.82797               
         E         65        ASP          1.9558         0.57141           2.395         0.51032          3.2366          1.3848               
         E         66        LEU         0.74232         0.28074         0.47875         0.11744          1.0816          0.3437               
         E         67        THR          2.0688         0.39964          2.4035         0.14415          2.5655          1.3384               
         E         68        LYS          2.8903          1.1728          3.6965         0.96615          4.9035          1.4169               
         E         69        ARG          2.9915          1.1858          3.7164         0.83694          5.0018          1.3233               
         E         70        ASN          2.1502         0.60823          2.7086         0.29844          3.0922          1.4169               
         E         71        ASN         0.93682         0.18963         0.87861         0.14873          1.2507         0.62946               
         E         72        MET         0.84154         0.24566           1.046         0.13494          1.2507         0.47586               
         E         73        ASP         0.59784         0.19913         0.75081         0.15517         0.98956         0.31909               
         E         74        PHE         0.17033        0.046546         0.16069        0.037162         0.26355         0.10803               
         E         75        SER         0.34614         0.08205         0.44102         0.02882         0.46984         0.25039               
         E         76        ILE         0.19849        0.099086         0.11353        0.064695         0.33374        0.031836               
         E         77        ARG          1.0466         0.51984          1.3448         0.42392          1.9761         0.48194               
         E         78        ILE         0.33346         0.16435         0.18875        0.092964         0.57254        0.074958               
         E         79        SER           1.056         0.20309          1.3237        0.029983          1.3537         0.78273               
         E         80        SER          1.4469         0.28397          1.7866         0.21435          2.0009          1.1435               
         E         81        ILE         0.80686         0.25098         0.59453        0.099933          1.2093         0.45206               
         E         82        THR          1.3937           0.255          1.6588         0.10958          1.8134          1.0578               
         E         83        PRO          1.7523         0.18443          1.9523        0.039522          2.0009          1.4835               
         E         84        ALA          1.7255         0.34707          2.3038               0          2.3038          1.3084               
         E         85        ASP         0.66506         0.15839         0.65278        0.089179          1.0006         0.44044               
         E         86        VAL         0.93696         0.19162          1.0652         0.20506          1.3537         0.72302               
         E         87        GLY         0.61119        0.091602               0               0         0.70669         0.47586               
         E         88        THR         0.63536           0.194         0.81218         0.14928          1.0231         0.37974               
         E         89        TYR         0.16731         0.05815         0.16283         0.06473         0.27699        0.087948               
         E         90        TYR         0.45358         0.29278         0.60717         0.23988          1.1059         0.11145               
         E         91        CYS        0.081446        0.035087        0.049966       0.0091834         0.14685        0.040783               
         E         92        VAL         0.17303        0.067335            0.24        0.036631         0.28153        0.068578               
         E         93        LYS         0.29683        0.093854         0.28324        0.066723         0.47586         0.18069               
         E         94        PHE         0.53354         0.11563         0.52782          0.1245         0.70669         0.34873               
         E         95        ARG          1.3427          0.3834          1.5261          0.3478          2.2153         0.78273               
         E         96        LYS          1.7097         0.19928           1.736         0.17825          1.9761          1.3233               
         E         97        GLY          2.6515         0.46121               0               0          3.1873          2.0518               
         E         98        SER          4.8477         0.44898          5.0527        0.050863          5.2088          3.8664               
         E         99        PRO          4.9333         0.94394          5.7693         0.61224          6.2022          3.6168               
         E        100        GLU          2.8773         0.45244          2.9321         0.41708          3.6168          2.3655               
         E        101        ASN          1.2804          0.2335          1.1106         0.13083          1.7701         0.97863               
         E        102        VAL          1.3711         0.26637          1.6435        0.074582          1.7489         0.98956               
         E        103        GLU         0.87423         0.15747         0.76291        0.069941          1.1958         0.64434               
         E        104        PHE         0.87989         0.14185         0.87457         0.15601          1.1059         0.67493               
         E        105        LYS         0.80995          0.4486          1.0905         0.41635          1.7916         0.30949               
         E        106        SER         0.51359        0.063803         0.54565        0.013267         0.62212         0.44623               
         E        107        GLY         0.40437        0.066479               0               0         0.47586         0.32394               
         E        108        PRO         0.84186          0.1544         0.94594         0.15774          1.1059         0.64434               
         E        109        GLY         0.53318        0.079264               0               0         0.65188         0.42901               
         E        110        THR         0.39242        0.042086         0.36645         0.03025         0.46387         0.33374               
         E        111        GLU          1.0503         0.49609          1.4182          0.3711          1.8355          0.5522               
         E        112        MET         0.37157         0.17183         0.22262        0.076185         0.65188        0.097899               
         E        113        ALA         0.62012        0.093017         0.76525               0         0.76525         0.49424               
         E        114        LEU         0.72581         0.16563         0.84538         0.16019          1.1183          0.5657               
         E        115        GLY         0.52877        0.043716               0               0         0.58639         0.46387               
         E        116        ALA         0.57359        0.078738         0.71481               0         0.71481         0.48194               
         E        117        LYS         0.75104         0.27624         0.92039         0.26509          1.3537         0.48194               
         E        118        PRO         0.45646         0.11878         0.34258        0.027446          0.6595         0.31427               
         E        119        SER         0.79192         0.16519         0.96292         0.10668          1.0696         0.57254               
         E        120        ALA          1.0082          0.1905          1.3692               0          1.3692         0.80055               
         E        121        PRO         0.49697         0.12176         0.38348         0.05301         0.69864          0.3387               
         E        122        VAL         0.95023         0.32996          1.2983         0.17816          1.4835         0.58639               
         E        123        VAL         0.53888         0.15798         0.38057        0.034314         0.81874          0.3538               
         E        124        LEU          1.1341         0.45308          1.5375         0.28077           1.858         0.62946               
         E        125        GLY         0.83708         0.17512               0               0          1.1059         0.63687               
         E        126        PRO         0.94351         0.29292          0.6939         0.12286          1.3848         0.58639               
         E        127        ALA          2.3587         0.46062          3.2366               0          3.2366          1.9277               
         E        128        ALA          1.5643         0.36298          2.0261               0          2.0261          1.0696               
         E        129        ARG         0.76394         0.11989         0.72124        0.093736         0.96782         0.54554               
         E        130        THR           0.624         0.17089         0.78922         0.10907         0.93608         0.38504               
         E        131        THR         0.78734          0.1798          0.9266          0.1916          1.1958         0.62212               
         E        132        PRO         0.82246          0.3406         0.55051        0.089265          1.4665         0.46984               
         E        133        GLU          2.3347         0.78312          2.8655         0.63832          3.7383          1.3233               
         E        134        HIS          1.4445          0.3959          1.6779         0.33446          2.1589         0.87558               
         E        135        THR           1.136         0.16441          1.2235         0.17684          1.4332         0.91548               
         E        136        VAL         0.59069         0.11832         0.52903         0.13336         0.74811         0.36406               
         E        137        SER         0.74116         0.18992         0.99693        0.060848          1.0578         0.51946               
         E        138        PHE         0.27346         0.09062         0.20931        0.032636         0.42336          0.1542               
         E        139        THR         0.59069         0.17355         0.77311         0.09233         0.85624         0.38504               
         E        140        CYS         0.25637        0.061298          0.1711       0.0019042         0.31909         0.16919               
         E        141        GLU         0.67246         0.26511         0.88357         0.16019          1.1308         0.36406               
         E        142        SER         0.32408        0.035577         0.29841        0.030413         0.37447           0.268               
         E        143        HIS          1.0553          0.4856          1.3857         0.34287          1.8134         0.46387               
         E        144        GLY         0.68344        0.067016               0               0         0.78273         0.60049               
         E        145        PHE         0.34509        0.087093         0.28287        0.029884         0.48806         0.24176               
         E        146        SER         0.55469        0.086282         0.64306        0.063626         0.70669         0.42901               
         E        147        PRO         0.60278         0.10062         0.70261        0.046614         0.73967         0.44044               
         E        148        ARG         0.98348          0.3276          1.1982         0.20043          1.4169         0.52589               
         E        149        ASP          1.2023         0.48734          1.6615         0.21683          1.9277         0.67493               
         E        150        ILE         0.43779         0.19045         0.26738        0.045479          0.7313         0.21249               
         E        151        THR         0.65065          0.3088         0.96177         0.19736          1.2367         0.25474               
         E        152        LEU         0.29122         0.12901         0.17491        0.033425         0.51307         0.12887               
         E        153        LYS         0.81441         0.52146          1.1907         0.40808          1.7916         0.23749               
         E        154        TRP         0.22868         0.12155         0.16861        0.057875         0.54554        0.091245               
         E        155        PHE         0.71435         0.27668         0.89371         0.17069          1.1059         0.30949               
         E        156        LYS         0.52463         0.14091         0.45009        0.046416         0.86586         0.36406               
         E        157        ASN         0.97558         0.16878         0.96512         0.15052          1.2229         0.69864               
         E        158        GLY          1.8979         0.21951               0               0          2.1868          1.5722               
         E        159        ASN          1.9666          0.7417          2.5078         0.64265          3.5014         0.95712               
         E        160        GLU          1.4354         0.18276          1.5105         0.18553          1.8355          1.1693               
         E        161        LEU         0.70164         0.23446         0.48485         0.12335         0.94655         0.30475               
         E        162        SER          1.5236         0.30398          1.8929        0.034854          1.9277          1.0578               
         E        163        ASP          1.2775         0.29341          1.5305         0.17325          1.7489         0.85624               
         E        164        PHE         0.89543         0.20531         0.77947         0.10973          1.3692         0.62212               
         E        165        GLN           1.798         0.80726          2.3959         0.58918          3.0012         0.81874               
         E        166        THR         0.83449          0.2071         0.62668        0.087469          1.1564         0.54554               
         E        167        ASN           1.277         0.51709          1.7359         0.31347          2.1044         0.64434               
         E        168        VAL         0.77849         0.17907         0.61322        0.035721          1.1308         0.57254               
         E        169        ASP          1.2427          0.4062          1.5897         0.28086          1.9761         0.77395               
         E        170        PRO          1.4084         0.18903          1.5487         0.17666          1.7281          1.1693               
         E        171        THR          2.5424         0.45408          3.0388         0.17892           3.287          2.0009               
         E        172        GLY           2.481         0.34538               0               0          2.9142          2.0009               
         E        173        GLN          2.7443         0.32857           2.821         0.38809           3.287          2.3344               
         E        174        SER            1.64          0.1725          1.5913        0.037284          1.8809          1.3537               
         E        175        VAL          1.7768         0.55684          2.2735         0.40971           2.831          1.0118               
         E        176        ALA         0.94922         0.11896         0.95712               0          1.1693         0.81874               
         E        177        TYR         0.83166         0.27681         0.95146         0.26486          1.4007         0.51946               
         E        178        SER         0.54434        0.082134         0.64489        0.030044         0.67493         0.44044               
         E        179        ILE         0.27212        0.066626         0.22167        0.048469         0.38504         0.14321               
         E        180        ARG         0.94699         0.40652          1.1959         0.28965          1.5722         0.37974               
         E        181        SER         0.40506        0.063614         0.32971        0.034347         0.48806         0.29536               
         E        182        THR         0.70773         0.14086         0.85531        0.063811         0.90535         0.54554               
         E        183        ALA         0.45436        0.079603         0.30475               0         0.53239         0.30475               
         E        184        ARG          1.2185         0.49813          1.5306         0.34473          2.1589         0.60049               
         E        185        VAL         0.33556         0.11983         0.20198         0.01807         0.47586         0.18069               
         E        186        VAL         0.77169         0.29109          1.0804         0.14643          1.2093         0.45794               
         E        187        LEU          0.4833         0.20232          0.3205        0.058079         0.89532         0.22905               
         E        188        ASP         0.84868           0.275          1.0955         0.12753          1.2648         0.42901               
         E        189        PRO         0.76549         0.23198         0.99917         0.13551          1.1183         0.45206               
         E        190        TRP          1.4683         0.56363           1.779         0.32605          2.1868         0.62212               
         E        191        ASP         0.39506        0.067702         0.40795        0.073759         0.48194         0.29072               
         E        192        VAL         0.34072        0.074281         0.29723        0.066616         0.44623         0.21659               
         E        193        ARG          1.0889         0.39124          1.3227         0.28323          1.7916         0.48806               
         E        194        SER         0.57566        0.035668         0.54694        0.046474         0.60764         0.50046               
         E        195        GLN         0.82485         0.32073          1.0667         0.21873          1.3848         0.42901               
         E        196        VAL         0.21107        0.089764         0.11274        0.012678         0.33374        0.097899               
         E        197        ILE         0.42409         0.19391         0.59251         0.12636          0.7916         0.18458               
         E        198        CYS         0.18257        0.054652         0.12405        0.022797           0.268         0.10126               
         E        199        GLU         0.57565         0.28852         0.79022         0.21148          1.0231         0.23326               
         E        200        VAL         0.28386         0.11391         0.18481        0.016698         0.50674         0.16165               
         E        201        ALA          0.5444         0.14912         0.81874               0         0.81874         0.37447               
         E        202        HIS         0.52051         0.14127         0.42648        0.020734          0.8096         0.39039               
         E        203        VAL         0.89392        0.074885         0.93982        0.085277          1.0461          0.8096               
         E        204        THR         0.65402         0.12039         0.53285        0.026635         0.85624         0.50046               
         E        205        LEU          0.9489         0.35176         0.69122        0.088449          1.6675         0.58639               
         E        206        GLN          1.7951         0.53124          1.5111         0.26564          2.9142          1.1308               
         E        207        GLY          2.3495         0.15849               0               0          2.5655          2.1589               
         E        208        ASP           2.245         0.65854           2.789         0.37923          3.3387          1.3084               
         E        209        PRO          1.0742          0.1975          1.1662         0.23749          1.4332         0.85624               
         E        210        LEU         0.66008         0.18776         0.73624         0.22184          1.1059         0.44623               
         E        211        ARG         0.99012         0.30833          1.1393         0.28989          1.5722          0.6595               
         E        212        GLY         0.52317        0.055665               0               0         0.57254         0.42901               
         E        213        THR         0.77956         0.16475         0.93094         0.13077          1.1059         0.58639               
         E        214        ALA         0.51474        0.050319         0.45794               0         0.58639         0.45794               
         E        215        ASN         0.95572         0.39361          1.2909         0.26998          1.7281         0.50674               
         E        216        LEU         0.25128         0.07353         0.19285        0.022616         0.40121         0.15791               
         E        217        SER         0.53432         0.16978         0.74766          0.1182         0.86586         0.37974               
         E        218        GLU         0.93412         0.26862          1.1368         0.17246          1.4169         0.53894               
         E        219        ALA         0.37402        0.047836         0.30949               0         0.45206         0.30949               
         E        220        ILE         0.23178        0.037671         0.20391        0.025361         0.28153         0.17683               
         E        221        ARG         0.56677         0.25573         0.71053         0.21267          1.0578         0.28153               
         E        222        VAL         0.20585        0.032807         0.19414        0.045953         0.25913         0.16165               
         E        223        PRO         0.42103        0.076159         0.49149         0.04529         0.54554         0.30004               
         E        224        PRO         0.32205          0.1041         0.23971        0.031313         0.50046         0.20037               
         E        225        THR          0.8609         0.28696          1.1683         0.12991          1.3384         0.51946               
         E        226        LEU         0.55025         0.23278         0.35679        0.063955          1.0006         0.27248               
         E        227        GLU          1.1273         0.51389          1.5128         0.36375          2.0261         0.49424               
         E        228        VAL         0.52289         0.15691         0.39625         0.10354         0.80055         0.27248               
         E        229        THR         0.78443         0.17551         0.94746         0.12351          1.0937         0.55892               
         E        230        GLN          1.0496         0.17787          1.0654         0.14221          1.3692         0.81874               
         E        231        GLN          1.3902         0.40502            1.65         0.37481          2.2737         0.98956               
         E        232        PRO          1.7172         0.20281          1.8316        0.099703          1.9761          1.4007               
         E        233        MET          1.8066         0.37692          1.6202         0.23594          2.4626          1.3537               
         E        234        ARG          5.3651          2.0824          6.4021          1.9312          9.5915          2.9142               
         E        235        VAL           4.124         0.85175          4.9823         0.53118          5.6687          3.0462               
         E        236        GLY          2.7356         0.29473               0               0          3.1392          2.3655               
         E        237        ASN          2.3374         0.42173          2.6352         0.24341          3.0012          1.6479               
         E        238        GLN          1.5187          0.2497          1.6405         0.23053          2.0261          1.1958               
         E        239        VAL         0.80665         0.10728         0.75783        0.045605          1.0231         0.68276               
         E        240        ASN         0.74801         0.12069         0.83371        0.079105         0.94655         0.57254               
         E        241        VAL         0.34616        0.065583         0.29743        0.052326         0.46387         0.24606               
         E        242        THR         0.39236         0.11411         0.51205        0.070332         0.60764         0.28611               
         E        243        CYS          0.2105        0.029478         0.17507        0.013418         0.25474         0.16165               
         E        244        GLN         0.48538         0.15213         0.60603        0.081995         0.73967         0.25913               
         E        245        VAL         0.17516        0.061696         0.10817        0.012048         0.26355        0.091245               
         E        246        ARG         0.89852         0.43938           1.177         0.29611           1.536         0.30475               
         E        247        LYS         0.62152         0.34153         0.86381         0.27525          1.2937         0.26355               
         E        248        PHE         0.20388        0.034096         0.21311        0.037852         0.27248         0.14321               
         E        249        TYR         0.30971         0.14754         0.35618         0.15755          0.6595         0.13959               
         E        250        PRO         0.47618         0.12169         0.60099        0.066715         0.65188         0.33374               
         E        251        GLN         0.80974         0.26117         0.92443         0.24762          1.3692         0.46984               
         E        252        SER         0.82794         0.24949          1.1383         0.12653          1.2648          0.5522               
         E        253        LEU         0.44907         0.22106         0.24467        0.048848         0.80055         0.21249               
         E        254        GLN          1.1898         0.51973          1.5919         0.33678          2.1589         0.59341               
         E        255        LEU          0.3501         0.14977         0.20811        0.029151         0.55892         0.17683               
         E        256        THR         0.64634         0.24807         0.91268        0.087312          1.0231         0.32882               
         E        257        TRP         0.27281         0.18564         0.17483        0.080856         0.74811        0.094562               
         E        258        SER         0.71128        0.098048          0.8006        0.009003          0.8096         0.52589               
         E        259        GLU          1.0074          0.1914         0.91727          0.1042          1.4665         0.74811               
         E        260        ASN          1.7171         0.32267          1.7864        0.023365          2.3344          1.1059               
         E        261        GLY          1.7927         0.22232               0               0          2.1314          1.5183               
         E        262        ASN          2.3127         0.72278          2.9417          0.4572          3.3916          1.4169               
         E        263        VAL          1.6909         0.13437          1.6626        0.066018          1.9761          1.5722               
         E        264        CYS          1.4194         0.45691         0.89721        0.059912          2.1868          0.8373               
         E        265        GLN          3.0209          0.9762          3.7724         0.62376          4.4562          1.6874               
         E        266        ARG          1.0754         0.37819         0.82522          0.2029          1.7076          0.5522               
         E        267        GLU          2.2841         0.78085          2.9074          0.4153          3.5584          1.1825               
         E        268        THR         0.93405         0.23997         0.67724        0.062892          1.2792         0.62212               
         E        269        ALA          1.3045         0.19826          1.6095               0          1.6095          1.0578               
         E        270        SER          1.0757         0.24344         0.80699        0.058874          1.5008         0.74811               
         E        271        THR          1.3654         0.44202          1.7578         0.35629          2.2442         0.76525               
         E        272        LEU          1.1486         0.23402          1.0427         0.20818          1.6095         0.72302               
         E        273        THR          1.0362         0.17391           1.159         0.15762          1.3692         0.73967               
         E        274        GLU           1.215         0.15436          1.2816         0.14013           1.536          1.0461               
         E        275        ASN         0.93222         0.22739         0.73867         0.14008          1.2093         0.53894               
         E        276        LYS          2.6354          1.1742          3.4676         0.95064          4.8082          1.4497               
         E        277        ASP          0.8455         0.23755         0.74522         0.14992          1.3233         0.62212               
         E        278        GLY         0.62585         0.14621               0               0          0.8373         0.46387               
         E        279        THR         0.39798        0.073284         0.35615        0.056701         0.53894         0.29072               
         E        280        TYR         0.59403         0.23463         0.69602         0.22305          1.1059         0.31909               
         E        281        ASN         0.51531         0.12002         0.59179         0.12344         0.80055         0.40668               
         E        282        TRP         0.48773         0.26385         0.56704         0.27374          1.0578         0.22905               
         E        283        THR         0.54304         0.10344         0.65232        0.026686         0.67493         0.42336               
         E        284        SER         0.35876        0.045706         0.33622       0.0024791         0.41776         0.28153               
         E        285        TRP         0.94424         0.35733          1.0974         0.30838          1.6675         0.51307               
         E        286        PHE         0.44129         0.15787          0.3543          0.1229         0.68276         0.22071               
         E        287        LEU         0.92669         0.18187           1.076           0.139          1.2367          0.7313               
         E        288        VAL         0.78227         0.23736         0.60066         0.12334          1.1308         0.44623               
         E        289        ASN          2.0944         0.62373          2.5927         0.51769          3.3916          1.4007               
         E        290        ILE          1.6959         0.51021          1.3943         0.31523          2.7125          1.1183               
         E        291        SER          2.8726         0.35141          2.8959          0.1053          3.3387          2.1868               
         E        292        ASP           4.698          1.3578          5.7797          1.1336          7.5741          3.1873               
         E        293        GLN          3.8884         0.84173          4.3423           0.657          5.3177          2.4962               
         E        296        ASP          3.0375         0.96069          3.8096         0.79535          5.1036          2.0518               
         E        297        VAL          1.1474         0.22976          1.0474         0.18922           1.554         0.86586               
         E        298        VAL          1.2766         0.32501          1.5698         0.20652           1.858          0.8373               
         E        299        LEU         0.46576          0.1159         0.37653        0.031843         0.71481         0.32394               
         E        300        THR         0.52529         0.16526         0.69855        0.066949          0.7916         0.30949               
         E        301        CYS            0.28        0.069383         0.20294        0.026107         0.38504         0.17683               
         E        302        GLN         0.71677         0.29897         0.95256         0.18482          1.1693         0.34873               
         E        303        VAL         0.38937         0.13568         0.24273        0.034962         0.58639         0.20843               
         E        304        LYS          1.1545         0.52219          1.5568         0.34917          2.0518         0.55892               
         E        305        HIS         0.44567         0.15979         0.33017        0.026618          0.7916         0.29536               
         E        306        ASP          0.8493         0.12613         0.80782        0.097298          1.0345         0.69066               
         E        307        GLY          1.5889         0.30904               0               0          2.0779          1.2229               
         E        308        GLN          1.2767          0.1927          1.1981         0.18658           1.536         0.93608               
         E        309        LEU          2.7595          1.1507          3.7999         0.63221          4.3748          1.3084               
         E        310        ALA          1.3823          0.1536          1.4332               0          1.5907          1.1564               
         E        311        VAL         0.82566         0.17429         0.86882            0.22          1.1564         0.60764               
         E        312        SER         0.90064         0.13025         0.95323         0.15268          1.1059         0.74811               
         E        313        LYS         0.98023         0.39917          1.2126         0.39551          1.8355         0.51307               
         E        314        ARG          1.9048          1.0534          2.4684         0.93094          3.8015          0.8373               
         E        315        LEU         0.78066         0.15686         0.69343         0.17373         0.97863         0.51307               
         E        316        ALA            1.52         0.29067          2.0779               0          2.0779          1.2507               
         E        317        LEU          1.0427         0.35689         0.68749         0.13312          1.5907         0.58639               
