pdb_id: 
analysis type: unbound
radii_file: F:\psiafrombintisolah\PSAIA-1.0\amac_data\chothia.radii
CX_sRadius: 12
CX_vAtom: 20.1

  chain id|    res id|  res name|     average CX|       s_avg CX|    s-ch avg CX|  s-ch s_avg CX|         max CX|         min CX|               
         E         23        SER          2.4603         0.69204          3.6768               0          3.6768          1.6285               
         E         24        MET          2.8671         0.87757          3.6126         0.62962          4.5402           1.858               
         E         25        ASP          1.7861         0.48765          2.1947          0.2898          2.4296          1.1059               
         E         26        LEU         0.70293          0.2146         0.52074         0.10879          1.0696         0.37974               
         E         27        LYS          1.1701         0.52751          1.5741         0.35545          1.9761         0.51946               
         E         28        VAL          0.5246         0.17391         0.36568        0.046465         0.85624         0.30004               
         E         29        GLU          1.2126         0.59924          1.6658         0.42647          2.2153         0.59341               
         E         30        MET         0.53356         0.24661         0.33169         0.11747         0.98956         0.20037               
         E         31        MET          1.2661         0.40856          1.4002         0.47562          2.1314         0.74811               
         E         32        ALA          2.4497         0.43158          3.1873               0          3.1873          1.8355               
         E         33        GLY          2.6254         0.29634               0               0          3.0462          2.2153               
         E         34        GLY          1.3495         0.19292               0               0          1.6675          1.1564               
         E         35        THR          1.2412         0.17111          1.3705          0.1682          1.5907          1.0118               
         E         36        GLN         0.59072         0.12624         0.49613        0.052885         0.80055         0.42336               
         E         37        ILE         0.77926         0.20481         0.92532         0.18741          1.2093          0.5522               
         E         38        THR         0.44061        0.068627         0.39105        0.076877         0.50674         0.30004               
         E         39        PRO         0.70552         0.10931         0.82839        0.027519         0.86586         0.57943               
         E         40        LEU         0.67555         0.13473         0.65054        0.062234         0.95712         0.50046               
         E         41        ASN          1.2894         0.22448          1.4042        0.091561           1.536          0.8096               
         E         42        ASP          1.2036         0.21586           1.345         0.18056          1.5907         0.84672               
         E         43        ASN          1.3277         0.42821          1.6658         0.34071          2.1868          0.7916               
         E         44        VAL         0.40628         0.10806          0.3083        0.050506         0.60049         0.24176               
         E         45        THR         0.47444         0.13162         0.60441        0.080353         0.71481         0.28153               
         E         46        ILE         0.10755        0.057173        0.057237        0.020857         0.21249        0.023042               
         E         47        PHE         0.60327         0.27662          0.7782         0.18878          1.0461         0.25913               
         E         48        CYS         0.20978        0.056525         0.13242               0         0.27248         0.13242               
         E         49        ASN         0.59895         0.16019         0.75186        0.052761         0.80055         0.37447               
         E         50        ILE          0.3487         0.17676         0.19933        0.048287         0.69066           0.136               
         E         51        PHE          1.0717          0.3599          1.2908         0.25785          1.7076         0.52589               
         E         52        TYR         0.90767         0.22548         0.83948         0.14845          1.4497         0.64434               
         E         53        SER          2.0663         0.43094          2.0538        0.077638          2.7512          1.2937               
         E         54        GLN          2.4622         0.91044          3.0796         0.77181           3.933          1.3848               
         E         55        PRO          2.2771         0.77655          3.0921           0.425          3.5584          1.4169               
         E         56        LEU         0.86001         0.31492         0.58083          0.1353          1.3084         0.39039               
         E         57        ASN          1.4795         0.49312          1.9402          0.2306          2.2442         0.91548               
         E         58        ILE         0.75634         0.14495          0.8223         0.16457          1.0006         0.59341               
         E         59        THR          1.5268         0.33022          1.8833        0.083684          2.0009          1.0345               
         E         60        SER          1.1064         0.13428          1.2196        0.088785          1.3084         0.92573               
         E         61        MET         0.36062         0.17058         0.21819        0.057466         0.70669         0.16541               
         E         62        GLY         0.24797        0.080333               0               0         0.34873         0.16541               
         E         63        ILE        0.056684        0.057863       0.0086312       0.0086312         0.16919               0               
         E         64        THR         0.23194         0.12877         0.37434        0.046726         0.41776        0.094562               
         E         65        TRP        0.042717        0.061612       0.0087368        0.014758         0.19638               0               
         E         66        PHE         0.42973         0.18441         0.55496         0.09369         0.68276         0.16165               
         E         67        TRP         0.42962         0.18006         0.45885         0.19874         0.80055         0.20843               
         E         68        LYS         0.87637         0.30759          1.0832         0.26096          1.4497         0.47586               
         E         69        SER          1.1844         0.16457          1.3466        0.038219          1.3848         0.91548               
         E         70        LEU          1.3303         0.43142          1.0581        0.082883          2.2737         0.96782               
         E         71        THR          2.6776         0.52143          2.7713         0.36498          3.5584          1.9041               
         E         72        PHE          2.9407         0.63726          3.1486         0.70457          4.4562          2.2737               
         E         73        ASP          2.3634         0.34841          2.5237         0.42997          3.1392          1.9277               
         E         74        LYS          2.5919           1.146          3.4185         0.87341          4.8082          1.2093               
         E         75        GLU          1.0175         0.20541         0.87099         0.11549          1.3537          0.7313               
         E         76        VAL         0.80873         0.17073         0.89485         0.17511          1.1183          0.5522               
         E         77        LYS         0.88534         0.27193          1.0391         0.27192          1.4835          0.5657               
         E         78        VAL         0.30166        0.073736         0.22786        0.044317         0.38504           0.173               
         E         79        PHE         0.23758        0.062275         0.22625        0.073558          0.3538         0.12535               
         E         80        GLU         0.62647         0.24603         0.81069         0.17478          1.0231         0.35891               
         E         81        PHE         0.37797        0.085823         0.37063        0.094524         0.48806         0.23326               
         E         82        PHE          1.1537         0.20465          1.2572         0.10113          1.4332         0.67493               
         E         83        GLY         0.94276         0.11321               0               0          1.0578          0.7916               
         E         84        ASP          2.0606         0.54004          2.5122         0.35333          3.0922          1.3692               
         E         85        HIS          1.6806         0.44489          2.0186         0.16952          2.2737         0.97863               
         E         86        GLN         0.74935         0.25206         0.54723        0.051275          1.2229         0.47586               
         E         87        GLU          1.2475         0.50371          1.6096         0.38858          2.1589         0.61485               
         E         88        ALA         0.93901         0.18252          0.8373               0          1.2937          0.7916               
         E         89        PHE          1.1275         0.21658          1.1536         0.22352          1.5008         0.81874               
         E         90        ARG         0.63641          0.1585         0.52768        0.076911          0.8854         0.45794               
         E         91        PRO          1.5141         0.33648          1.7942         0.28715          2.0779          1.0937               
         E         92        GLY          1.0796         0.18268               0               0          1.3084         0.89532               
         E         93        ALA         0.55075         0.12102         0.39578               0         0.74811         0.39578               
         E         94        ILE         0.50984         0.19351         0.66808         0.15052         0.92573         0.29072               
         E         95        VAL         0.22794         0.10808         0.11472        0.032662         0.36406        0.068578               
         E         96        SER         0.75368         0.20033          1.0128        0.044979          1.0578         0.47586               
         E         97        PRO         0.81734         0.08419         0.77849        0.053947         0.94655         0.71481               
         E         98        TRP          2.2683         0.47605          2.5107         0.30392          3.0922          1.3084               
         E         99        ARG          1.2333         0.21295          1.3085         0.20375          1.5907         0.96782               
         E        100        LEU         0.38499         0.18747         0.22241        0.093773         0.69864         0.11836               
         E        101        LYS          1.2723         0.42844          1.5763         0.34562          2.1589          0.8096               
         E        102        SER          1.2696           0.323          1.6794         0.17863           1.858         0.93608               
         E        103        GLY         0.45507          0.1341               0               0         0.66718         0.30949               
         E        104        ASP         0.49716         0.16159         0.62941        0.095136         0.77395         0.25474               
         E        105        ALA        0.090018        0.039801        0.056044               0         0.16165        0.049886               
         E        106        SER         0.21466         0.10455         0.35193        0.065825         0.41776           0.136               
         E        107        LEU         0.08742         0.07007        0.024961        0.025333         0.19638               0               
         E        108        ARG         0.85255         0.49556           1.131         0.41218          1.7916         0.24606               
         E        109        LEU         0.29886         0.18545         0.13259         0.07162          0.5657        0.034801               
         E        110        PRO         0.97536         0.18515          1.0625          0.2211          1.3233         0.73967               
         E        111        GLY         0.99451        0.065865               0               0          1.0578         0.90535               
         E        112        ILE         0.49222          0.1552         0.36221         0.10616         0.68276         0.21659               
         E        113        GLN         0.85014         0.25598          1.0509         0.15603          1.2937         0.52589               
         E        114        LEU         0.61533        0.079979         0.63165        0.094779         0.69864         0.46984               
         E        115        GLU          1.1032         0.34638          1.3712         0.23082          1.7916          0.7313               
         E        116        GLU         0.39753         0.11237         0.42778        0.068001         0.55892         0.16919               
         E        117        ALA          0.4139        0.049309         0.46387               0         0.48194         0.36406               
         E        118        GLY         0.35283        0.020078               0               0         0.37974         0.32394               
         E        119        GLU         0.57409         0.24406          0.7544         0.17692         0.98956         0.29072               
         E        120        TYR        0.087733        0.073256        0.041883        0.028077         0.22487               0               
         E        121        ARG          0.4785         0.25872         0.64501         0.16894         0.82797         0.16165               
         E        122        CYS         0.14922          0.0657        0.084711       0.0065344         0.27699        0.078176               
         E        123        GLU         0.54083         0.30196         0.76821         0.21679          1.0118         0.22905               
         E        124        VAL         0.22915         0.10867         0.12906        0.014451         0.44623         0.11145               
         E        125        VAL         0.63051         0.22229         0.83706         0.17289          1.0816         0.32882               
         E        126        VAL         0.64782         0.17846         0.51708         0.12335         0.92573          0.3538               
         E        127        THR          1.9328         0.66112          2.5073         0.58878          3.3387          1.0696               
         E        128        PRO          2.5134         0.41347          2.9099         0.29815          3.1873          2.0261               
         E        129        LEU          1.3427         0.22465          1.4233         0.22979          1.6479          1.0696               
         E        130        LYS          1.2485         0.32867          1.4554         0.29769          1.8809         0.86586               
         E        131        ALA         0.55454        0.060776         0.53239               0         0.65188         0.48194               
         E        132        GLN         0.84979         0.28676          1.0601          0.2134          1.3084         0.53894               
         E        133        GLY         0.41131        0.051246               0               0         0.46387          0.3437               
         E        134        THR         0.56282         0.10608         0.64514        0.099266         0.78273         0.45206               
         E        135        VAL         0.35828        0.076374         0.33337         0.10186         0.45794         0.20843               
         E        136        GLN         0.78546         0.24113         0.98096          0.1344          1.2093         0.49424               
         E        137        LEU         0.25879         0.10644         0.15972        0.032081          0.4122         0.11836               
         E        138        GLU         0.72794         0.33387         0.97429         0.25128          1.3537         0.36924               
         E        139        VAL         0.36643        0.034492         0.35002        0.041474         0.40668         0.29536               
         E        140        VAL         0.48338        0.069189         0.55726        0.030215         0.59341         0.40121               
         E        141        ALA         0.41378        0.025993         0.40121               0         0.45206         0.37974               
         E        142        SER         0.59103        0.087362         0.71098         0.02032          0.7313         0.50046               
         E        143        PRO         0.42871        0.082042         0.37047        0.041445         0.57943          0.3387               
         E        144        ALA         0.76753         0.19214          1.1059               0          1.1059          0.5522               
         E        145        SER         0.59258         0.18758         0.36257        0.038636          0.8854         0.32394               
         E        146        ARG           1.551         0.73641          2.0088         0.52352          2.9573         0.68276               
         E        147        LEU         0.68241         0.25561         0.46523        0.091408          1.1564         0.32882               
         E        148        LEU          1.2947         0.28971          1.5513         0.12991          1.7701         0.87558               
         E        149        LEU          1.5908         0.38854          1.4169               0          2.3038          1.2229               
         E        150        ASP          2.5925         0.73089          2.2442               0          3.6768          1.6675               
         E        158        GLU          1.9774         0.13344          2.0779               0          2.1314          1.7489               
         E        159        ASP          1.1815         0.24786          1.2902         0.20728          1.6095         0.76525               
         E        160        LYS          1.0793         0.17678          1.3848               0          1.3848         0.84672               
         E        161        TYR         0.55228         0.11278         0.55854         0.12506          0.7916         0.40668               
         E        162        MET         0.89296         0.41738          1.2262          0.3537          1.7489         0.50046               
         E        163        CYS          0.2803        0.064777         0.19643       0.0079497         0.37447         0.18848               
         E        164        GLU         0.75969         0.31916         0.98991         0.24424          1.3233         0.41776               
         E        165        SER          0.2565          0.0628          0.1711       0.0019042         0.33374         0.16919               
         E        166        SER         0.61066         0.18626         0.86464        0.081909         0.94655         0.45794               
         E        167        GLY         0.46863         0.05091               0               0         0.51946         0.39578               
         E        168        PHE         0.33306        0.052594         0.29969        0.020281         0.45794         0.27248               
         E        169        TYR         0.50335         0.13004         0.53771         0.14075          0.7916         0.32882               
         E        170        PRO         0.64199         0.15236         0.79921        0.090044          0.8854         0.45206               
         E        171        GLU          1.0679         0.39528          1.3649         0.28302          1.6285         0.60049               
         E        172        ALA         0.96321         0.24933          1.4007               0          1.4007         0.69864               
         E        173        ILE         0.43095         0.17115         0.27733        0.056804         0.69864         0.18848               
         E        174        ASN          1.0156         0.53283          1.4971         0.31044          1.7701         0.44044               
         E        175        ILE         0.27882        0.099565         0.19507        0.028397         0.45206         0.15791               
         E        176        THR         0.42455         0.18483          0.6209        0.078066          0.7313         0.17683               
         E        177        TRP         0.19638        0.075052         0.15991        0.042972         0.38504        0.074958               
         E        178        GLU         0.48039         0.16506         0.60656         0.10952         0.75664           0.268               
         E        179        LYS         0.41018        0.097026         0.38747        0.088592         0.58639           0.268               
         E        180        GLN         0.80163         0.19674         0.92558         0.17277          1.2507         0.50674               
         E        181        THR          1.1158         0.18893          1.0732         0.17861          1.3692         0.85624               
         E        182        GLN          2.5785         0.77154          3.1354         0.54299          3.7383          1.4169               
         E        183        LYS          2.4384         0.40802          2.6744         0.35399          3.0922           1.858               
         E        184        PHE          2.2413         0.61092          2.5528         0.52664          3.3387          1.2937               
         E        185        PRO          1.9793         0.38237          2.3755         0.18129          2.5655          1.4332               
         E        186        HIS          2.7852          1.0313          3.5196         0.62222          4.2957          1.3848               
         E        187        PRO          1.2319         0.20404          1.2613          0.2533           1.554         0.93608               
         E        188        ILE          1.1166         0.27731          1.3442         0.19708          1.5907         0.73967               
         E        189        GLU          1.1184         0.17006           1.217         0.12847          1.3692         0.85624               
         E        190        ILE         0.56946         0.20182         0.38133         0.09476         0.82797         0.22905               
         E        191        SER          1.7684         0.40756          2.1466          0.2189          2.3655          1.1958               
         E        192        GLU          2.2225          1.1924          2.9918          1.0833          4.9035          0.8854               
         E        193        ASP          1.3544         0.33094          1.5285         0.31749          2.0518         0.84672               
         E        194        VAL         0.96059          0.2305         0.75213         0.13148          1.3233         0.60764               
         E        195        ILE          1.3486         0.32359          1.5907         0.27871          2.0518         0.95712               
         E        196        THR          1.0429         0.24448         0.87611         0.16161          1.5183         0.70669               
         E        197        GLY          1.2336        0.092946               0               0          1.3537          1.1308               
         E        198        PRO          1.8332         0.50116          2.3891        0.091015          2.4962          1.2229               
         E        199        THR          1.0727         0.20141         0.92167         0.16121          1.3692         0.76525               
         E        200        ILE          1.3097         0.24916          1.4929         0.21607          1.8355         0.96782               
         E        201        LYS          1.5585         0.17656          1.6285               0           1.858          1.3692               
         E        202        ASN          1.4891         0.28598          1.2546         0.15571          1.9517          1.0345               
         E        203        MET          4.0915          1.6516          5.5294          1.1048          7.1843          2.3655               
         E        204        ASP          1.4661         0.34244          1.3394         0.20301          2.1314          1.1183               
         E        205        GLY          1.0308         0.16581               0               0          1.2507         0.85624               
         E        206        THR          0.6973         0.10728         0.62723        0.065807          0.8854         0.54554               
         E        207        PHE         0.77899         0.21428         0.88301         0.20196          1.1958         0.52589               
         E        208        ASN         0.63352         0.11668         0.71187         0.11368         0.89532         0.50046               
         E        209        VAL         0.37581        0.069474         0.36946         0.06993         0.44623         0.27248               
         E        210        THR         0.57595         0.10021         0.66379        0.054398         0.73967          0.4347               
         E        211        SER         0.38029        0.027462         0.35428        0.025456         0.41776         0.32882               
         E        212        CYS         0.66865         0.12596         0.83773        0.028129         0.86586         0.54554               
         E        213        LEU         0.35124         0.11434         0.24859        0.067566         0.47586         0.16165               
         E        214        LYS         0.75426         0.14395          1.0118               0          1.0118         0.57254               
         E        215        LEU         0.54831         0.26178          0.3287        0.069757          1.0231         0.25039               
         E        216        ASN          1.8683         0.62249          2.4223         0.38456          2.7512          1.1308               
         E        217        SER          1.6994         0.22433          1.6747         0.13869          1.9761          1.4007               
         E        218        SER          3.1254         0.62609          3.8986         0.39718          4.2957          2.3655               
         E        219        GLN          2.1431         0.39043          2.3312         0.34182          2.9142          1.5907               
         E        220        GLU         0.93903         0.38788         0.62576         0.15207          1.5722         0.42901               
         E        221        ASP          1.3636         0.20772          1.5138         0.17947          1.7489          1.0816               
         E        222        PRO          1.8244         0.36938          2.2037          0.2298          2.4626          1.4332               
         E        223        GLY          1.2841         0.16639               0               0          1.4665          1.1059               
         E        224        THR         0.65009         0.12769         0.55258         0.10547         0.86586          0.4347               
         E        225        VAL         0.65733         0.17797         0.82903         0.11685         0.98956         0.42901               
         E        226        TYR         0.35109         0.10759         0.31346         0.10507         0.50046         0.21249               
         E        227        GLN         0.40612         0.16709         0.53585         0.10621         0.69066         0.19242               
         E        228        CYS         0.19377        0.056596         0.13882        0.034183         0.29072         0.10463               
         E        229        VAL         0.37383         0.12676         0.50216        0.076422         0.60764         0.20037               
         E        230        VAL         0.32172        0.096293         0.23567        0.035067         0.50674         0.18848               
         E        231        ARG         0.90647         0.29034           1.105         0.14002          1.2507         0.42336               
         E        232        HIS         0.54819         0.15473         0.43254         0.03194          0.8373         0.40121               
         E        233        ALA         0.84629        0.052079         0.92573               0         0.92573         0.78273               
         E        234        SER         0.71259         0.16276         0.52349         0.03543         0.97863         0.48806               
         E        235        LEU         0.96663         0.28826         0.74409         0.10705          1.4497         0.60764               
         E        236        HIS          3.1581         0.80498          3.6189         0.65714          4.5402          1.8355               
         E        237        THR          2.2079         0.51194          2.6798         0.26058          3.0462          1.4497               
         E        238        PRO          1.1211          0.1973          1.1909         0.24315          1.5183         0.93608               
         E        239        LEU         0.62181         0.12205         0.64422         0.12836         0.86586         0.44623               
         E        240        ARG         0.84329         0.14486         0.90497         0.12718          1.1435         0.63687               
         E        241        SER          0.5977        0.070489         0.54904        0.016656         0.68276         0.50046               
         E        242        ASN          1.2334         0.42755          1.5879         0.33568          2.1589         0.82797               
         E        243        PHE         0.53521         0.22791         0.39412         0.13817         0.89532         0.22905               
         E        244        THR          1.1534         0.24661          1.3831         0.18754          1.6479          0.8854               
         E        245        LEU          1.0319         0.36512         0.77862         0.11158          1.7076         0.64434               
         E        246        THR          2.7953         0.94456               0               0           4.219          1.6874               
