pdb_id: 
analysis type: unbound
radii_file: F:\psiafrombintisolah\PSAIA-1.0\amac_data\chothia.radii
CX_sRadius: 12
CX_vAtom: 20.1

  chain id|    res id|  res name|     average CX|       s_avg CX|    s-ch avg CX|  s-ch s_avg CX|         max CX|         min CX|               
         B        308        LEU          9.9515          1.7031          11.416           1.188          13.404          8.2336               
         B        309        PRO          4.6748          0.8193          4.7409         0.36904          5.9252          3.3916               
         B        310        THR          3.9672         0.70238          4.5669         0.38197          5.0018          2.9573               
         B        311        TYR          2.3448         0.16244          2.2724         0.14501          2.6011          2.1044               
         B        312        ARG          2.3967         0.35808          2.9142               0          2.9142          1.9761               
         B        313        TYR          1.2523         0.30052           1.075         0.17971          1.7916         0.78273               
         B        314        PRO          1.3428         0.14552          1.2674         0.07571          1.5722          1.1693               
         B        315        LEU          1.9022         0.25529          2.1212         0.17995          2.3973          1.6095               
         B        316        GLU           1.559        0.060278          1.4835               0          1.6479          1.4835               
         B        317        LEU          1.8441         0.10793          1.9041               0          1.9761          1.6874               
         B        318        ASP          2.7832         0.41851          2.7906               0          3.3916          2.1314               
         B        319        THR          3.8878         0.61022          3.5584               0          4.8082          3.1392               
         B        320        ALA          5.3694         0.43323          5.4306               0           6.061           4.716               
         B        321        ASN           4.918          0.2995          5.0939         0.31543          5.5475          4.5402               
         B        322        ASN          3.9037         0.23273           4.219               0           4.219          3.6768               
         B        323        ARG          3.4261          0.8669          3.8571          0.7719          5.2088          2.3038               
         B        324        VAL          2.0917         0.16425          1.9041               0          2.3038          1.9041               
         B        325        GLN          1.7198        0.092662          1.7565        0.097456          1.9277          1.5722               
         B        326        VAL            1.65        0.075085          1.6479               0          1.7701           1.536               
         B        327        ALA          1.4118        0.058803          1.3084               0          1.4665          1.3084               
         B        328        ASP          1.7473         0.21307          2.1589               0          2.1589          1.5907               
         B        329        ARG          1.0293         0.20411         0.98782         0.16883          1.4332         0.66718               
         B        330        PHE          1.0018         0.10324          1.0506        0.095983          1.1693         0.87558               
         B        331        GLY          1.2952        0.058704               0               0          1.3384          1.1958               
         B        332        MET          1.3166         0.13737          1.4099          0.1114          1.5183          1.0696               
         B        333        ARG         0.64074         0.14255         0.58586         0.10263         0.92573         0.44044               
         B        334        THR          1.0693         0.26758          1.3634          0.1029          1.4665         0.77395               
         B        335        GLY         0.70554        0.038289               0               0         0.74811         0.64434               
         B        336        THR         0.68841         0.14667         0.95712               0         0.95712         0.51307               
         B        337        TRP         0.39605        0.097296         0.34427        0.046267         0.60049         0.27699               
         B        338        THR          1.1203         0.26482          1.3855          0.1205           1.554         0.68276               
         B        339        GLY         0.93317        0.096285               0               0          1.0578          0.7916               
         B        340        GLN          1.1824         0.58859          1.6024         0.46027          2.3655         0.50046               
         B        341        LEU         0.27003         0.10243         0.14381        0.052568         0.37974        0.091245               
         B        342        GLN         0.36619        0.094647         0.53239               0         0.53239         0.25913               
         B        343        TYR         0.32713         0.10909          0.2879        0.077943         0.58639         0.18458               
         B        344        GLN         0.67857        0.084137         0.71752        0.043441         0.80055         0.47586               
         B        345        HIS           1.246         0.26011          1.2502         0.24969          1.6095         0.91548               
         B        346        PRO          2.5038         0.44947          2.5465         0.48999          3.0462          1.8809               
         B        347        GLN          2.3057         0.21609          2.6375               0          2.6375          2.0009               
         B        348        LEU          1.1343         0.28106         0.95086         0.18313          1.6675         0.72302               
         B        349        SER          1.2204         0.16315          1.3682         0.18574           1.554          1.0696               
         B        350        TRP         0.56572         0.24037         0.45049         0.17643         0.92573         0.20037               
         B        351        ARG          1.3082         0.28469          1.4598         0.23966          1.7701         0.93608               
         B        352        ALA         0.75458         0.11793         0.57254               0         0.89532         0.57254               
         B        353        ASN          1.6235          0.5796          2.1511         0.33236          2.6746          1.0118               
         B        354        VAL         0.59377         0.19435         0.38097         0.04089         0.84672         0.32394               
         B        355        THR         0.97843         0.24105          1.2428        0.057193          1.3233         0.69864               
         B        356        LEU         0.34618         0.15247          0.2062        0.058121          0.5657         0.12184               
         B        357        ASN         0.77079         0.31021          1.0513          0.1783          1.2367         0.41776               
         B        358        LEU         0.29578         0.13768         0.17482         0.06421         0.51307        0.065417               
         B        359        MET         0.67276         0.33661         0.97568          0.2011          1.2229         0.30949               
         B        360        LYS         0.32744          0.1487         0.22117        0.051242         0.64434           0.173               
         B        361        VAL         0.83817         0.20833          1.0252         0.16947          1.2648         0.54554               
         B        362        ASP          1.0396          0.3743          1.3665         0.22311          1.7076         0.52589               
         B        363        ASP         0.89321         0.27157          1.1128          0.2236          1.4665         0.64434               
         B        364        TRP         0.95335         0.39171          1.1474         0.28205          1.6095         0.36924               
         B        365        LEU         0.13664         0.10142        0.040328        0.033214         0.27699      0.00030811               
         B        366        VAL          0.4237         0.15894          0.6022         0.05237         0.66718         0.26355               
         B        367        LEU          0.1827         0.15316        0.045646        0.044872          0.4347       0.0058964               
         B        368        SER          0.7032         0.18078         0.92784         0.11824          1.0461         0.48194               
         B        369        PHE          0.3014          0.2654         0.11945        0.098896          0.8096        0.011548               
         B        370        SER         0.97146         0.18502          1.1764        0.032876          1.2093         0.70669               
         B        371        GLN          1.4444         0.43895          1.7632          0.3373          2.3344         0.94655               
         B        372        MET         0.50209         0.22689         0.32395         0.16464          0.8373         0.11145               
         B        373        THR         0.78676         0.19469         0.99413        0.097027          1.1308         0.54554               
         B        374        THR         0.39028         0.12363         0.25452        0.039009         0.53239         0.20037               
         B        375        ASN         0.73521         0.29229         0.96727         0.21889          1.3084         0.32394               
         B        376        SER          0.4567         0.13254         0.61551        0.083125         0.69864         0.30004               
         B        377        ILE         0.18779         0.12241        0.073225        0.026612         0.36924        0.031836               
         B        378        MET         0.74683          0.3782          1.0651          0.2758          1.4497         0.31427               
         B        379        ALA         0.72614         0.18582          1.0816               0          1.0816          0.5522               
         B        380        ASP         0.81864         0.30345           1.097         0.15672          1.2367         0.46984               
         B        381        GLY         0.38081        0.038982               0               0         0.44623         0.34873               
         B        382        LYS         0.44165         0.21496         0.60595         0.13915         0.78273         0.18069               
         B        383        PHE        0.061739        0.069854        0.013042        0.021784         0.19638               0               
         B        384        VAL         0.28247        0.099023         0.39001        0.043808         0.42901         0.17683               
         B        385        ILE         0.09311        0.079223        0.020461         0.02216         0.20438               0               
         B        386        ASN         0.60671         0.23984         0.81334         0.16029          1.0006         0.29536               
         B        387        PHE         0.23254         0.19896         0.09681        0.087009          0.5657               0               
         B        388        VAL          1.1206           0.188          1.2511        0.030152          1.2937         0.74811               
         B        389        SER          1.2041         0.36936          1.6783        0.049783          1.7281         0.70669               
         B        390        GLY         0.92836        0.072306               0               0          1.0461         0.85624               
         B        391        LEU           0.633         0.26948         0.40138         0.11049          1.1183         0.27699               
         B        392        SER          1.0689         0.13588          1.0692         0.15371          1.2229         0.86586               
         B        393        SER          2.2377         0.61085          3.0692         0.02299          3.0922          1.5907               
         B        394        GLY          1.4857         0.33447               0               0          1.9277          1.1183               
         B        395        TRP         0.55169         0.29737         0.39029         0.17309          1.0578          0.1542               
         B        396        GLN          1.3791         0.66759          1.8913         0.43702          2.3655         0.49424               
         B        397        THR         0.66543         0.12762         0.76942        0.048118          0.8373         0.42901               
         B        398        GLY         0.67322        0.060811               0               0         0.76525         0.61485               
         B        399        ASP         0.42996         0.17962         0.55242         0.14067         0.70669         0.18069               
         B        400        THR         0.11084         0.05106        0.071504         0.02958         0.19242        0.040783               
         B        401        GLU         0.70931         0.35635         0.97183         0.26827          1.3384         0.30949               
         B        402        PRO         0.41544         0.15568         0.29181        0.037798         0.69864         0.25474               
         B        403        SER           1.079         0.22647          1.0404        0.017341          1.5183         0.76525               
         B        404        SER          1.2216         0.23131          1.4685         0.16007          1.6285         0.89532               
         B        405        THR          1.7646          0.3495           2.102         0.28138          2.4962          1.4007               
         B        406        ILE          1.9805         0.61198          2.4712         0.41711          3.0012          1.0231               
         B        407        ASP          1.4722         0.31416          1.2822         0.17177          2.1589          1.0006               
         B        408        PRO          1.1586         0.23335          1.2348         0.27635          1.5722         0.89532               
         B        409        LEU         0.66383         0.15889         0.53709         0.10943         0.92573         0.37447               
         B        410        SER         0.61383         0.06397         0.65359        0.053097         0.70669         0.49424               
         B        411        THR         0.92099         0.14003          1.0366         0.11041          1.1825         0.75664               
         B        412        THR         0.63356         0.06478         0.62946               0         0.71481         0.52589               
         B        413        PHE          1.1228         0.37688          1.3656         0.24476          1.7281         0.62946               
         B        414        ALA         0.41183        0.073633         0.27699               0         0.48806         0.27699               
         B        415        ALA         0.54985          0.1248         0.76525               0         0.76525         0.42336               
         B        416        VAL         0.25841         0.13384         0.12093        0.039782         0.46984        0.071759               
         B        417        GLN         0.67866         0.34777         0.93489           0.263          1.3537         0.30949               
         B        418        PHE         0.37802         0.14421         0.29646        0.086358         0.69066         0.16919               
         B        419        LEU         0.96619         0.22939          1.1393          0.1875          1.2937         0.62946               
         B        420        ASN          1.6256         0.31448          1.7101         0.28592          2.0261          1.1308               
         B        421        ASN          2.7342         0.39951          3.1392               0          3.1873          2.1044               
         B        422        GLY           2.484           0.129               0               0          2.6746          2.3655               
         B        423        GLN          2.5875          1.1324          3.3322          1.0054          5.1036          1.3537               
         B        424        ARG          1.3303         0.11437          1.3145          0.1183          1.5008          1.1059               
         B        425        ILE         0.98725         0.17705          1.1107         0.10039          1.2229         0.64434               
         B        426        ASP          1.3905         0.39449          1.7637           0.165          2.0261         0.92573               
         B        427        ALA         0.73128        0.076131         0.62946               0         0.85624         0.62946               
         B        428        PHE          1.1305         0.44447          1.4199         0.27684          1.7701         0.53894               
         B        429        ARG         0.30063        0.093235         0.26625        0.099666          0.4122         0.12535               
         B        430        ILE         0.60337         0.23448         0.80116         0.16589          1.0816         0.31909               
         B        431        MET         0.21352         0.14028        0.088591        0.072257         0.39578               0               
         B        432        GLY          0.3176         0.03503               0               0         0.36924         0.27248               
         B        433        VAL           0.223         0.11698         0.11768        0.023378         0.45206        0.097899               
         B        434        SER         0.49679         0.12285         0.49345        0.058749         0.72302         0.31909               
         B        435        GLU         0.76046         0.38132          1.0495         0.26456          1.4169         0.30004               
         B        436        TRP         0.52655         0.17971         0.49854         0.17547         0.86586           0.268               
         B        437        THR          1.2409            0.33          1.5103         0.29668          1.9277         0.74811               
         B        438        ASP          1.8018          0.5196          2.2763         0.28376          2.6746          1.1825               
         B        439        GLY         0.70372         0.17057               0               0         0.94655         0.47586               
         B        440        GLU         0.73085         0.23346         0.89303         0.18464          1.1958         0.44044               
         B        441        LEU          0.1471          0.1138        0.039995        0.028813         0.32882               0               
         B        442        GLU         0.51347         0.32459         0.75002         0.25009          1.1059         0.18458               
         B        443        ILE        0.076678        0.056679        0.024233        0.025383         0.15051               0               
         B        444        LYS         0.51051          0.2765           0.725         0.18289         0.94655         0.21659               
         B        445        ASN         0.25672        0.094949         0.18584        0.038775         0.42336         0.13242               
         B        446        TYR         0.78861         0.13317         0.84533        0.063453         0.94655         0.44623               
         B        447        GLY         0.65959        0.057181               0               0         0.71481         0.57254               
         B        448        GLY         0.92816        0.069077               0               0          1.0345         0.84672               
         B        449        THR          1.1195          0.3412           1.426         0.28083          1.8134         0.68276               
         B        450        TYR           0.831         0.24944         0.70727         0.17656          1.3692         0.42336               
         B        451        THR         0.93995         0.15959          1.0075         0.18895          1.2367          0.7313               
         B        452        GLY          1.1431        0.077773               0               0          1.2507          1.0578               
         B        453        HIS         0.55964         0.24131         0.37252        0.076474         0.92573           0.268               
         B        454        THR          1.0624         0.30038          1.3843         0.15367          1.5722         0.74811               
         B        455        GLN         0.83255         0.34029           1.081         0.24984          1.4332         0.42901               
         B        456        VAL         0.24128         0.10972         0.12527        0.034911         0.38504        0.078176               
         B        457        TYR         0.71284         0.25465         0.86149         0.17486          1.1693         0.38504               
         B        458        TRP         0.20944         0.23527        0.077584        0.096372         0.73967               0               
         B        459        ALA         0.79977         0.10603         0.90535               0         0.90535          0.6595               
         B        460        PRO          1.2904         0.28419          1.6121         0.08335          1.7281          1.0231               
         B        461        TRP         0.40657         0.24942         0.27591         0.15674         0.82797        0.068578               
         B        462        THR         0.79391          0.1871           0.991         0.09955          1.0937          0.5657               
         B        463        ILE         0.32742        0.088332         0.25443        0.047656         0.46984         0.17683               
         B        464        MET         0.49475         0.14464         0.66746         0.11526         0.78273         0.33374               
         B        465        TYR         0.17536         0.13842         0.09057        0.079625         0.40121               0               
         B        466        PRO         0.61552         0.15363         0.76328         0.10607         0.85624         0.45206               
         B        467        CYS         0.43262        0.093993          0.3026        0.016489         0.52589         0.28611               
         B        468        ASN          1.0269         0.31853          1.2849         0.24279          1.6874         0.68276               
         B        469        VAL         0.77554         0.12022         0.79915         0.11927         0.96782         0.62212               
         B        470        ARG          1.0441            0.45          1.3446         0.33151          1.7701         0.52589               
