pdb_id: 
analysis type: unbound
radii_file: F:\psiafrombintisolah\PSAIA-1.0\amac_data\chothia.radii
ASA_zSice: 0.25
ASA_rSolvent: 1.4

  chain id|    res id|  res name|    average DPX|      s_avg DPX|   s-ch avg DPX| s-ch s_avg DPX|        max DPX|        min DPX|               
         A         93        SER               0               0               0               0               0               0               
         A         94        ASP         0.48963         0.87536               0               0          2.3922               0               
         A         95        PRO         0.60464         0.70331               0               0          1.5285               0               
         A         96        VAL         0.38359         0.60958               0               0          1.4569               0               
         A         97        ARG         0.24419         0.52029               0               0          1.4575               0               
         A         98        GLN         0.29893         0.56183               0               0          1.4592               0               
         A         99        TYR          1.4775          1.1928          1.0825          1.2481          3.5112               0               
         A        100        LEU         0.49833         0.89405               0               0          2.4595               0               
         A        101        HIS         0.12294         0.36883               0               0          1.2294               0               
         A        102        GLU         0.29928         0.56251               0               0          1.4614               0               
         A        103        ILE         0.81889         0.86121          0.3817         0.66112          2.2559               0               
         A        104        GLY         0.36271         0.62823               0               0          1.4508               0               
         A        105        GLU         0.14758         0.41743               0               0          1.3282               0               
         A        106        VAL         0.36626          0.5797               0               0          1.3307               0               
         A        107        LEU               0               0               0               0               0               0               
         A        108        GLU               0               0               0               0               0               0               
         A        109        LEU         0.19097         0.50527         0.38195         0.66155          1.5278               0               
         A        110        ASP         0.44756         0.80887               0               0          2.2521               0               
         A        111        LYS         0.13633          0.3856               0               0           1.227               0               
         A        112        TRP         0.26946         0.67415               0               0          2.2492               0               
         A        113        ALA         0.24564         0.49128               0               0          1.2282               0               
         A        114        GLU         0.98523         0.92853         0.30314         0.60629          2.2479               0               
         A        115        LEU         0.68009         0.91388         0.37916         0.65672          2.3992               0               
         A        116        GLY         0.36233         0.62758               0               0          1.4493               0               
         A        117        ALA         0.78221         0.99718               0               0          2.3931               0               
         A        118        ALA         0.53758         0.66227               0               0           1.457               0               
         A        119        ALA          0.9988         0.88021               0               0          2.2464               0               
         A        120        LYS         0.13666         0.38652               0               0          1.2299               0               
         A        121        VAL         0.71652         0.87326               0               0          2.2485               0               
         A        122        GLU               0               0               0               0               0               0               
         A        123        GLU         0.28441          0.5326               0               0          1.3297               0               
         A        124        GLY         0.36231         0.62754               0               0          1.4492               0               
         A        125        MET         0.51137         0.66452               0               0          1.5293               0               
         A        126        GLU         0.41881         0.80226               0               0          2.2504               0               
         A        127        ALA         0.78393         0.99931               0               0           2.398               0               
         A        128        ILE          1.7181           1.111         0.75671         0.75671          2.9257               0               
         A        129        LYS         0.57995          0.8744               0               0           2.462               0               
         A        130        LYS          0.1619         0.45793               0               0          1.4571               0               
         A        131        LEU         0.70175         0.70744          0.7626         0.76261          1.5306               0               
         A        132        SER          2.7162         0.40254          3.0368           0.485          3.5218          2.2551               
         A        133        GLU         0.16235          0.4592               0               0          1.4612               0               
         A        134        ALA               0               0               0               0               0               0               
         A        135        THR               0               0               0               0               0               0               
         A        136        GLY         0.33219         0.57536               0               0          1.3287               0               
         A        137        LEU               0               0               0               0               0               0               
         A        138        ASP               0               0               0               0               0               0               
         A        139        GLN          0.5603         0.82667               0               0          2.2531               0               
         A        140        GLU         0.13699         0.38747               0               0          1.2329               0               
         A        141        LEU         0.68088         0.91494         0.37983         0.65788           2.402               0               
         A        142        ILE          1.4574          1.1783         0.37905         0.65654           2.774               0               
         A        143        ARG         0.38246         0.62788         0.21674         0.53089          1.5172               0               
         A        144        GLU         0.14764         0.41759               0               0          1.3288               0               
         A        145        VAL         0.58322         0.67805         0.50736         0.71752          1.5221               0               
         A        146        VAL         0.76915         0.93175               0               0           2.402               0               
         A        147        ARG         0.38184         0.62692         0.21647         0.53025          1.5153               0               
         A        148        ALA               0               0               0               0               0               0               
         A        149        LYS         0.13613         0.38503               0               0          1.2252               0               
         A        150        ILE         0.52507         0.68199         0.37837         0.65536          1.5135               0               
         A        151        LEU         0.19048         0.50396         0.38096         0.65984          1.5238               0               
         A        152        GLY         0.33246         0.57584               0               0          1.3298               0               
         A        153        THR            0.19         0.46541               0               0            1.33               0               
         A        154        ALA               0               0               0               0               0               0               
         A        155        ALA               0               0               0               0               0               0               
         A        156        ILE          1.3086         0.85654          1.3889         0.89994          2.5188               0               
         A        157        GLN         0.16227         0.45898               0               0          1.4605               0               
         A        158        LYS         0.14778           0.418               0               0          1.3301               0               
         A        159        ILE         0.37286         0.64599         0.38032         0.65873          1.5213               0               
         A        160        PRO         0.17564         0.43023               0               0          1.2295               0               
         A        161        GLY               0               0               0               0               0               0               
         A        162        LEU         0.16609         0.43943               0               0          1.3287               0               
         A        163        LYS               0               0               0               0               0               0               
         A        164        GLU         0.13674         0.38677               0               0          1.2307               0               
         A        165        LYS               0               0               0               0               0               0               
         A        166        PRO         0.17586         0.43077               0               0           1.231               0               
         A        167        ASP         0.48983         0.87593               0               0          2.3949               0               
         A        168        PRO         0.20965         0.51354               0               0          1.4676               0               
         A        169        LYS         0.14755         0.41733               0               0          1.3279               0               
         A        170        THR         0.38489         0.61163               0               0          1.4614               0               
         A        171        VAL          0.5612         0.91757               0               0          2.4012               0               
         A        172        GLU         0.16213         0.45857               0               0          1.4592               0               
         A        173        GLU         0.13689         0.38717               0               0           1.232               0               
         A        174        VAL          1.6409          1.0975         0.50689         0.71685          2.7687               0               
         A        175        ASP         0.18242         0.48264               0               0          1.4594               0               
         A        176        GLY               0               0               0               0               0               0               
         A        177        LYS               0               0               0               0               0               0               
         A        178        LEU         0.70094         0.70661         0.37962         0.65753          1.5282               0               
         A        179        LYS         0.16206         0.45837               0               0          1.4585               0               
         A        180        SER         0.22148         0.49523               0               0          1.3289               0               
         A        181        LEU         0.18997         0.50262         0.37995         0.65809          1.5198               0               
         A        182        PRO         0.51225         0.84696               0               0          2.2562               0               
         A        183        LYS               0               0               0               0               0               0               
         A        184        GLU         0.93593          1.1484               0               0          3.0663               0               
         A        185        LEU           1.021          1.1359         0.38274         0.66293          3.0092               0               
         A        186        LYS         0.59882         0.88247               0               0          2.4031               0               
         A        187        ARG         0.24407         0.52001               0               0          1.4558               0               
         A        188        TYR         0.78797          1.1654               0               0          3.1785               0               
         A        189        LEU          1.1493          1.1953               0               0          2.7762               0               
         A        190        HIS         0.26837         0.53906               0               0          1.4535               0               
         A        191        ILE         0.52624         0.68366         0.37998         0.65814          1.5199               0               
         A        192        ALA         0.99919         0.88077               0               0          2.2474               0               
         A        193        ARG         0.45396         0.77483               0               0          2.2497               0               
         A        194        GLU         0.28456         0.53289               0               0          1.3304               0               
         A        195        GLY               0               0               0               0               0               0               
         A        196        GLU          0.8572          0.8334         0.55233         0.68168           2.396               0               
         A        197        ALA          0.2909          0.5818               0               0          1.4545               0               
         A        198        ALA          0.7838         0.99872               0               0          2.3952               0               
         A        199        ARG          1.1845          1.1533         0.40697         0.64565          2.7624               0               
         A        200        GLN         0.59716         0.87963               0               0           2.393               0               
         A        201        HIS         0.26924         0.54097               0               0          1.4619               0               
         A        202        LEU          1.4388          0.9414          1.6267          1.0207          2.5006               0               
         A        203        ILE          1.0365         0.85689         0.75969         0.75969          2.4007               0               
         A        204        GLU          0.5765         0.86617               0               0          2.4252               0               
         A        205        ALA         0.29155          0.5831               0               0          1.4578               0               
         A        206        ASN          2.0467          1.0756           1.464         0.95535          3.4598               0               
         A        207        LEU          1.4488         0.93594          1.0052           1.064          2.5039               0               
         A        208        ARG         0.13225         0.41821               0               0          1.4548               0               
         A        209        LEU         0.67895         0.91201         0.37991         0.65802          2.3924               0               
         A        210        VAL           3.568          0.6833          3.2721        0.057647          4.5323          2.4219               
         A        211        VAL          2.2227          1.0991          1.3423           1.031          3.8077               0               
         A        212        SER         0.24375         0.54505               0               0          1.4625               0               
         A        213        ILE          1.3945          1.2109         0.38074         0.65946          3.0954               0               
         A        214        ALA          3.7592         0.78542          4.9178               0          4.9178          2.9371               
         A        215        LYS         0.61733         0.91182         0.30459         0.60919          2.4964               0               
         A        216        LYS         0.14791         0.41836               0               0          1.3312               0               
         A        217        TYR         0.44421         0.62926         0.34637         0.59993          1.3884               0               
         A        218        THR               0               0               0               0               0               0               
         A        219        GLY               0               0               0               0               0               0               
         A        220        ARG               0               0               0               0               0               0               
         A        221        GLY          0.3081         0.53364               0               0          1.2324               0               
         A        222        LEU          0.3811         0.66008         0.76219          0.7622          1.5299               0               
         A        223        SER         0.59828         0.88733               0               0          2.2579               0               
         A        224        PHE         0.45837         0.77807               0               0          2.2504               0               
         A        225        LEU          0.1819         0.48126               0               0          1.4552               0               
         A        226        ASP          0.1663            0.44               0               0          1.3304               0               
         A        227        LEU          2.0818          1.0153          1.6335          1.0256          3.4498               0               
         A        228        ILE          1.4032          1.1988          0.3792          0.6568           3.188               0               
         A        229        GLN         0.58121         0.87654               0               0          2.4689               0               
         A        230        GLU          1.4605          1.4178         0.30358         0.60717           3.664               0               
         A        231        GLY          3.6712         0.74875               0               0          4.4713          2.8775               
         A        232        ASN         0.93188         0.99764         0.86828         0.93931          2.4583               0               
         A        233        GLN         0.14752         0.41725               0               0          1.3277               0               
         A        234        GLY           2.546         0.78051               0               0          3.3692          1.3296               
         A        235        LEU          2.0883          1.3198          1.0077          1.0665          3.2974               0               
         A        236        ILE         0.83893         0.90048         0.37615         0.65151          2.4537               0               
         A        237        ARG         0.47827         0.81845               0               0           2.406               0               
         A        238        ALA          3.1587         0.78696          4.3676               0          4.3676          2.4266               
         A        239        VAL         0.60064         0.69827         0.50516          0.7144          1.5155               0               
         A        240        GLU         0.41892         0.80218               0               0           2.248               0               
         A        241        LYS         0.14755         0.41732               0               0          1.3279               0               
         A        242        PHE         0.38445         0.62809         0.39534         0.62508          1.4616               0               
         A        243        GLU         0.28459         0.53292               0               0          1.3292               0               
         A        244        TYR         0.34606         0.60252         0.36508         0.63335          1.5323               0               
         A        245        LYS         0.16209         0.45847               0               0          1.4589               0               
         A        246        ARG         0.12082         0.38207               0               0           1.329               0               
         A        247        GLY         0.33248         0.57587               0               0          1.3299               0               
         A        248        PHE         0.12084         0.38213               0               0          1.3292               0               
         A        249        ALA         0.71534         0.92277               0               0          2.2464               0               
         A        250        PHE          1.0628         0.86923         0.95068         0.88358          2.3937               0               
         A        251        SER          0.2428         0.54293               0               0          1.4568               0               
         A        252        THR         0.17592         0.43091               0               0          1.2314               0               
         A        253        TYR         0.95485          1.0138         0.94132          1.0055          2.4019               0               
         A        254        ALA          3.1803         0.53091           3.769               0          3.8009          2.4247               
         A        255        THR         0.56991         0.93531               0               0          2.4636               0               
         A        256        TRP         0.09499         0.34249               0               0          1.3299               0               
         A        257        TRP          1.6102          1.2436          1.1939          1.1204           3.612               0               
         A        258        ILE           3.852          0.5749          4.2115         0.37867          4.8427          3.0184               
         A        259        ARG         0.61068         0.85434         0.21639         0.53004          2.4512               0               
         A        260        GLN         0.43522         0.83977               0               0          2.3946               0               
         A        261        ALA          0.5378         0.66261               0               0          1.4587               0               
         A        262        ILE          1.2163          1.0887          1.7602          1.1489          3.0131               0               
         A        263        ASN         0.62571         0.84902               0               0          2.2471               0               
         A        264        ARG         0.13248         0.41892               0               0          1.4572               0               
         A        265        ALA         0.51178         0.62758               0               0           1.329               0               
         A        266        ILE         0.18217         0.48199               0               0          1.4574               0               
         A        267        ALA         0.26632         0.53264               0               0          1.3316               0               
         A        268        ASP               0               0               0               0               0               0               
         A        269        GLN               0               0               0               0               0               0               
