pdb_id: 
analysis type: unbound
radii_file: F:\psiafrombintisolah\PSAIA-1.0\amac_data\chothia.radii
ASA_zSice: 0.25
ASA_rSolvent: 1.4

  chain id|    res id|  res name|    average DPX|      s_avg DPX|   s-ch avg DPX| s-ch s_avg DPX|        max DPX|        min DPX|               
         R          3        PRO          0.5703         0.93049               0               0          2.4255               0               
         R          4        PRO         0.42963         0.67959               0               0          1.5404               0               
         R          5        GLY               0               0               0               0               0               0               
         R          6        LYS         0.30665         0.57738               0               0          1.5183               0               
         R          7        PRO         0.64365          0.7434           1.013         0.71633          1.5204               0               
         R          8        GLU         0.40085         0.78105               0               0          2.2669               0               
         R          9        ILE          0.5269         0.68491         0.37969         0.65764          1.5187               0               
         R         10        PHE         0.38613         0.63102         0.39508         0.62468          1.4819               0               
         R         11        LYS          0.8101         0.85722         0.37662         0.65232          2.2965               0               
         R         12        CYS         0.44656         0.63572               0               0          1.4658               0               
         R         13        ARG         0.59586         0.81621         0.40297         0.63951          2.2301               0               
         R         14        SER          1.5625         0.90539           2.632         0.11969          2.7517               0               
         R         15        PRO         0.55902         0.91391               0               0          2.3912               0               
         R         16        ASN         0.63807         0.87616               0               0          2.3704               0               
         R         17        LYS         0.59162         0.85867         0.31004         0.62009          2.2477               0               
         R         18        GLU         0.28715         0.53755               0               0          1.3335               0               
         R         19        THR          1.2565          1.1271               0               0          2.5985               0               
         R         20        PHE          1.2977         0.88962          1.3124         0.92582          2.4369               0               
         R         21        THR         0.96934          1.1842               0               0          2.8338               0               
         R         22        CYS          1.9018          1.0045         0.89946         0.89946          3.1984               0               
         R         23        TRP          0.4643         0.77603         0.13638         0.40914          2.4274               0               
         R         24        TRP          1.4877          1.1534          1.5869          1.2407          3.3169               0               
         R         25        ARG         0.24342         0.51821               0               0          1.4408               0               
         R         26        PRO         0.60914         0.70808               0               0          1.5433               0               
         R         27        GLY               0               0               0               0               0               0               
         R         28        THR         0.17748         0.43474               0               0          1.2424               0               
         R         29        ASP         0.37075         0.64226         0.37634         0.65184          1.5054               0               
         R         30        GLY               0               0               0               0               0               0               
         R         31        GLY               0               0               0               0               0               0               
         R         34        THR         0.20538         0.50308         0.47922         0.67772          1.4377               0               
         R         35        ASN               0               0               0               0               0               0               
         R         36        TYR         0.12362         0.41002               0               0          1.4835               0               
         R         37        SER           1.109          1.1748               0               0          2.7301               0               
         R         38        LEU          3.8938         0.55828          4.3559         0.16345          4.5898          2.9962               
         R         39        THR         0.55823         0.91645               0               0          2.4152               0               
         R         40        TYR          1.3156           1.031          1.4826         0.99083          2.7939               0               
         R         41        HIS          1.8341          1.4306         0.87151         0.95658          3.7677               0               
         R         42        ARG          1.5225          1.4983         0.57894         0.95366          3.8661               0               
         R         43        GLU         0.33732         0.63116          0.3083          0.6166          1.5415               0               
         R         44        GLY               0               0               0               0               0               0               
         R         45        GLU         0.39313         0.76613               0               0          2.2242               0               
         R         46        THR         0.20521         0.50266               0               0          1.4365               0               
         R         47        LEU         0.15444         0.40861               0               0          1.2355               0               
         R         48        MET         0.47111         0.83886               0               0          2.2735               0               
         R         49        HIS         0.25692         0.51433               0               0          1.3347               0               
         R         50        GLU         0.30031         0.56412               0               0           1.459               0               
         R         51        CYS          2.0695          1.1705          3.2631          0.3378          3.6009               0               
         R         52        PRO         0.42122         0.66617         0.50073         0.70814          1.5022               0               
         R         53        ASP         0.62207         0.84806               0               0          2.2882               0               
         R         54        TYR          0.2366          0.5295         0.17069          0.4516          1.4736               0               
         R         55        ILE         0.15526         0.41079               0               0          1.2421               0               
         R         56        THR         0.20944         0.51302               0               0          1.4661               0               
         R         57        GLY         0.33439         0.57918               0               0          1.3376               0               
         R         58        GLY          0.3313         0.57382               0               0          1.3252               0               
         R         59        PRO         0.18003         0.44098               0               0          1.2602               0               
         R         60        ASN         0.45004         0.81361               0               0          2.2664               0               
         R         61        SER          1.3119           1.062          2.5886         0.13848          2.7271               0               
         R         62        CYS          3.3942          0.7399          4.0401         0.42554          4.4656          2.2589               
         R         63        HIS          1.0609          1.1747         0.63933         0.96163          3.0963               0               
         R         64        PHE          3.1427         0.88557          3.7587         0.28697          4.1811          1.3291               
         R         65        GLY         0.90079         0.95875               0               0          2.2659               0               
         R         66        LYS               0               0               0               0               0               0               
         R         67        GLN               0               0               0               0               0               0               
         R         68        TYR         0.22556         0.50442         0.17126         0.45311          1.3701               0               
         R         69        THR           0.411         0.64984         0.48034          0.6793           1.441               0               
         R         70        SER         0.82216         0.88021               0               0           2.273               0               
         R         71        MET         0.52488          0.6808         0.37607         0.65137          1.5043               0               
         R         72        TRP         0.10508         0.37888               0               0          1.4712               0               
         R         73        ARG         0.46189         0.78376         0.21157         0.51825          2.2643               0               
         R         74        THR         0.94095          1.1415               0               0          2.7203               0               
         R         75        TYR          1.7033          1.4537         0.82993         0.89901          4.0752               0               
         R         76        ILE          1.1934          1.0529          0.7525          0.7525           2.921               0               
         R         77        MET          2.3864          1.3664          3.5245         0.69235          4.2477               0               
         R         78        MET          1.0347          1.1411               0               0          2.9914               0               
         R         79        VAL          3.7278          0.4032          3.8848         0.39747           4.242          3.3227               
         R         80        ASN         0.49516         0.88748               0               0           2.437               0               
         R         81        ALA         0.53744         0.66162               0               0          1.4494               0               
         R         82        THR         0.38957         0.61958               0               0          1.4884               0               
         R         83        ASN          1.9342          1.2358          2.9256         0.35745          3.4212               0               
         R         84        GLN               0               0               0               0               0               0               
         R         85        MET         0.16745         0.44304               0               0          1.3396               0               
         R         86        GLY               0               0               0               0               0               0               
         R         87        SER         0.24729         0.55295               0               0          1.4837               0               
         R         88        SER          1.0567         0.81372         0.70674         0.70674          2.2661               0               
         R         89        PHE         0.26136         0.55451         0.20199         0.49478           1.461               0               
         R         90        SER         0.70742         0.70912         0.71574         0.71574          1.4905               0               
         R         91        ASP               0               0               0               0               0               0               
         R         92        GLU         0.16291         0.46077               0               0          1.4662               0               
         R         93        LEU         0.61612         0.84083               0               0          2.2726               0               
         R         94        TYR         0.12197         0.40452               0               0          1.4636               0               
         R         95        VAL         0.58103         0.67545         0.50445         0.71341          1.5134               0               
         R         96        ASP         0.76894         0.81785         0.86343         0.92618          2.2008               0               
         R         97        VAL         0.99059         0.90164          1.0115         0.71535          2.3691               0               
         R         98        THR         0.74848         0.92878               0               0           2.459               0               
         R         99        TYR         0.41985         0.75698               0               0          2.2461               0               
         R        100        ILE          2.4654          1.1987          1.8445          1.2614          3.8726               0               
         R        101        VAL          2.2868          1.1079          1.3072         0.99858          3.4439               0               
         R        102        GLN          0.5896         0.88844               0               0          2.5032               0               
         R        103        PRO          1.7675          1.2168          2.8573         0.27672          3.0594               0               
         R        104        ASP         0.68307         0.92396         0.36168         0.62645          2.4549               0               
         R        105        PRO         0.60285         0.70109               0               0          1.5239               0               
         R        106        PRO          2.2947           1.219          3.4035         0.31108          3.8215               0               
         R        107        LEU         0.52515         0.68184         0.37547         0.65033          1.5019               0               
         R        108        GLU               0               0               0               0               0               0               
         R        109        LEU         0.67864         0.92184         0.99386           1.051          2.4712               0               
         R        110        ALA         0.26649         0.53298               0               0          1.3324               0               
         R        111        VAL         0.64002         0.73925          1.0085         0.71311           1.516               0               
         R        112        GLU         0.39713         0.77321               0               0          2.2413               0               
         R        113        VAL         0.38059         0.60568               0               0          1.4607               0               
         R        114        LYS         0.55575         0.81848               0               0          2.2218               0               
         R        115        GLN               0               0               0               0               0               0               
         R        116        PRO               0               0               0               0               0               0               
         R        117        GLU         0.39146         0.76082               0               0          2.1989               0               
         R        118        ASP         0.18409         0.48706               0               0          1.4727               0               
         R        119        ARG         0.23476         0.49831               0               0          1.3317               0               
         R        120        LYS         0.13836         0.39135               0               0          1.2453               0               
         R        121        PRO         0.60593         0.70407               0               0           1.522               0               
         R        122        TYR          1.6976          1.4118         0.94555          1.0163          4.1111               0               
         R        123        LEU          4.3718         0.37369          4.4167           0.337           4.917          3.8437               
         R        124        TRP         0.74932          1.0795         0.39894         0.84079          2.8757               0               
         R        125        ILE          3.3609         0.59028          3.7997         0.18774          4.1148          2.2161               
         R        126        LYS          1.0003          1.1564               0               0          2.6787               0               
         R        127        TRP          2.4529          1.4815          3.2871         0.68941          3.9273               0               
         R        128        SER         0.86884         0.92751               0               0          2.3787               0               
         R        129        PRO         0.60253         0.70036               0               0           1.513               0               
         R        130        PRO          1.8843          1.3525          3.1361         0.48922           3.572               0               
         R        131        THR         0.70097         0.85607               0               0          2.2377               0               
         R        132        LEU         0.63705         0.85775         0.37347         0.64686          2.2551               0               
         R        133        ILE         0.38129         0.66041         0.76258         0.76258          1.5277               0               
         R        136        LYS               0               0               0               0               0               0               
         R        137        THR               0               0               0               0               0               0               
         R        138        GLY               0               0               0               0               0               0               
         R        139        TRP               0               0               0               0               0               0               
         R        140        PHE         0.51216         0.67883         0.39468         0.62404          1.5267               0               
         R        141        THR         0.19057         0.46679               0               0           1.334               0               
         R        142        LEU         0.52346         0.67977         0.37558         0.65053          1.5023               0               
         R        143        LEU            1.01           1.088         0.37728         0.65347          2.7733               0               
         R        144        TYR          2.5194          1.5127          1.7536          1.2419          4.5992               0               
         R        145        GLU          2.3065          1.8719         0.80408           1.034          4.8981               0               
         R        146        ILE          2.2935          1.1983          1.3454         0.86352          3.8454               0               
         R        147        ARG          1.9763          1.5249         0.96406         0.90317          3.9553               0               
         R        148        LEU          1.3147          1.1001         0.37287         0.64583          2.8048               0               
         R        149        LYS         0.76577         0.89655         0.30256         0.60512          2.4115               0               
         R        150        PRO         0.93466         0.85121               0               0          2.2253               0               
         R        151        GLU         0.13593         0.38446               0               0          1.2234               0               
         R        152        LYS               0               0               0               0               0               0               
         R        153        ALA               0               0               0               0               0               0               
         R        154        ALA               0               0               0               0               0               0               
         R        155        GLU               0               0               0               0               0               0               
         R        156        TRP         0.58045         0.81697         0.66761         0.86608          2.4473               0               
         R        157        GLU         0.54222         0.80647               0               0          2.2384               0               
         R        158        ILE         0.33434         0.58217               0               0          1.4569               0               
         R        159        HIS         0.77282         0.81183         0.44732         0.63261          2.2377               0               
         R        160        PHE         0.24144         0.51339               0               0          1.4111               0               
         R        161        ALA         0.28959         0.57917               0               0          1.4479               0               
         R        162        GLY         0.89433         0.95326               0               0          2.2553               0               
         R        163        GLN         0.15955         0.45127               0               0          1.4359               0               
         R        164        GLN         0.54769         0.81464               0               0          2.2613               0               
         R        165        THR         0.20777         0.50894               0               0          1.4544               0               
         R        166        GLU         0.45007            0.64               0               0          1.5021               0               
         R        167        PHE         0.84718         0.80601          0.6168         0.71325          2.2274               0               
         R        168        LYS         0.46154         0.65722         0.30072         0.60145          1.5036               0               
         R        169        ILE         0.99612         0.81113         0.74909         0.74909          2.2134               0               
         R        170        LEU               0               0               0               0               0               0               
         R        171        SER               0               0               0               0               0               0               
         R        172        LEU         0.47554         0.84723         0.95107         0.99163          2.2991               0               
         R        173        HIS         0.14955         0.44865         0.24925         0.55734          1.4955               0               
         R        174        PRO         0.61153         0.70789         0.49149         0.69507          1.4868               0               
         R        175        GLY          0.3309         0.57313               0               0          1.3236               0               
         R        176        GLN          0.5458         0.81211               0               0          2.2557               0               
         R        177        LYS         0.30011         0.56476               0               0          1.4799               0               
         R        178        TYR          2.1687          1.2085          1.7613          1.2463          3.8055               0               
         R        179        LEU         0.65026         0.89837               0               0          2.4556               0               
         R        180        VAL          2.0073          1.0562          1.3296          1.0202          3.3818               0               
         R        181        GLN         0.75101          0.8965         0.30404         0.60808          2.4821               0               
         R        182        VAL          3.0894          0.8303          3.6954        0.054198          3.7719          1.3287               
         R        183        ARG          2.5019          2.2053          1.0545           1.326          5.6531               0               
         R        184        CYS          4.6676         0.44893          4.3462         0.30393          5.4543          4.0422               
         R        185        LYS          1.4627          1.3828         0.30261         0.60522           3.247               0               
         R        186        PRO             1.1          1.0057          1.2875         0.97829          2.3698               0               
         R        187        ASP         0.43831         0.79739         0.87661         0.94204           2.241               0               
         R        188        HIS               0               0               0               0               0               0               
         R        189        GLY               0               0               0               0               0               0               
         R        190        TYR         0.41047         0.74298               0               0          2.2522               0               
         R        191        TRP          1.0314          0.9992          1.1736          1.0687           2.892               0               
         R        192        SER          1.4697          1.0979          2.5261         0.12298          2.6491               0               
         R        193        ALA         0.71331         0.91856               0               0           2.232               0               
         R        194        TRP           1.025         0.99233          1.1678          1.0607          2.8615               0               
         R        195        SER          1.4535         0.73942         0.71762         0.71762          2.2318               0               
         R        196        PRO         0.17575         0.43049               0               0          1.2302               0               
         R        197        ALA         0.29399         0.58798               0               0          1.4699               0               
         R        198        THR         0.90891         0.84412          0.4676         0.66129          2.2876               0               
         R        199        PHE         0.13275         0.41979               0               0          1.4602               0               
         R        200        ILE          1.1176         0.94979          1.0078          1.0657          2.5054               0               
         R        201        GLN         0.29793         0.56001               0               0          1.4558               0               
         R        202        ILE           3.255         0.75855          3.9885         0.16116          4.2344          2.2033               
         R        203        PRO         0.72296         0.87878               0               0          2.2752               0               
         R        204        SER         0.20024         0.44775               0               0          1.2014               0               
         R        205        ASP         0.33896         0.59083               0               0          1.4884               0               
         R        206        PHE          1.3166          1.1083          1.0806          1.0113          3.0646               0               
         R        207        THR         0.56563         0.92729               0               0           2.438               0               
         R        208        MET          0.1662         0.43971               0               0          1.3296               0               
         R        209        ASN         0.14868         0.39337               0               0          1.1894               0               
         R        210        ASP         0.45279         0.81634               0               0          2.2644               0               
         R        211        THR               0               0               0               0               0               0               
