pdb_id: 
analysis type: unbound
radii_file: F:\psiafrombintisolah\PSAIA-1.0\amac_data\chothia.radii
ASA_zSice: 0.25
ASA_rSolvent: 1.4

  chain id|    res id|  res name|    average DPX|      s_avg DPX|   s-ch avg DPX| s-ch s_avg DPX|        max DPX|        min DPX|               
         A         13        ALA         0.72171         0.93151               0               0          2.2691               0               
         A         14        VAL         0.38481         0.61192               0               0          1.4686               0               
         A         15        ILE          0.5267         0.68387         0.38073         0.65944          1.5229               0               
         A         16        THR               0               0               0               0               0               0               
         A         17        ASP         0.45091         0.81562               0               0          2.2739               0               
         A         18        TRP          1.8415          1.5499          2.3091          1.5537          4.5492               0               
         A         19        ARG          0.2458         0.52402               0               0          1.4741               0               
         A         20        PRO         0.92192         0.86874         0.49638         0.70199           2.382               0               
         A         21        GLU          0.1397         0.39512         0.25146         0.50291          1.2573               0               
         A         22        ASP         0.44902         0.81042               0               0          2.2518               0               
         A         23        PRO         0.51138         0.84498               0               0          2.2489               0               
         A         24        ALA               0               0               0               0               0               0               
         A         25        PHE           1.045          1.0191          1.0793          1.0089          2.4146               0               
         A         26        TRP          1.1352         0.94765          1.0734         0.97235          2.6542               0               
         A         27        GLN         0.16165         0.45721               0               0          1.4548               0               
         A         28        GLN               0               0               0               0               0               0               
         A         29        ARG         0.38166         0.62627         0.21466          0.5258          1.5026               0               
         A         30        GLY          2.4648         0.70419               0               0          3.1053          1.3317               
         A         31        GLN         0.57061         0.85787               0               0          2.4051               0               
         A         32        ARG         0.11129         0.35194               0               0          1.2242               0               
         A         33        ILE          1.9403          1.2541          1.0023           1.057          3.5062               0               
         A         34        ALA          2.3803         0.61704          3.1924               0          3.1924          1.3263               
         A         35        SER               0               0               0               0               0               0               
         A         36        ARG         0.11254         0.35589               0               0           1.238               0               
         A         37        ASN           3.455          0.6937          4.0834         0.17106           4.239          2.2551               
         A         38        LEU          1.6127          1.3454         0.38326         0.66383          3.4928               0               
         A         39        TRP         0.10409         0.37529               0               0          1.4572               0               
         A         40        ILE          1.1597         0.97808          1.0054          1.0616          2.4929               0               
         A         41        SER         0.44909         0.63862               0               0          1.4631               0               
         A         42        VAL           1.279          1.1547               0               0          2.7206               0               
         A         43        PRO         0.76639         0.92599               0               0          2.3764               0               
         A         44        CYS         0.95798           0.995         0.89789         0.89789            2.43               0               
         A         45        LEU         0.99192          1.0444          1.0049          1.0626          2.4984               0               
         A         46        LEU          1.6472          1.3695         0.38285         0.66311          3.3202               0               
         A         47        LEU         0.94587          1.0044               0               0          2.4768               0               
         A         48        ALA         0.29225          0.5845               0               0          1.4612               0               
         A         49        PHE         0.61364         0.84936         0.21501         0.52666          2.3926               0               
         A         50        CYS          2.4721          1.3426         0.90423         0.90423          4.1519               0               
         A         51        VAL          4.0513          0.2535          4.2678        0.046608          4.3191          3.6069               
         A         52        TRP          2.1281          1.1045          2.3112           1.025           3.566               0               
         A         53        MET          1.3699          0.8826          1.4799         0.93864          2.5906               0               
         A         54        LEU          1.1541         0.99134          1.6307          1.0223          2.5014               0               
         A         55        PHE          1.1856          1.0115          1.4789          1.0532          2.7728               0               
         A         56        SER         0.23671          0.5293         0.71014         0.71014          1.4203               0               
         A         57        ALA         0.26684         0.53368               0               0          1.3342               0               
         A         58        VAL          0.9722         0.89917         0.50754         0.71777           2.411               0               
         A         59        ALA          1.8419          1.0137               0               0          2.7968               0               
         A         60        VAL         0.60196         0.69972         0.50654         0.71636          1.5196               0               
         A         61        ASN          1.3083          1.1286          0.3074         0.53243          2.9364               0               
         A         62        LEU          3.7946         0.84676          4.5206         0.23921          4.8259            2.39               
         A         63        PRO          0.4239          0.6703          0.5003         0.70753          1.5009               0               
         A         64        LYS               0               0               0               0               0               0               
         A         65        VAL         0.40903         0.64874         0.50905          0.7199          1.5271               0               
         A         66        GLY               0               0               0               0               0               0               
         A         67        PHE         0.64423         0.70682          1.0124         0.64217          1.5339               0               
         A         68        ASN               0               0               0               0               0               0               
         A         69        PHE         0.73034         0.84412          0.9577         0.88772          2.3944               0               
         A         70        THR         0.51056         0.84375               0               0          2.2461               0               
         A         71        THR          0.5887           0.683         0.47687         0.67439           1.459               0               
         A         72        ASP         0.49275         0.88076               0               0          2.4062               0               
         A         73        GLN         0.76942         0.89828         0.30499         0.60998          2.4017               0               
         A         74        LEU          2.5233          1.2168          1.6308          1.0232          3.8281               0               
         A         75        PHE          1.8261          1.0231          1.4764          1.0508          3.2226               0               
         A         76        MET          1.2236          1.3011               0               0          3.2958               0               
         A         77        LEU          3.8827         0.91368          4.7092         0.23125          5.0868          2.4492               
         A         78        THR         0.60057         0.69802         0.50557         0.71499          1.5167               0               
         A         79        ALA          3.2297         0.64665          4.1356               0          4.1356          2.2532               
         A         80        LEU          2.2634          1.4854         0.99726          1.0526          3.9455               0               
         A         81        PRO          2.1983          1.2685         0.99677         0.70487          3.9691               0               
         A         82        SER          2.4162          1.4445          3.6275         0.65735          4.2848               0               
         A         83        VAL         0.60286         0.70098         0.50705         0.71708          1.5211               0               
         A         84        SER          1.1331          0.8668         0.70819         0.70819          2.3978               0               
         A         85        GLY          3.0848         0.49364               0               0          3.8231          2.4327               
         A         86        ALA         0.79344          1.0148               0               0          2.4461               0               
         A         87        LEU         0.16664          0.4409               0               0          1.3332               0               
         A         88        LEU          1.4805          1.3214         0.38147         0.66073          3.3336               0               
         A         89        ARG          2.4291           1.373          2.0437          1.5469          4.2036               0               
         A         90        VAL         0.77424          0.9361               0               0          2.4046               0               
         A         91        PRO         0.21086          0.5165               0               0           1.476               0               
         A         92        TYR           1.668          1.1134          1.2651          1.0623          3.0529               0               
         A         93        SER         0.66368         0.97633               0               0          2.4567               0               
         A         94        PHE         0.23271         0.49413               0               0          1.3307               0               
         A         95        MET          1.5844          1.3218         0.38005         0.65826           3.196               0               
         A         96        VAL         0.78902         0.95703         0.50695         0.71693           2.474               0               
         A         97        PRO         0.40693         0.64458         0.49886          0.7055          1.4966               0               
         A         98        ILE         0.51105          0.6642         0.38245         0.66243          1.5298               0               
         A         99        PHE         0.34266         0.74234               0               0          2.2379               0               
         A        100        GLY          0.8972         0.95554               0               0          2.2594               0               
         A        101        GLY         0.97427          1.0211               0               0           2.381               0               
         A        102        ARG          1.5351          1.3113         0.76612         0.94813          3.8064               0               
         A        103        ARG         0.13316          0.4211               0               0          1.4648               0               
         A        104        TRP         0.90703         0.83666         0.77817         0.81497          2.2513               0               
         A        105        THR          0.5573         0.91074               0               0          2.3812               0               
         A        106        ALA         0.79104          1.0107               0               0          2.4331               0               
         A        107        PHE         0.11192         0.35392               0               0          1.2311               0               
         A        108        SER          1.2152         0.95417         0.70632         0.70632          2.3952               0               
         A        109        THR         0.76591         0.92724               0               0          2.3878               0               
         A        110        GLY         0.36629         0.63444               0               0          1.4652               0               
         A        111        ILE         0.32083         0.55621               0               0          1.3313               0               
         A        112        LEU          1.9057          1.2001         0.99959          1.0557           3.134               0               
         A        113        ILE         0.69278         0.93567         0.37944         0.65722          2.4821               0               
         A        114        ILE         0.15405         0.40757               0               0          1.2324               0               
         A        115        PRO           1.733          1.3293         0.49466         0.69956          3.7794               0               
         A        116        CYS          3.8455         0.70961          4.6092         0.64742          5.2566          3.1365               
         A        117        VAL          1.0934           1.016               0               0          2.5113               0               
         A        118        TRP         0.27737         0.69849               0               0          2.3704               0               
         A        119        LEU          1.1432         0.97088         0.76227         0.76231          2.4473               0               
         A        120        GLY          2.5784         0.23638               0               0          2.8251          2.2477               
         A        121        PHE         0.13306         0.42078               0               0          1.4637               0               
         A        122        ALA         0.78372         0.99837               0               0          2.3935               0               
         A        123        VAL         0.96293         0.89989         0.50706         0.71709          2.4297               0               
         A        124        GLN         0.16274         0.46031               0               0          1.4647               0               
         A        125        ASP         0.44848         0.81042               0               0           2.256               0               
         A        126        THR         0.20937         0.51284               0               0          1.4656               0               
         A        127        SER               0               0               0               0               0               0               
         A        128        THR         0.39558         0.62603         0.47813         0.67618          1.4344               0               
         A        129        PRO         0.70759         0.86556               0               0          2.2681               0               
         A        130        TYR          1.0524         0.96153         0.94607          1.0111          2.4005               0               
         A        131        SER               0               0               0               0               0               0               
         A        132        VAL         0.97067         0.89772         0.50713          0.7172          2.4073               0               
         A        133        PHE          4.2006         0.77052          4.5581         0.55776          5.2685          2.4361               
         A        134        ILE          1.4073          1.1977         0.38025         0.65862          3.1419               0               
         A        135        ILE          1.6804          1.3973         0.38149         0.66075          3.4081               0               
         A        136        ILE          3.9765         0.44916          3.9367         0.43858          4.5027          3.3154               
         A        137        SER           3.748         0.54525          3.7722        0.018699          4.7143          3.1051               
         A        138        LEU         0.68862         0.92931         0.37959         0.65747          2.4614               0               
         A        139        LEU         0.70181         0.70779         0.38024         0.65859          1.5347               0               
         A        140        CYS          1.8745         0.98633         0.90239         0.90239          3.1615               0               
         A        141        GLY          3.2092          0.1963               0               0          3.5434          3.0393               
         A        142        PHE         0.47161         0.81444               0               0          2.4271               0               
         A        143        ALA          1.6264          1.0832            3.17               0            3.17               0               
         A        144        GLY         0.67331         0.67801               0               0          1.4593               0               
         A        145        ALA          2.9299         0.47153           3.733               0           3.733           2.261               
         A        146        ASN         0.80593         0.88019         0.30958          0.5362          2.4542               0               
         A        147        PHE         0.73151          1.0327         0.19822         0.48554          2.7592               0               
         A        148        ALA          0.8427         0.69492          1.5175               0          1.5175               0               
         A        149        SER         0.63122         0.91625               0               0          2.2513               0               
         A        150        SER         0.87298         0.93266               0               0          2.3941               0               
         A        151        MET         0.90356         0.93874         0.82668         0.83258          2.3995               0               
         A        152        ALA         0.78375         0.99911               0               0          2.3976               0               
         A        153        ASN          1.3764          1.2208         0.30894         0.53511          3.3502               0               
         A        154        ILE          3.6564         0.51839          4.0122         0.17456          4.1866          2.9685               
         A        155        SER         0.66896         0.98467               0               0          2.4798               0               
         A        156        PHE          0.2335         0.49584               0               0          1.3369               0               
         A        157        PHE           2.361          1.0593          2.0078          1.1155          3.7629               0               
         A        158        PHE          1.2786          1.0775          1.0979          1.0335          2.7632               0               
         A        159        PRO          1.5134          1.0525         0.49965         0.70661          2.7866               0               
         A        160        LYS         0.61169         0.90167         0.30367         0.60735           2.458               0               
         A        161        GLN               0               0               0               0               0               0               
         A        162        LYS         0.14806         0.41878               0               0          1.3326               0               
         A        163        GLN          1.0229         0.77696         0.54794         0.67699          2.2769               0               
         A        164        GLY               0               0               0               0               0               0               
         A        165        GLY               0               0               0               0               0               0               
         A        166        ALA         0.78574          1.0011               0               0          2.4005               0               
         A        167        LEU         0.68615         0.92438         0.38017         0.65847          2.4399               0               
         A        168        GLY               0               0               0               0               0               0               
         A        169        LEU         0.49058         0.87687               0               0          2.3954               0               
         A        170        ASN          3.0534         0.49619          3.2771         0.38081          3.6749          2.4386               
         A        171        GLY         0.67308          0.6783               0               0           1.465               0               
         A        172        GLY               0               0               0               0               0               0               
         A        173        LEU          1.2373          1.0906         0.37993         0.65806          3.0013               0               
         A        174        GLY          3.3701         0.40739               0               0          4.0352          3.0342               
         A        175        ASN          1.3645          1.1956         0.30785         0.53321          3.1782               0               
         A        176        MET          1.6857          1.4003         0.37829         0.65522          3.2906               0               
         A        177        GLY          3.7548         0.35402               0               0          4.0967          3.1611               
         A        178        VAL          3.9851         0.70134          4.2559         0.55813           5.045           3.038               
         A        179        SER         0.90688          0.9698         0.70668         0.70668          2.4977               0               
         A        180        VAL         0.58447         0.67944          0.5079         0.71828          1.5237               0               
         A        181        MET          3.0929         0.57006          3.6096         0.24845          3.9319          2.2585               
         A        182        GLN         0.29827         0.56064               0               0          1.4573               0               
         A        183        LEU          0.5279         0.68625         0.38404         0.66518          1.5362               0               
         A        184        VAL         0.98826         0.90418         0.50752         0.71774          2.3962               0               
         A        185        ALA         0.79422          1.0153               0               0          2.4454               0               
         A        186        PRO               0               0               0               0               0               0               
         A        187        LEU          0.1667         0.44106               0               0          1.3336               0               
         A        188        VAL         0.40742          0.6462         0.50711         0.71716          1.5213               0               
         A        189        VAL         0.93177         0.88225         0.50744         0.71763          2.4285               0               
         A        190        SER               0               0               0               0               0               0               
         A        211        TYR           0.718         0.92662               0               0          2.2569               0               
         A        212        LEU         0.52783         0.68567         0.38003         0.65823          1.5201               0               
         A        213        ALA          1.8191          1.0074               0               0          2.8472               0               
         A        214        ASN          0.6748          0.9091               0               0          2.3988               0               
         A        215        ALA          1.9049          1.0715               0               0          3.0479               0               
         A        216        SER          1.8639          1.0478         0.70563         0.70563          3.2943               0               
         A        217        TRP         0.28379         0.71871               0               0          2.4695               0               
         A        218        ILE         0.15443          0.4086               0               0          1.2355               0               
         A        219        TRP          1.8881          1.1922          1.4311          1.0646          3.5725               0               
         A        220        VAL         0.75436          0.9402               0               0          2.5023               0               
         A        221        PRO         0.20962         0.51345               0               0          1.4673               0               
         A        222        PHE         0.61448         0.85037         0.21482         0.52619           2.395               0               
         A        223        LEU          2.1899         0.94132          1.6485          1.0371          3.2536               0               
         A        224        ALA         0.53853         0.66337               0               0          1.4585               0               
         A        225        ILE          0.1541         0.40771               0               0          1.2328               0               
         A        226        PHE          1.5789          1.3637         0.75846         0.94255          3.7608               0               
         A        227        THR           1.541           1.084         0.47776         0.67565          2.8293               0               
         A        228        ILE         0.82169         0.85972          0.3819         0.66147          2.2507               0               
         A        229        ALA          0.2446          0.4892               0               0           1.223               0               
         A        230        ALA          3.0836         0.53796          3.7245               0          3.7245          2.2457               
         A        231        TRP         0.37251         0.75321               0               0           2.458               0               
         A        232        PHE         0.13238         0.41862               0               0          1.4562               0               
         A        233        GLY               0               0               0               0               0               0               
         A        234        MET          1.6205          1.1553          1.9966          1.2874          3.4033               0               
         A        235        ASN          1.4661         0.95677          1.4595         0.95213          2.3967               0               
         A        236        ASP          1.3554          0.8713         0.86636         0.92934          2.2636               0               
         A        237        LEU         0.37256         0.64545         0.37983         0.65788          1.5193               0               
         A        238        ALA               0               0               0               0               0               0               
         A        256        LEU         0.19214         0.50836         0.38429          0.6656          1.5371               0               
         A        257        TRP         0.10512         0.37901               0               0          1.4717               0               
         A        258        ILE         0.68366         0.91808         0.38119         0.66025          2.4068               0               
         A        259        MET          1.7875          1.1431          1.1495          1.1999          3.2173               0               
         A        260        SER          1.4971         0.79013         0.70974         0.70974          2.4447               0               
         A        261        LEU         0.48846         0.87334               0               0          2.3872               0               
         A        262        LEU          3.7483         0.66444          4.0525         0.49457          4.7508          2.4308               
         A        263        TYR          3.1091          1.2713          2.6489          1.3157          4.3989               0               
         A        264        LEU           1.086          1.2544         0.38255          0.6626           3.518               0               
         A        265        ALA          1.3782         0.77204          1.5157               0          2.3949               0               
         A        266        THR          2.2779          1.1393          1.3131         0.99809          3.7717               0               
         A        267        PHE          1.8309          1.2771          1.0963          1.0314          3.3317               0               
         A        268        GLY          1.3054          0.8834               0               0          2.4743               0               
         A        269        SER          1.4629          1.2398         0.70843         0.70843          3.4491               0               
         A        270        PHE          1.5758          1.0975          1.0869          1.0172          3.2049               0               
         A        271        ILE          3.9841         0.36939           4.096        0.021656          4.3291          3.0879               
         A        272        GLY          3.1994         0.59255               0               0          3.8024          2.4448               
         A        273        PHE          1.3178          0.8963          1.3046         0.91888          2.4159               0               
         A        274        SER          1.1058         0.86382            1.97          0.4448          2.4148               0               
         A        275        ALA          1.8553          1.1468          3.3643               0          3.3643               0               
         A        276        GLY          1.4677         0.95821               0               0          2.3853               0               
         A        277        PHE         0.92784         0.90778         0.73803         0.90676          2.3913               0               
         A        278        ALA          1.4351          1.3086               0               0          3.2964               0               
         A        279        MET          1.4177          1.2202         0.38069         0.65938          3.3021               0               
         A        280        LEU          3.8552         0.45568          3.8203         0.34654          4.5554          3.2093               
         A        281        SER          4.2601         0.46727          4.4755        0.086943          4.7166          3.4615               
         A        282        LYS         0.60615         0.89101         0.30383         0.60765          2.4137               0               
         A        283        THR         0.39473          0.6247         0.47734         0.67506           1.432               0               
         A        284        GLN         0.71823         0.85857          1.0274         0.92067          2.3817               0               
         A        285        PHE          1.1665         0.96501          1.0816           1.011          2.3989               0               
         A        286        PRO         0.42924         0.67886               0               0          1.5312               0               
         A        287        ASP         0.16621         0.43974               0               0          1.3297               0               
         A        288        VAL         0.51307         0.84832               0               0          2.2599               0               
         A        289        GLN         0.39935         0.77874               0               0           2.263               0               
         A        290        ILE          1.6207           1.206          1.9801          1.4128          3.8653               0               
         A        291        LEU         0.15406          0.4076               0               0          1.2325               0               
         A        292        GLN         0.13699         0.38746               0               0          1.2329               0               
         A        293        TYR         0.44991         0.80785               0               0          2.4009               0               
         A        294        ALA         0.54068          0.6663               0               0          1.4685               0               
         A        295        PHE          1.3594          1.3087         0.55582         0.92849           3.075               0               
         A        296        PHE         0.68918          0.9552               0               0          2.4648               0               
         A        297        GLY          0.9798          1.0272               0               0          2.3956               0               
         A        298        PRO            1.82          1.4288         0.49426         0.69899          3.7169               0               
         A        299        PHE          1.2948          1.5157         0.21482         0.52619          3.8061               0               
         A        300        ILE          1.0193          1.1349         0.38218         0.66196          3.0136               0               
         A        301        GLY         0.94388         0.97858               0               0           2.253               0               
         A        302        ALA          0.2663         0.53259               0               0          1.3315               0               
         A        303        LEU         0.35702          0.6202         0.38078         0.65953          1.5231               0               
         A        304        ALA         0.78457               1               0               0          2.3993               0               
         A        305        ARG         0.47285         0.81597               0               0          2.4267               0               
         A        306        SER         0.24345         0.54438               0               0          1.4607               0               
         A        307        ALA         0.24506         0.49012               0               0          1.2253               0               
         A        308        GLY           2.069         0.42894               0               0           2.419          1.3345               
         A        309        GLY         0.30821         0.53383               0               0          1.2328               0               
         A        310        ALA               0               0               0               0               0               0               
         A        311        LEU         0.68234         0.91651         0.38264         0.66275          2.4038               0               
         A        312        SER          2.0576          1.1247          3.1544         0.11418          3.2686               0               
         A        313        ASP         0.18326         0.48486               0               0          1.4661               0               
         A        314        ARG         0.12104         0.38276               0               0          1.3314               0               
         A        315        LEU           0.167         0.44184               0               0           1.336               0               
         A        316        GLY         0.89589         0.95356               0               0          2.2536               0               
         A        317        GLY         0.89539         0.95353               0               0          2.2545               0               
         A        318        THR               0               0               0               0               0               0               
         A        319        ARG         0.11204         0.35429               0               0          1.2324               0               
         A        320        VAL         0.39271         0.62548         0.50514         0.71438          1.5154               0               
         A        321        THR         0.97598         0.89841         0.47735         0.67507          2.4027               0               
         A        322        LEU          1.2284          1.3107               0               0          3.3588               0               
         A        323        VAL          1.3921          1.2801               0               0          3.1406               0               
         A        324        ASN          1.3205          1.1351         0.30696         0.53168          2.8444               0               
         A        325        PHE          2.4019          1.0699          1.9893          1.0818          3.8053               0               
         A        326        ILE         0.52752         0.68516         0.38105            0.66          1.5242               0               
         A        327        LEU          1.9191          1.2135          1.0053          1.0629          3.2963               0               
         A        328        MET          3.8417         0.47286          4.0385         0.34856          4.4912          3.2564               
         A        329        ALA         0.79645          1.0193               0               0          2.4588               0               
         A        330        ILE         0.34418         0.60097         0.38224         0.66205          1.5289               0               
         A        331        PHE          1.7461          1.2388          1.2846          1.3405          3.7994               0               
         A        332        SER         0.44888          0.6383               0               0           1.462               0               
         A        333        GLY         0.36465         0.63159               0               0          1.4586               0               
         A        334        LEU         0.33744         0.58731               0               0          1.4654               0               
         A        335        LEU          2.1057         0.88079          1.6353           1.027          2.8206               0               
         A        336        PHE         0.13283         0.42005               0               0          1.4612               0               
         A        337        LEU         0.16671         0.44108               0               0          1.3337               0               
         A        338        THR         0.93243         0.88314          1.3195          1.0032          2.4306               0               
         A        339        LEU          1.0156         0.86565          1.0081           1.067          2.5106               0               
         A        340        PRO         0.42808           0.677               0               0           1.525               0               
         A        341        THR               0               0               0               0               0               0               
         A        342        ASP               0               0               0               0               0               0               
         A        343        GLY               0               0               0               0               0               0               
         A        344        GLN               0               0               0               0               0               0               
         A        345        GLY               0               0               0               0               0               0               
         A        346        GLY               0               0               0               0               0               0               
         A        347        SER         0.59806         0.88657               0               0          2.2546               0               
         A        348        PHE         0.93079          0.9104         0.74036         0.90975          2.3996               0               
         A        349        MET               0               0               0               0               0               0               
         A        350        ALA          0.7849         0.99955               0               0          2.3953               0               
         A        351        PHE          4.3475         0.82257          4.8937         0.25374           5.319          2.4369               
         A        352        PHE         0.72555         0.84629          0.3972         0.62803          2.4376               0               
         A        353        ALA         0.29328         0.58655               0               0          1.4664               0               
         A        354        VAL          1.3256         0.93414          1.3353          1.0229          2.4849               0               
         A        355        PHE           1.079         0.89718         0.95309         0.88598          2.4443               0               
         A        356        LEU               0               0               0               0               0               0               
         A        357        ALA          0.2459         0.49181               0               0          1.2295               0               
         A        358        LEU          2.3351           1.104          1.6303          1.0224           3.984               0               
         A        359        PHE          1.9957          1.4511          1.0981           1.033          3.7967               0               
         A        360        LEU           1.339          1.1148         0.38049         0.65903          2.7781               0               
         A        361        THR           1.192         0.81663         0.98274         0.69594          2.4069               0               
         A        362        ALA          3.0675         0.62962          3.8531               0          3.8531          2.4422               
         A        363        GLY          1.3386         0.85559               0               0          2.3833               0               
         A        364        LEU          1.4801          1.1988          0.3818          0.6613          2.7973               0               
         A        365        GLY          1.3375         0.85483               0               0           2.381               0               
         A        366        SER          1.5291          1.1467               0               0          2.7889               0               
         A        367        GLY         0.66874         0.67336               0               0          1.4489               0               
         A        368        SER          1.8392          1.0369         0.70742         0.70742          3.3061               0               
         A        369        THR          2.0285         0.92499          1.2769         0.98632          2.8048               0               
         A        370        PHE         0.13243          0.4188               0               0          1.4568               0               
         A        371        GLN          0.7416         0.87914          0.5488         0.67838           2.398               0               
         A        372        MET         0.86116         0.90322         0.37989         0.65798          2.3882               0               
         A        373        ILE         0.63421         0.85693               0               0          2.2702               0               
         A        374        SER         0.65517          0.9597               0               0          2.3986               0               
         A        375        VAL          1.0845          1.0212         0.50745         0.71765          2.4372               0               
         A        376        ILE         0.92873         0.99123         0.38218         0.66195          2.4092               0               
         A        377        PHE          1.2798          1.2169         0.55685         0.93039          2.7552               0               
         A        378        ARG         0.13288         0.42021               0               0          1.4617               0               
         A        379        LYS         0.43767          0.8442               0               0          2.4054               0               
         A        380        LEU         0.18275          0.4835               0               0           1.462               0               
         A        381        THR          1.2948          0.9104          1.2619         0.96944          2.4096               0               
         A        382        MET          1.1626          1.2119               0               0          2.8486               0               
         A        383        ASP         0.18347         0.48542               0               0          1.4678               0               
         A        384        ARG         0.11243         0.35554               0               0          1.2367               0               
         A        385        VAL          2.0058         0.89565          1.3411          1.0285          2.7534               0               
         A        386        LYS         0.16266         0.46007               0               0          1.4639               0               
         A        387        ALA               0               0               0               0               0               0               
         A        388        GLU               0               0               0               0               0               0               
         A        389        GLY         0.33306         0.57687               0               0          1.3322               0               
         A        390        GLY         0.33262         0.57611               0               0          1.3305               0               
         A        391        SER         0.20537         0.45921               0               0          1.2322               0               
         A        392        ASP         0.15395         0.40731               0               0          1.2316               0               
         A        393        GLU          0.2858         0.53517               0               0          1.3344               0               
         A        394        ARG         0.84604          1.1638               0               0          2.9906               0               
         A        395        ALA         0.79482           1.017               0               0          2.4527               0               
         A        396        MET         0.16648         0.44046               0               0          1.3318               0               
         A        397        ARG         0.37082         0.60861               0               0          1.5137               0               
         A        398        GLU         0.42438         0.60068         0.25119         0.50238          1.3326               0               
         A        399        ALA          1.0001         0.88214               0               0          2.2546               0               
         A        400        ALA               0               0               0               0               0               0               
         A        401        THR         0.36674         0.58045               0               0           1.332               0               
         A        402        ASP          0.3366         0.58566               0               0          1.4576               0               
         A        403        THR         0.54185         0.87869               0               0          2.2616               0               
         A        404        ALA         0.26672         0.53344               0               0          1.3336               0               
         A        405        ALA               0               0               0               0               0               0               
         A        406        ALA         0.78664           1.002               0               0          2.4017               0               
         A        407        LEU         0.62922         0.84888               0               0          2.2416               0               
         A        408        GLY         0.30719         0.53207               0               0          1.2288               0               
         A        409        PHE         0.65306          1.1336               0               0          3.2544               0               
         A        410        ILE          1.2033          1.2629               0               0          3.0525               0               
         A        411        SER          3.4071         0.41058          3.6733         0.16903          3.9612          2.7827               
         A        412        ALA          1.0409         0.94017               0               0          2.4497               0               
         A        413        ILE          1.0397         0.85882          0.7608         0.76081          2.4033               0               
         A        414        GLY          3.6004         0.69628               0               0          4.3137          2.4459               
         A        415        ALA          3.9299         0.31148          3.7378               0          4.4952          3.5848               
         A        416        ILE          1.0788          1.2395         0.38222         0.66202          3.4497               0               
         A        417        GLY          1.3437         0.85861               0               0          2.3915               0               
         A        418        GLY           3.458         0.61391               0               0          4.0196          2.4301               
         A        419        PHE          1.0917           1.084           0.397         0.62771          2.7943               0               
         A        420        PHE         0.24413         0.52024               0               0          1.4589               0               
         A        421        ILE           1.532          1.2627         0.38178         0.66126           3.109               0               
         A        422        PRO          3.8644         0.64104          4.3477         0.48692          4.8656          3.0974               
         A        423        LYS         0.57976         0.87304               0               0          2.4534               0               
         A        424        ALA         0.24547         0.49093               0               0          1.2273               0               
         A        425        PHE          1.9643          1.1172          1.6267          1.2722          3.7941               0               
         A        426        GLY          1.3393         0.85672               0               0           2.387               0               
         A        427        SER         0.24468         0.54711               0               0          1.4681               0               
         A        428        SER          1.1094         0.85745         0.70913         0.70913           2.389               0               
         A        429        LEU          0.4938         0.88428               0               0          2.4244               0               
         A        430        ALA               0               0               0               0               0               0               
         A        431        LEU         0.16642          0.4403               0               0          1.3313               0               
         A        432        THR               0               0               0               0               0               0               
         A        433        GLY               0               0               0               0               0               0               
         A        434        SER         0.87704         0.93611               0               0          2.3984               0               
         A        435        PRO          1.9791          1.0008          1.2892         0.97878          3.0822               0               
         A        436        VAL          1.0447         0.94527               0               0           2.466               0               
         A        437        GLY               0               0               0               0               0               0               
         A        438        ALA          1.0871          0.9429          1.5207               0          2.3926               0               
         A        439        MET          1.7649          1.1231          1.1472          1.1993           3.112               0               
         A        440        LYS         0.44119         0.85304               0               0          2.4423               0               
         A        441        VAL         0.39377         0.62726         0.50695         0.71693          1.5208               0               
         A        442        PHE         0.74056         0.85113         0.39663         0.62712          2.3865               0               
         A        443        LEU           1.885          1.1861          1.0097          1.0694          3.3511               0               
         A        444        ILE         0.33792         0.58828               0               0            1.47               0               
         A        445        PHE         0.35585         0.77698               0               0          2.3888               0               
         A        446        TYR          1.9038           1.307          1.4228          1.3087          3.8096               0               
         A        447        ILE         0.52731         0.68515          0.3815         0.66078           1.526               0               
         A        448        ALA           0.293           0.586               0               0           1.465               0               
         A        449        CYS          2.0009          1.1267         0.90229         0.90229          3.2161               0               
         A        450        VAL          1.3341          1.2108               0               0          2.8364               0               
         A        451        VAL         0.38571         0.61284               0               0           1.463               0               
         A        452        ILE          1.1849           1.248               0               0          3.0847               0               
         A        453        THR         0.95961          0.9113         0.47707         0.67468          2.5136               0               
         A        454        TRP          0.3579          0.7132               0               0          2.2488               0               
         A        455        ALA         0.29288         0.58576               0               0          1.4644               0               
         A        456        VAL         0.40795          0.6471         0.50825         0.71878          1.5248               0               
         A        457        TYR          0.2318         0.51832          0.3477         0.60223          1.3957               0               
         A        458        GLY               0               0               0               0               0               0               
