pdb_id: 
analysis type: unbound
radii_file: F:\psiafrombintisolah\PSAIA-1.0\amac_data\chothia.radii
ASA_zSice: 0.25
ASA_rSolvent: 1.4

  chain id|    res id|  res name|    average DPX|      s_avg DPX|   s-ch avg DPX| s-ch s_avg DPX|        max DPX|        min DPX|               
         A       1834        GLY         0.30871         0.53469               0               0          1.2348               0               
         A       1835        LEU         0.52548         0.68299         0.37905         0.65653          1.5162               0               
         A       1836        ILE         0.83011         0.86884         0.38343         0.66412          2.2786               0               
         A       1837        TYR         0.12172         0.40371               0               0          1.4607               0               
         A       1838        ILE         0.32316         0.56043               0               0           1.349               0               
         A       1839        ASN          0.1556         0.41168               0               0          1.2448               0               
         A       1840        ASP               0               0               0               0               0               0               
         A       1841        SER         0.60235         0.89227               0               0          2.2669               0               
         A       1842        LEU          1.0603          1.1587         0.37068         0.64204          2.9744               0               
         A       1843        TYR          1.1131          1.0506          0.5367         0.69379          2.9997               0               
         A       1844        TYR         0.86539         0.93865         0.96148          1.0315          2.4758               0               
         A       1845        PHE         0.34338          0.7459               0               0          2.2651               0               
         A       1846        LYS         0.32002         0.60036         0.30694         0.61389          1.5347               0               
         A       1847        PRO               0               0               0               0               0               0               
         A       1848        PRO               0               0               0               0               0               0               
         A       1849        VAL         0.37364         0.59212               0               0          1.3823               0               
         A       1850        ASN               0               0               0               0               0               0               
         A       1851        ASN         0.45756         0.82604               0               0          2.2961               0               
         A       1852        LEU         0.33971         0.59138               0               0          1.4775               0               
         A       1853        ILE         0.54619         0.71138         0.78158         0.78199           1.599               0               
         A       1854        THR         0.41858         0.66209         0.47672         0.67419          1.4999               0               
         A       1855        GLY         0.64096         0.64171               0               0          1.3257               0               
         A       1856        PHE         0.13173         0.41658               0               0          1.4491               0               
         A       1857        VAL         0.70276         0.85939               0               0           2.251               0               
         A       1858        THR         0.38306         0.60859               0               0          1.4521               0               
         A       1859        VAL         0.42711         0.67564         0.51124           0.723          1.5337               0               
         A       1860        GLY               0               0               0               0               0               0               
         A       1861        ASP               0               0               0               0               0               0               
         A       1862        ASP         0.45392         0.81919               0               0          2.2759               0               
         A       1863        LYS         0.92236          1.1037         0.30534         0.61069          2.8234               0               
         A       1864        TYR          2.5199          1.5076           1.771          1.2529          4.7017               0               
         A       1865        TYR          2.1988          1.6713           1.303          1.2608          4.8998               0               
         A       1866        PHE          2.5097          1.1324           2.579           1.358          4.3078               0               
         A       1867        ASN          1.1529          1.1995               0               0          2.7791               0               
         A       1868        PRO         0.21071         0.51614               0               0           1.475               0               
         A       1869        ILE         0.51473         0.66872         0.38241         0.66235          1.5296               0               
         A       1870        ASN          0.1835         0.48548               0               0           1.468               0               
         A       1871        GLY               0               0               0               0               0               0               
         A       1872        GLY         0.30923          0.5356               0               0          1.2369               0               
         A       1873        ALA          1.0062         0.88793               0               0          2.2722               0               
         A       1874        ALA          1.0099         0.89315               0               0          2.2891               0               
         A       1875        SER         0.84043          0.8889               0               0          2.2555               0               
         A       1876        ILE         0.37414         0.64821          0.3819         0.66147          1.5276               0               
         A       1877        GLY          1.2389         0.81005               0               0          2.2727               0               
         A       1878        GLU         0.46758          0.6649         0.30284         0.60568          1.5142               0               
         A       1879        THR         0.93172         0.85531         0.47488         0.67158          2.2764               0               
         A       1880        ILE         0.33904         0.59024               0               0          1.4752               0               
         A       1881        ILE         0.70015          0.7045         0.72692         0.72918          1.5349               0               
         A       1882        ASP               0               0               0               0               0               0               
         A       1883        ASP               0               0               0               0               0               0               
         A       1884        LYS         0.72585         0.85174         0.30336         0.60672          2.2959               0               
         A       1885        ASN          1.0389          1.1244         0.37519         0.64985           2.868               0               
         A       1886        TYR          1.7521          1.7377          0.6642         0.91804          4.7821               0               
         A       1887        TYR           2.238          1.9299           1.129          1.3303          5.1543               0               
         A       1888        PHE          3.8082         0.62745          4.0967         0.28147          4.5593          2.4311               
         A       1889        ASN          0.7911         0.84049         0.31222         0.54077          2.2646               0               
         A       1890        GLN          0.1629         0.46075               0               0          1.4661               0               
         A       1891        SER               0               0               0               0               0               0               
         A       1892        GLY          1.3072         0.85104               0               0          2.3768               0               
         A       1893        VAL          1.7811          1.2139         0.50645         0.71623          3.1204               0               
         A       1894        LEU         0.85472         0.91678         0.39027         0.67597          2.4874               0               
         A       1895        GLN         0.46657         0.66385         0.30313         0.60627          1.5157               0               
         A       1896        THR         0.21002         0.51444               0               0          1.4701               0               
         A       1897        GLY          1.2403         0.81464               0               0          2.2879               0               
         A       1898        VAL         0.42648         0.67459         0.50951         0.72055          1.5285               0               
         A       1899        PHE         0.70517         0.81115         0.39609         0.62628          2.2848               0               
         A       1900        SER         0.24249         0.54223               0               0           1.455               0               
         A       1901        THR          1.1095          1.0371          2.1413         0.44247          2.5112               0               
         A       1902        GLU               0               0               0               0               0               0               
         A       1903        ASP         0.35702         0.61941         0.37483         0.64923          1.4993               0               
         A       1904        GLY         0.30827         0.53395               0               0          1.2331               0               
         A       1905        PHE          0.7551          1.0802         0.19805         0.48512          2.9989               0               
         A       1906        LYS          1.3857          1.1412         0.59994         0.73484          3.3842               0               
         A       1907        TYR           1.427          1.1206          1.2665          1.0631          3.0786               0               
         A       1908        PHE          4.1617         0.48721          4.2487          0.3737          4.8817          3.3142               
         A       1909        ALA          3.9448         0.34319          3.7159               0          4.6088          3.6607               
         A       1910        PRO           1.285         0.88661         0.49875         0.70533          2.3444               0               
         A       1911        ALA         0.54067         0.66581               0               0          1.4615               0               
         A       1912        ASN         0.18368         0.48596               0               0          1.4694               0               
         A       1913        THR          0.3968          0.6277         0.47531         0.67219          1.4259               0               
         A       1914        LEU         0.31956         0.55395               0               0          1.3229               0               
         A       1915        ASP               0               0               0               0               0               0               
         A       1916        GLU         0.13634         0.38564               0               0          1.2271               0               
         A       1917        ASN          1.1232         0.95459          1.5734         0.97858          2.4117               0               
         A       1918        LEU         0.63407         0.85615               0               0           2.266               0               
         A       1919        GLU         0.30022         0.56428               0               0          1.4662               0               
         A       1920        GLY          2.9908         0.48295               0               0          3.5167          2.2673               
         A       1921        GLU          1.5112          1.4346         0.30693         0.61386          3.4261               0               
         A       1922        ALA         0.78261         0.99884               0               0          2.4008               0               
         A       1923        ILE         0.67118         0.92048          1.0078           1.064          2.4983               0               
         A       1924        ASP         0.33741          0.5869               0               0          1.4578               0               
         A       1925        PHE          1.0704         0.87484         0.95591           0.886          2.3877               0               
         A       1926        THR         0.20883         0.51153               0               0          1.4618               0               
         A       1927        GLY         0.90627         0.96363               0               0          2.2757               0               
         A       1928        LYS         0.33409         0.62531          0.3087         0.61741          1.5435               0               
         A       1929        LEU         0.80249         0.84554         0.37957         0.65744          2.2435               0               
         A       1930        ILE         0.33716         0.58681               0               0          1.4639               0               
         A       1931        ILE         0.33513         0.58315               0               0          1.4522               0               
         A       1932        ASP               0               0               0               0               0               0               
         A       1933        GLU         0.13675         0.38678               0               0          1.2307               0               
         A       1934        ASN         0.82887         0.86914         0.37852         0.65562          2.2916               0               
         A       1935        ILE          1.3397          1.1229          1.0089          1.0666          2.8006               0               
         A       1936        TYR          1.2626         0.97745         0.94076           1.005          2.4771               0               
         A       1937        TYR         0.99699          1.0811         0.66558         0.91983          2.7992               0               
         A       1938        PHE          2.9486          1.2302          3.6887         0.35507          4.0266               0               
         A       1939        ASP         0.33616         0.58524               0               0          1.4628               0               
         A       1940        ASP               0               0               0               0               0               0               
         A       1941        ASN         0.15438         0.40846               0               0          1.2351               0               
         A       1942        TYR         0.93915          1.0144         0.66465          0.9186          2.5298               0               
         A       1943        ARG         0.48245         0.81032         0.21457         0.52559          2.2821               0               
         A       1944        GLY         0.33095         0.57322               0               0          1.3238               0               
         A       1945        ALA         0.24746         0.49493               0               0          1.2373               0               
         A       1946        VAL         0.60442         0.70219         0.50646         0.71624          1.5194               0               
         A       1947        GLU         0.82367         0.96202               0               0          2.2665               0               
         A       1948        TRP         0.10487         0.37811               0               0          1.4682               0               
         A       1949        LYS         0.71978         0.84568         0.30464         0.60929          2.2815               0               
         A       1950        GLU         0.30042         0.56448               0               0          1.4632               0               
         A       1951        LEU         0.52437         0.68087         0.37541         0.65023          1.5016               0               
         A       1952        ASP               0               0               0               0               0               0               
         A       1953        GLY               0               0               0               0               0               0               
         A       1954        GLU         0.71597         0.83841         0.30662         0.61324          2.2432               0               
         A       1955        MET         0.82929          1.1254               0               0          2.7966               0               
         A       1956        HIS          2.3759          1.5573          1.4025          1.2418          4.4037               0               
         A       1957        TYR          2.2884          1.7524          1.3005          1.2607          4.5167               0               
         A       1958        PHE           2.688          1.2993          1.9568          1.0378          4.7045               0               
         A       1959        SER          1.5728          1.1917               0               0          2.9757               0               
         A       1960        PRO          0.4294         0.67907               0               0          1.5275               0               
         A       1961        GLU         0.14911         0.42175               0               0           1.342               0               
         A       1962        THR         0.37018         0.58628               0               0          1.3588               0               
         A       1963        GLY         0.67558         0.68018               0               0          1.4628               0               
         A       1964        LYS         0.72872          0.8553         0.29719         0.59438          2.2862               0               
         A       1965        ALA          1.7988          1.0778          3.0979               0          3.0979               0               
         A       1966        PHE         0.50726         0.67358         0.41336         0.65431          1.5043               0               
         A       1967        LYS          0.1636         0.46274               0               0          1.4724               0               
         A       1968        GLY         0.90529         0.96234               0               0          2.2722               0               
         A       1969        LEU         0.36692         0.63554         0.36537         0.63283          1.4739               0               
         A       1970        ASN         0.61673         0.83991               0               0          2.2623               0               
         A       1971        GLN         0.16172         0.45741               0               0          1.4555               0               
         A       1972        ILE         0.54699         0.70809         0.75939         0.75941          1.5251               0               
         A       1973        GLY               0               0               0               0               0               0               
         A       1974        ASP          0.1545         0.40877               0               0           1.236               0               
         A       1975        TYR         0.53996         0.79586         0.17395         0.46022          2.2896               0               
         A       1976        LYS          0.7491          1.1117               0               0          2.8269               0               
         A       1977        TYR           2.499          1.4863          1.7694          1.2511          4.6854               0               
         A       1978        TYR          2.2806          1.7511          1.3015          1.2609          4.9692               0               
         A       1979        PHE          3.0511          1.3217          3.8828         0.41827          4.4989               0               
         A       1980        ASN         0.51906         0.67357         0.36369         0.62993          1.4709               0               
         A       1981        SER               0               0               0               0               0               0               
         A       1982        ASP           0.325         0.56381               0               0          1.3634               0               
         A       1983        GLY          3.0381         0.54716               0               0          3.7011          2.2638               
         A       1984        VAL           1.931          1.3397         0.50786         0.71822          3.4239               0               
         A       1985        MET           1.358          1.1505          1.1041          1.1438          2.8322               0               
         A       1986        GLN         0.55814         0.82267               0               0          2.2369               0               
         A       1987        LYS         0.16344         0.46229               0               0           1.471               0               
         A       1988        GLY         0.89413         0.95159               0               0          2.2488               0               
         A       1989        PHE         0.24554         0.52328               0               0          1.4684               0               
         A       1990        VAL         0.94337          0.8625         0.50558         0.71499          2.2757               0               
         A       1991        SER          0.2407         0.53822               0               0          1.4442               0               
         A       1992        ILE         0.70071         0.70531         0.75529         0.75531           1.517               0               
         A       1993        ASN               0               0               0               0               0               0               
         A       1994        ASP               0               0               0               0               0               0               
         A       1995        ASN         0.47898         0.61912         0.31344         0.54289          1.3465               0               
         A       1996        LYS         0.76177          1.1343               0               0          2.9195               0               
         A       1997        HIS          2.5072          1.6853          1.4105          1.2463          4.7577               0               
         A       1998        TYR          2.3044          1.7896          1.2973          1.2564          5.1874               0               
         A       1999        PHE          3.0611          1.3387          3.9004         0.45862          4.5008               0               
         A       2000        ASP         0.49244         0.63907         0.31238         0.54105          1.4632               0               
         A       2001        ASP               0               0               0               0               0               0               
         A       2002        SER         0.20648         0.46171               0               0          1.2389               0               
         A       2003        GLY          3.0998         0.54777               0               0          3.6141          2.2874               
         A       2004        VAL          1.4826          1.0594         0.50303         0.71139          2.9048               0               
         A       2005        MET         0.81877         0.85928         0.37017         0.64115          2.2709               0               
         A       2006        LYS         0.56754         0.83371         0.30555          0.6111          2.2438               0               
         A       2007        VAL         0.20907         0.51211               0               0          1.4635               0               
         A       2008        GLY          0.9066         0.96362               0               0           2.275               0               
         A       2009        TYR         0.85456         0.92099         0.94414          1.0084          2.3974               0               
         A       2010        THR         0.73194         0.88821               0               0          2.2952               0               
         A       2011        GLU         0.30104           0.566               0               0          1.4738               0               
         A       2012        ILE         0.71909         0.72327         0.75856          0.7587          1.5376               0               
         A       2013        ASP               0               0               0               0               0               0               
         A       2014        GLY               0               0               0               0               0               0               
         A       2015        LYS         0.55292         0.82245               0               0           2.283               0               
         A       2016        HIS         0.80353          1.0579         0.22523         0.50362          2.7712               0               
         A       2017        PHE          2.3402          1.7962          1.2949          1.3504          4.9524               0               
         A       2018        TYR          2.3263          1.8123          1.2994          1.2589          5.2758               0               
         A       2019        PHE          2.9655          1.2706          3.7491          0.4218          4.4686               0               
         A       2020        ALA         0.54022         0.66626               0               0          1.4745               0               
         A       2021        GLU               0               0               0               0               0               0               
         A       2022        ASN         0.15342         0.40592               0               0          1.2274               0               
         A       2023        GLY          3.3313         0.83506               0               0          4.4279          2.2609               
         A       2024        GLU          1.2197          1.1703         0.30343         0.60686            2.94               0               
         A       2025        MET         0.65432         0.90315               0               0          2.4639               0               
         A       2026        GLN         0.73361         0.85613         0.30571         0.61143          2.2785               0               
         A       2027        ILE         0.51835         0.67217         0.36482         0.63189          1.4593               0               
         A       2028        GLY          1.2711         0.81626               0               0          2.2754               0               
         A       2029        VAL         0.96087          0.9131          1.3453          1.0371          2.5238               0               
         A       2030        PHE         0.93212         0.91313         0.73656         0.90542          2.3894               0               
         A       2031        ASN         0.18305         0.48429               0               0          1.4644               0               
         A       2032        THR          1.1064          1.0393          2.1469         0.44779          2.5346               0               
         A       2033        GLU               0               0               0               0               0               0               
         A       2034        ASP         0.16839         0.44551               0               0          1.3471               0               
         A       2035        GLY         0.89726         0.95337               0               0          2.2502               0               
         A       2036        PHE          1.1063           1.112         0.75405         0.93483          2.9413               0               
         A       2037        LYS          1.1877         0.91001         0.60986         0.74695          2.4717               0               
         A       2038        TYR          1.6422          1.0729          1.5974          1.0357          2.9679               0               
         A       2039        PHE          4.0947         0.56352          4.2693         0.51468          5.0607          3.3802               
         A       2040        ALA          1.5207         0.86689               0               0          2.4249               0               
         A       2041        HIS         0.26949         0.54158               0               0          1.4657               0               
         A       2042        HIS         0.14503         0.43508               0               0          1.4503               0               
         A       2043        ASN         0.62648         0.85613               0               0          2.3182               0               
         A       2044        GLU               0               0               0               0               0               0               
         A       2045        ASP          0.3224         0.55913               0               0          1.3459               0               
         A       2046        LEU               0               0               0               0               0               0               
         A       2047        GLY               0               0               0               0               0               0               
         A       2048        ASN         0.44295         0.80049          0.8859         0.94295          2.2286               0               
         A       2049        GLU         0.57275         0.84177         0.30471         0.60941          2.2714               0               
         A       2050        GLU         0.30042         0.56452               0               0          1.4642               0               
         A       2051        GLY          3.0917         0.63806               0               0          4.0563          2.2852               
         A       2052        GLU          1.5118          1.4346         0.30475         0.60949          3.2749               0               
         A       2053        GLU         0.58334         0.87979               0               0          2.4774               0               
         A       2054        ILE         0.33439         0.58203               0               0          1.4526               0               
         A       2055        SER               0               0               0               0               0               0               
         A       2056        TYR          0.5377         0.79224          0.1888         0.49952          2.2685               0               
         A       2057        SER         0.24276         0.54282               0               0          1.4565               0               
         A       2058        GLY         0.90824          0.9652               0               0          2.2785               0               
         A       2059        ILE         0.52464         0.68147         0.37877         0.65604          1.5151               0               
         A       2060        LEU          1.3167          0.8428          1.3798         0.87502          2.4302               0               
         A       2061        ASN         0.18108         0.47909               0               0          1.4486               0               
         A       2062        PHE         0.71635         0.81934         0.41926         0.66417          2.2591               0               
         A       2063        ASN               0               0               0               0               0               0               
         A       2064        ASN               0               0               0               0               0               0               
         A       2065        LYS         0.72295         0.84607         0.30657         0.61315          2.2638               0               
         A       2066        ILE          1.3521          1.1384           1.011          1.0724          2.8537               0               
         A       2067        TYR          2.5761          1.5581           1.775          1.2551          4.7413               0               
         A       2068        TYR          2.2591          1.7301          1.3012          1.2612          4.8246               0               
         A       2069        PHE          1.4972          1.0406          1.4398          1.0098          2.7867               0               
         A       2070        ASP         0.33619         0.58557               0               0          1.4684               0               
         A       2071        ASP               0               0               0               0               0               0               
         A       2072        SER               0               0               0               0               0               0               
         A       2073        PHE          0.6283         0.69118         0.39719         0.62802          1.5352               0               
         A       2074        THR          1.3228          1.2082               0               0          2.9431               0               
         A       2075        ALA          1.3125          1.1278          2.5229               0          2.5229               0               
         A       2076        VAL         0.70534         0.86251               0               0           2.259               0               
         A       2077        VAL         0.42707         0.67541         0.50713         0.71719          1.5214               0               
         A       2078        GLY          1.2366         0.80922               0               0          2.2708               0               
         A       2079        TRP         0.20463         0.50147         0.13919         0.41757          1.4729               0               
         A       2080        LYS         0.71678            0.84         0.30635         0.61269          2.2516               0               
         A       2081        ASP         0.18323         0.48479               0               0          1.4659               0               
         A       2082        LEU         0.35526         0.61704         0.37819         0.65505          1.5128               0               
         A       2083        GLU               0               0               0               0               0               0               
         A       2084        ASP               0               0               0               0               0               0               
         A       2085        GLY         0.64473          0.6457               0               0          1.3393               0               
         A       2086        SER          1.1607          1.2451               0               0          2.9965               0               
         A       2087        LYS           1.241          1.1986         0.30753         0.61505          3.0842               0               
         A       2088        TYR          2.4808          1.4476          1.7746          1.2556          4.3847               0               
         A       2089        TYR          1.1877          1.4957         0.19026         0.50338          3.8526               0               
         A       2090        PHE          3.9813         0.39468          4.0583         0.40393          4.5816          3.5318               
         A       2091        ASP          1.1908          1.2444               0               0          2.9448               0               
         A       2092        GLU         0.44806         0.86763               0               0          2.4912               0               
         A       2093        ASP         0.32512         0.56395               0               0          1.3616               0               
         A       2094        THR          0.5906         0.68508         0.47837         0.67652          1.4613               0               
         A       2095        ALA          3.1694         0.62213          3.1612               0          4.2071          2.2786               
         A       2096        GLU          1.2211          1.1783         0.30243         0.60487          3.0408               0               
         A       2097        ALA         0.79062          1.0123               0               0          2.4431               0               
         A       2098        TYR         0.11246           0.373               0               0          1.3496               0               
         A       2099        ILE         0.34353         0.59913         0.37857         0.65571          1.5143               0               
         A       2100        LEU         0.37483         0.64937         0.38158         0.66092          1.5263               0               
         A       2101        GLU         0.55037         0.81784               0               0          2.2661               0               
         A       2102        HIS         0.12354         0.37061               0               0          1.2354               0               
         A       2103        HIS               0               0               0               0               0               0               
         A       2104        HIS               0               0               0               0               0               0               
