pdb_id: 
analysis type: unbound
radii_file: F:\psiafrombintisolah\PSAIA-1.0\amac_data\chothia.radii
ASA_zSice: 0.25
ASA_rSolvent: 1.4

  chain id|    res id|  res name|    average DPX|      s_avg DPX|   s-ch avg DPX| s-ch s_avg DPX|        max DPX|        min DPX|               
         A          3        CYS         0.24881         0.55636               0               0          1.4929               0               
         A          4        PRO          1.9276          1.0319           2.844         0.25142           3.125               0               
         A          5        PRO         0.38303         0.60857               0               0          1.4526               0               
         A          6        ARG               0               0               0               0               0               0               
         A          7        CYS          1.1806          1.2734          2.7985         0.33126          3.1297               0               
         A          8        GLU         0.14808         0.41884               0               0          1.3328               0               
         A          9        CYS         0.30213         0.67559          0.9064          0.9064          1.8128               0               
         A         10        SER               0               0               0               0               0               0               
         A         11        ALA               0               0               0               0               0               0               
         A         12        GLN               0               0               0               0               0               0               
         A         13        ASP         0.16701         0.44186               0               0          1.3361               0               
         A         14        ARG         0.23395         0.49687               0               0          1.3433               0               
         A         15        ALA         0.29084         0.58169               0               0          1.4542               0               
         A         16        VAL         0.98469          0.9201          1.3433            1.03          2.5029               0               
         A         17        LEU          1.2429          1.0932         0.38271         0.66287          2.9855               0               
         A         18        CYS          3.7446         0.36439          3.8807        0.038653          4.3993          3.2805               
         A         19        HIS         0.52866         0.85038         0.22021          0.4924          2.4401               0               
         A         20        ARG         0.23335         0.49549               0               0           1.335               0               
         A         21        LYS         0.90184         0.84243          0.6111         0.74845          2.2594               0               
         A         22        ARG               0               0               0               0               0               0               
         A         23        PHE         0.82245         0.78986         0.59287         0.68459          2.2483               0               
         A         24        VAL         0.38395         0.61042               0               0          1.4631               0               
         A         25        ALA               0               0               0               0               0               0               
         A         26        VAL         0.37825         0.60049               0               0          1.4248               0               
         A         27        PRO         0.41766          0.6604         0.49033         0.69343           1.471               0               
         A         28        GLU               0               0               0               0               0               0               
         A         29        GLY               0               0               0               0               0               0               
         A         30        ILE         0.36984          0.6407         0.37605         0.65134          1.5042               0               
         A         31        PRO          0.9191         0.84192          0.4941         0.69876          2.2291               0               
         A         32        THR         0.55514         0.90755               0               0          2.3746               0               
         A         33        GLU         0.30183         0.56785               0               0          1.4853               0               
         A         34        THR         0.95444         0.88705         0.47781         0.67573          2.3988               0               
         A         35        ARG         0.46921         0.80836               0               0          2.3953               0               
         A         36        LEU          1.0472          1.1549               0               0          3.0041               0               
         A         37        LEU            2.64          1.2552          1.6173          1.0126          3.8728               0               
         A         38        ASP          1.1743           1.228               0               0          2.9028               0               
         A         39        LEU          1.6334          1.0328         0.99771           1.055          2.7472               0               
         A         40        GLY           1.337         0.85734               0               0          2.3904               0               
         A         41        LYS          1.3058          1.2125         0.30456         0.60913          2.8148               0               
         A         42        ASN          1.4915           1.308          2.6172         0.69697          3.3113               0               
         A         43        ARG          0.3681         0.60456               0               0          1.5119               0               
         A         44        ILE          1.1054         0.90912         0.37695          0.6529          2.2437               0               
         A         45        LYS         0.29948         0.56275               0               0          1.4593               0               
         A         46        THR         0.38298         0.60825               0               0          1.4475               0               
         A         47        LEU           2.084          1.3943         0.99463          1.0502           3.837               0               
         A         48        ASN          1.2182          1.2969               0               0          3.3064               0               
         A         49        GLN         0.57879          0.8718               0               0          2.4504               0               
         A         50        ASP         0.47369         0.84043               0               0          2.2591               0               
         A         51        GLU         0.59097          0.6649         0.55313         0.68229          1.5111               0               
         A         52        PHE          3.5078         0.67143          3.9946         0.14494          4.2065          2.2518               
         A         53        ALA         0.79904          1.0227               0               0          2.4674               0               
         A         54        SER               0               0               0               0               0               0               
         A         55        PHE          1.1008         0.92848          0.5936         0.68543          2.6184               0               
         A         56        PRO         0.42794         0.67677               0               0          1.5233               0               
         A         57        HIS         0.12281         0.36843               0               0          1.2281               0               
         A         58        LEU          2.2216         0.96971          1.6395          1.0307          3.3062               0               
         A         59        GLU          1.0693          1.2579               0               0          3.1821               0               
         A         60        GLU          1.2044          1.1544           0.302           0.604          2.8819               0               
         A         61        LEU          4.3356         0.71038          4.7111         0.69217          5.6282          3.5513               
         A         62        GLU          1.0545          1.2293               0               0          2.9721               0               
         A         63        LEU          1.6517          1.0458          1.0021          1.0596           2.779               0               
         A         64        ASN         0.65278         0.90322               0               0          2.4711               0               
         A         65        GLU          0.1624         0.45933               0               0          1.4616               0               
         A         66        ASN           1.096         0.92457          1.4808         0.94999          2.4062               0               
         A         67        ILE          1.3828          1.1997         0.37552         0.65042          3.0266               0               
         A         68        VAL          2.3554          1.1592          1.3306          1.0198           3.642               0               
         A         69        SER         0.65528         0.96486               0               0          2.4312               0               
         A         70        ALA         0.97894         0.86613               0               0          2.2407               0               
         A         71        VAL         0.42609         0.67402         0.50994         0.72117          1.5298               0               
         A         72        GLU         0.57554         0.85476               0               0          2.3588               0               
         A         73        PRO         0.43009          0.6802               0               0          1.5335               0               
         A         74        GLY         0.97116          1.0183               0               0          2.3753               0               
         A         75        ALA          3.5906         0.78656          4.8625               0          4.8625          2.4243               
         A         76        PHE          2.0242          1.4947            2.62          1.3884          4.2588               0               
         A         77        ASN         0.61896         0.84495               0               0          2.2848               0               
         A         78        ASN         0.15584         0.41232               0               0          1.2467               0               
         A         79        LEU          2.0186          1.4863          3.3597         0.59526          4.0518               0               
         A         80        PHE               0               0               0               0               0               0               
         A         81        ASN         0.32185         0.55796               0               0          1.3349               0               
         A         82        LEU          1.1631          1.0046          1.6553          1.0374          2.5839               0               
         A         83        ARG          0.8204          1.1202               0               0           2.822               0               
         A         84        THR          1.8455          1.2929         0.47497         0.67171          3.3972               0               
         A         85        LEU          2.7063          1.3822           3.831         0.40606          4.2878               0               
         A         86        GLY          1.3441         0.86061               0               0          2.3987               0               
         A         87        LEU          2.5843          1.2805          1.6331          1.0258          4.0599               0               
         A         88        ARG          1.1467          1.3095          0.2188         0.53596           3.172               0               
         A         89        SER          0.2449         0.54762               0               0          1.4694               0               
         A         90        ASN          1.3002          1.3843          2.6004         0.67189          3.1923               0               
         A         91        ARG         0.37046         0.60896               0               0          1.5345               0               
         A         92        LEU          1.0091         0.82384         0.75733         0.75733          2.2595               0               
         A         93        LYS         0.16234         0.45917               0               0          1.4611               0               
         A         94        LEU         0.15339         0.40584               0               0          1.2272               0               
         A         95        ILE         0.53077         0.68926         0.38054         0.65912          1.5222               0               
         A         96        PRO         0.20819         0.50995               0               0          1.4573               0               
         A         97        LEU         0.15347         0.40604               0               0          1.2278               0               
         A         98        GLY         0.30946           0.536               0               0          1.2378               0               
         A         99        VAL         0.93441         0.85894         0.50758         0.71783          2.2585               0               
         A        100        PHE         0.85328          1.0135         0.39426         0.62338          2.7321               0               
         A        101        THR         0.38437         0.61127               0               0          1.4679               0               
         A        102        GLY               0               0               0               0               0               0               
         A        103        LEU         0.63333         0.85137         0.38121         0.66027          2.2238               0               
         A        104        SER         0.44677         0.63534               0               0          1.4557               0               
         A        105        ASN         0.15563         0.41175               0               0           1.245               0               
         A        106        LEU          2.6191          1.3054          3.5464         0.68766          4.3194               0               
         A        107        THR          0.7468         0.92796               0               0          2.4634               0               
         A        108        LYS          1.0418          1.2245               0               0          3.0951               0               
         A        109        LEU          2.1327          1.4157          3.2713         0.55962          3.9155               0               
         A        110        ASP          1.4653          1.0138         0.85325         0.91769          2.9647               0               
         A        111        ILE          1.6167          1.3331         0.37732         0.65354          3.1066               0               
         A        112        SER             1.5         0.79514         0.70681         0.70681           2.475               0               
         A        113        GLU               0               0               0               0               0               0               
         A        114        ASN          1.4915          1.3251           2.653          0.6978          3.3479               0               
         A        115        LYS         0.45626         0.64945               0               0          1.5426               0               
         A        116        ILE          1.4117         0.89717         0.75949         0.75951          2.3919               0               
         A        117        VAL         0.71887         0.87262               0               0          2.2539               0               
         A        118        ILE         0.52256         0.67907         0.37817         0.65501          1.5127               0               
         A        119        LEU          1.7804          1.0897          1.0081           1.067          2.8183               0               
         A        120        LEU         0.63236         0.85257               0               0          2.2466               0               
         A        121        ASP         0.33432         0.58239               0               0          1.4616               0               
         A        122        TYR         0.31267         0.71365               0               0          2.2265               0               
         A        123        MET         0.73578         0.75156         0.83138         0.83696          1.7992               0               
         A        124        PHE          2.3028          1.0235           2.058          1.1975          4.0902               0               
         A        125        GLN         0.44493         0.86242               0               0          2.4808               0               
         A        126        ASP         0.31945         0.55399               0               0          1.3328               0               
         A        127        LEU          3.5609          0.7081          4.1311         0.23767          4.3164          2.2331               
         A        128        TYR         0.43413         0.79556               0               0          2.4531               0               
         A        129        ASN         0.33681         0.58622               0               0          1.4628               0               
         A        130        LEU          3.3899         0.67245          4.0018         0.21759          4.2487          2.2582               
         A        131        LYS         0.60451         0.88848         0.30392         0.60784          2.4061               0               
         A        132        SER         0.67738         0.68231               0               0          1.5057               0               
         A        133        LEU          1.9939          1.4538          3.2823         0.63696          4.1798               0               
         A        134        GLU         0.91491          1.1132               0               0          2.9021               0               
         A        135        VAL          1.3123         0.91974         0.50218          0.7102          2.4919               0               
         A        136        GLY         0.30678         0.53135               0               0          1.2271               0               
         A        137        ASP          1.4091         0.90561          1.5686         0.97219          2.3911               0               
         A        138        ASN               0               0               0               0               0               0               
         A        139        ASP         0.32048         0.55553               0               0          1.3264               0               
         A        140        LEU          1.7861          1.1866         0.76212         0.76213          3.2657               0               
         A        141        VAL         0.74594         0.92618               0               0          2.4561               0               
         A        142        TYR         0.41978         0.75664               0               0          2.2692               0               
         A        143        ILE          1.0347         0.87884          1.3962         0.90693          2.5403               0               
         A        144        SER          1.2213         0.92639               0               0            2.24               0               
         A        145        HIS         0.71044          1.1518               0               0          3.1692               0               
         A        146        ARG          1.2949          1.5222         0.21793         0.53382          3.8896               0               
         A        147        ALA          4.3503         0.20396          4.6158               0          4.6158          3.9973               
         A        148        PHE          3.3529          1.4864          4.2314         0.54399          4.7309               0               
         A        149        SER         0.24477         0.54731               0               0          1.4686               0               
         A        150        GLY         0.30861         0.53453               0               0          1.2345               0               
         A        151        LEU          2.5247          1.2272          3.3589         0.64383          4.1601               0               
         A        152        ASN         0.49577         0.88993               0               0          2.4504               0               
         A        153        SER               0               0               0               0               0               0               
         A        154        LEU          3.3077          1.0942          4.1626         0.65996          5.2747          1.3306               
         A        155        GLU         0.58222          0.8786               0               0          2.4757               0               
         A        156        GLN          1.0139          1.1863               0               0          2.9524               0               
         A        157        LEU          3.1066          1.0384          3.8883         0.63937          4.9904          1.3133               
         A        158        THR         0.91826          1.1184               0               0          2.7214               0               
         A        159        LEU           2.269          1.5068         0.98792          1.0416          4.1936               0               
         A        160        GLU          1.3882          1.3052         0.30473         0.60947          3.1216               0               
         A        161        LYS         0.29811         0.56029               0               0          1.4551               0               
         A        162        CYS          1.4713          1.2619          2.9879         0.54917          3.5371               0               
         A        163        ASN               0               0               0               0               0               0               
         A        164        LEU         0.69741         0.94511          1.3948         0.90205          2.5235               0               
         A        165        THR               0               0               0               0               0               0               
         A        166        SER         0.20366          0.4554               0               0           1.222               0               
         A        167        ILE         0.56321         0.72724         0.75922         0.75922          1.5202               0               
         A        168        PRO          0.5785         0.67128         0.49162         0.69526          1.4749               0               
         A        169        THR         0.17593         0.43094               0               0          1.2315               0               
         A        170        GLU         0.56192          0.8285               0               0           2.253               0               
         A        171        ALA          1.4245          1.2867               0               0           3.196               0               
         A        172        LEU          1.4516         0.93742          0.9955          1.0509          2.5163               0               
         A        173        SER          0.2433         0.54405               0               0          1.4598               0               
         A        174        HIS         0.88556         0.76162         0.80102         0.84463          2.1375               0               
         A        175        LEU          2.7228          1.5273          3.9789         0.77158          4.7364               0               
         A        176        HIS         0.14704         0.44113               0               0          1.4704               0               
         A        177        GLY         0.30702         0.53178               0               0          1.2281               0               
         A        178        LEU          1.1505         0.98669          1.6249           1.017          2.5058               0               
         A        179        ILE          1.1611          1.2197               0               0          3.0219               0               
         A        180        VAL          1.8112          1.2481         0.49717         0.70311          3.1907               0               
         A        181        LEU          4.1536         0.74314          4.7497         0.46955          5.2641          2.8897               
         A        182        ARG          1.4869          1.5668         0.42112         0.66601          4.2691               0               
         A        183        LEU          3.0028           1.586          1.6119          1.0099          4.8384               0               
         A        184        ARG          1.5653           1.588         0.56993         0.93618          4.4594               0               
         A        185        HIS         0.27729         0.55535         0.22007          0.4921          1.4524               0               
         A        186        LEU         0.34292         0.59751         0.37543         0.65027          1.5017               0               
         A        187        ASN         0.18223         0.48212               0               0          1.4578               0               
         A        188        ILE          1.5244          1.0259          1.7353          1.1282          2.9462               0               
         A        189        ASN         0.93795         0.99389               0               0          2.4097               0               
         A        190        ALA         0.53719          0.6617               0               0          1.4546               0               
         A        191        ILE          2.7766         0.79621          3.5011         0.19339          3.6548          1.3232               
         A        192        ARG         0.45481         0.77281               0               0          2.2427               0               
         A        193        ASP         0.49062         0.63624         0.31308         0.54227          1.4465               0               
         A        194        TYR         0.12171         0.40365               0               0          1.4605               0               
         A        195        SER         0.87403          0.9323               0               0          2.3876               0               
         A        196        PHE          2.2566          1.6594          3.3374          0.9411          4.3884               0               
         A        197        LYS          0.3058         0.57614         0.30414         0.60828          1.5207               0               
         A        198        ARG          0.2451         0.52221               0               0          1.4623               0               
         A        199        LEU         0.18873         0.49932         0.37745         0.65376          1.5098               0               
         A        200        TYR               0               0               0               0               0               0               
         A        201        ARG         0.11142         0.35235               0               0          1.2257               0               
         A        202        LEU          2.5538          1.3215          3.6562         0.41473          3.9255               0               
         A        203        LYS          1.0316          1.2083               0               0          3.0233               0               
         A        204        VAL          1.8533          1.2774         0.50227         0.71031          3.2608               0               
         A        205        LEU           1.599          1.0395          1.6353          1.0265          2.6882               0               
         A        206        GLU          1.0087          1.1739               0               0          2.8786               0               
         A        207        ILE          2.6171          1.1912          1.7742          1.1734          3.7941               0               
         A        208        SER          1.5383          1.1559               0               0          2.8164               0               
         A        209        HIS         0.40142         0.61497         0.22632         0.50607          1.4314               0               
         A        210        TRP          3.5516         0.70319          3.9641         0.27988          4.3877          2.2299               
         A        211        PRO         0.20856         0.51087               0               0          1.4599               0               
         A        212        TYR         0.21319         0.47722               0               0          1.3334               0               
         A        213        LEU          3.6097         0.82176          4.3666          0.2463          4.7321          2.2547               
         A        214        ASP         0.65375         0.90662               0               0          2.4824               0               
         A        215        THR         0.72591         0.88086               0               0          2.2732               0               
         A        216        MET         0.75647          1.0383          1.1514           1.205          2.8057               0               
         A        217        THR         0.90701         0.83718           0.479         0.67741          2.2466               0               
         A        218        PRO         0.51408         0.85108               0               0          2.2712               0               
         A        219        ASN         0.48935         0.87514               0               0          2.3932               0               
         A        220        CYS          3.5078         0.64459           4.014         0.59646          4.6105          2.4488               
         A        221        LEU          3.2017          1.1287          4.2222          0.4323          4.7349           1.323               
         A        222        TYR         0.10457         0.34683               0               0          1.2549               0               
         A        223        GLY               0               0               0               0               0               0               
         A        224        LEU         0.86149         0.92448          1.3935         0.90422          2.5319               0               
         A        225        ASN          0.4874          0.8709               0               0          2.3776               0               
         A        226        LEU            2.77          1.4913          4.0195         0.57325          4.5064               0               
         A        227        THR         0.72807         0.88945               0               0          2.3023               0               
         A        228        SER          1.5087           1.136               0               0          2.8257               0               
         A        229        LEU           1.994          1.0971          2.7345         0.81719          3.7852               0               
         A        230        SER          1.1269          1.2016               0               0          2.8554               0               
         A        231        ILE          4.3244         0.73028          4.9359         0.31224           5.426          3.1942               
         A        232        THR          1.3168          1.1971               0               0          2.8239               0               
         A        233        HIS         0.28277         0.56619          0.2255         0.50423          1.4747               0               
         A        234        CYS          1.9847          1.2708          3.4998        0.042966          3.5427               0               
         A        235        ASN         0.62557         0.84715               0               0          2.2337               0               
         A        236        LEU           1.122         0.94021         0.99124          1.0438          2.4451               0               
         A        237        THR         0.38181         0.60594               0               0          1.4337               0               
         A        238        ALA               0               0               0               0               0               0               
         A        239        VAL          0.6236         0.72248         0.50506         0.71426          1.5222               0               
         A        240        PRO           0.368         0.58275               0               0          1.3486               0               
         A        241        TYR         0.74069         0.92618         0.92642         0.98932          2.3451               0               
         A        242        LEU         0.45173         0.81673               0               0          2.2755               0               
         A        243        ALA           1.424          1.2842               0               0           3.189               0               
         A        244        VAL          1.3113          1.1854               0               0          2.7363               0               
         A        245        ARG         0.13559         0.42876               0               0          1.4915               0               
         A        246        HIS         0.38686         0.59149          0.2205         0.49306           1.323               0               
         A        247        LEU          2.0817          1.1315          2.8041         0.86988          3.8948               0               
         A        248        VAL          1.2866          1.1573               0               0          2.5753               0               
         A        249        TYR         0.43365         0.79333               0               0          2.4379               0               
         A        250        LEU          2.2405         0.98581          1.6151          1.0113          3.2812               0               
         A        251        ARG          0.3601         0.78898               0               0          2.4435               0               
         A        252        PHE         0.76322          1.0945               0               0          3.0586               0               
         A        253        LEU          1.7177          1.4308         0.38309         0.66353          3.3783               0               
         A        254        ASN          2.5459          1.2263          1.5368         0.97914           3.632               0               
         A        255        LEU          2.6539          1.2936          1.6319          1.0231          4.2387               0               
         A        256        SER          1.5352          1.1513               0               0          2.8075               0               
         A        257        TYR         0.23529         0.52636         0.17174         0.45438          1.4496               0               
         A        258        ASN          1.4844          1.3246          2.6374         0.72177          3.4065               0               
         A        259        PRO         0.17438         0.42715               0               0          1.2207               0               
         A        260        ILE          2.2644          1.0104          1.7878          1.1796          3.4091               0               
         A        261        SER         0.86424         0.93865               0               0          2.4403               0               
         A        262        THR         0.38182          0.6067               0               0          1.4489               0               
         A        263        ILE          1.7876          1.2068         0.75811         0.75811          3.4722               0               
         A        264        GLU         0.83778         0.98791               0               0          2.4219               0               
         A        265        GLY               0               0               0               0               0               0               
         A        266        SER         0.67501         0.68115               0               0          1.5167               0               
         A        267        MET         0.37167         0.64386          0.3774         0.65367          1.5096               0               
         A        268        LEU         0.70118         0.70701         0.76256         0.76259          1.5331               0               
         A        269        HIS         0.26868         0.54005               0               0          1.4638               0               
         A        270        GLU         0.13694         0.38732               0               0          1.2325               0               
         A        271        LEU          1.8133          1.1194          1.0064          1.0687          2.8655               0               
         A        272        LEU         0.34092         0.59361               0               0          1.4851               0               
         A        273        ARG         0.24199          0.5155               0               0          1.4418               0               
         A        274        LEU          3.3531         0.68806          3.9369         0.33624          4.3211          2.2203               
         A        275        GLN          1.0539          1.2369               0               0          3.1003               0               
         A        276        GLU          1.2229          1.1825         0.30288         0.60576           3.066               0               
         A        277        ILE          1.8595           1.249         0.75781         0.75782          3.4264               0               
         A        278        GLN         0.57692         0.86873               0               0          2.4424               0               
         A        279        LEU          2.4008          1.1739          1.6304          1.0231          4.0851               0               
         A        280        VAL          1.0855          1.0094               0               0          2.4903               0               
         A        281        GLY               0               0               0               0               0               0               
         A        282        GLY         0.33308         0.57692               0               0          1.3323               0               
         A        283        GLN         0.45412         0.64591               0               0          1.5216               0               
         A        284        LEU          3.3037         0.79246          4.0565         0.26603          4.3864          2.2341               
         A        285        ALA         0.53921         0.66387               0               0          1.4553               0               
         A        286        VAL          0.7221         0.87796               0               0           2.274               0               
         A        287        VAL         0.64141          0.7411          1.0164         0.71874          1.5282               0               
         A        288        GLU         0.58365          0.8681               0               0          2.3988               0               
         A        289        PRO         0.60455          0.7033               0               0          1.5277               0               
         A        290        TYR         0.55538           0.817         0.17256         0.45656          2.3374               0               
         A        291        ALA          3.5373         0.58956          3.8965               0          4.0632          2.4124               
         A        292        PHE          1.6567         0.91354          1.3137         0.93562          2.7079               0               
         A        293        ARG         0.38316         0.62854         0.21642         0.53011          1.5149               0               
         A        294        GLY         0.68154         0.68569               0               0          1.4696               0               
         A        295        LEU          2.5838          1.3584          3.6914         0.55229          4.3536               0               
         A        296        ASN         0.62111         0.84502               0               0          2.2495               0               
         A        297        TYR         0.40906         0.74136               0               0          2.2534               0               
         A        298        LEU         0.83738         0.90546          1.0034          1.0624          2.5004               0               
         A        299        ARG          1.2105          1.4149         0.21949         0.53765          3.5831               0               
         A        300        VAL          1.8835          1.3139         0.50043         0.70771          3.5027               0               
         A        301        LEU          2.6346          1.2553          1.6287          1.0218          3.9943               0               
         A        302        ASN          1.6077          1.0432         0.88977         0.94759          2.8817               0               
         A        303        VAL          3.8945           0.794          4.6419         0.36646          5.0727          2.8616               
         A        304        SER         0.63736         0.93275               0               0          2.3277               0               
         A        305        GLY         0.33304         0.57685               0               0          1.3322               0               
         A        306        ASN          1.6054          1.1605          2.5686         0.65162          3.1731               0               
         A        307        GLN         0.56038         0.83349               0               0          2.2876               0               
         A        308        LEU          3.0153           1.079          3.9842         0.51898          4.4953          1.3167               
         A        309        THR         0.71718         0.87063               0               0          2.2513               0               
         A        310        THR         0.76418         0.93679          1.2947          1.0092          2.4622               0               
         A        311        LEU          2.0089          1.1411          2.7914         0.85862          3.8796               0               
         A        312        GLU         0.40071         0.78133               0               0          2.2703               0               
         A        313        GLU         0.16398         0.46381               0               0          1.4758               0               
         A        314        SER         0.20419         0.45657               0               0          1.2251               0               
         A        315        VAL          3.2497         0.66029          3.7843         0.50701          4.2029          2.2469               
         A        316        PHE          1.2867          1.0618          1.4639          1.0408          2.7383               0               
         A        317        HIS         0.28647         0.57408         0.47745         0.67683          1.5134               0               
         A        318        SER               0               0               0               0               0               0               
         A        319        VAL         0.17676         0.43297               0               0          1.2373               0               
         A        320        GLY               0               0               0               0               0               0               
         A        321        ASN         0.32028         0.55534               0               0          1.3325               0               
         A        322        LEU          1.1472         0.98752          1.6251          1.0195          2.5185               0               
         A        323        GLU         0.29734         0.55918               0               0          1.4589               0               
         A        324        THR          1.3261          1.2165               0               0          3.0048               0               
         A        325        LEU           3.992         0.58643          4.2431         0.63537          5.3352          3.3918               
         A        326        ILE          1.6614          1.3918         0.37966         0.65759           3.548               0               
         A        327        LEU          1.7054          1.1774           1.624          1.0188          3.5213               0               
         A        328        ASP          1.3471         0.86521         0.85765         0.91955          2.2582               0               
         A        329        SER               0               0               0               0               0               0               
         A        330        ASN          1.9471          1.3675          3.1771         0.44239          3.6479               0               
         A        331        PRO         0.17511         0.42893               0               0          1.2258               0               
         A        332        LEU          3.4024         0.61397          3.8446         0.33163          4.3047          2.2489               
         A        333        ALA          1.8738           1.046               0               0          2.9495               0               
         A        334        CYS          1.1732         0.90844         0.90838         0.90838          2.4587               0               
         A        335        ASP         0.82547         0.88098         0.31256         0.54137           2.385               0               
         A        336        CYS         0.66447         0.97467               0               0          2.4415               0               
         A        337        ARG         0.62525         0.68839          0.6145         0.71193          1.5249               0               
         A        338        LEU          3.6425         0.72944          4.2948         0.12151          4.4882           2.299               
         A        339        LEU          1.1296          0.9431         0.37606         0.65136          2.4356               0               
         A        340        TRP          1.0143         0.97979           1.297         0.97507           2.816               0               
         A        341        VAL          2.0945         0.96461          1.3498           1.038          3.0679               0               
         A        342        PHE          1.5595          1.1404          1.4316          1.0039          3.5423               0               
         A        343        ARG         0.13181         0.41681               0               0          1.4499               0               
         A        344        ARG         0.80523         0.93865         0.21825         0.53461          2.4436               0               
         A        345        ARG          0.6365         0.70084         0.61568          0.7129          1.5129               0               
         A        346        TRP         0.10444         0.37656               0               0          1.4622               0               
         A        347        ARG         0.12026         0.38031               0               0          1.3229               0               
         A        348        LEU          2.3075          1.2867          3.3568          0.6763          4.3315               0               
         A        349        ASN         0.15495         0.40996               0               0          1.2396               0               
         A        350        PHE          1.8573           1.442          2.5386          1.3173          3.9972               0               
         A        351        ASN               0               0               0               0               0               0               
         A        352        ARG         0.11151         0.35264               0               0          1.2267               0               
         A        353        GLN         0.56626         0.83578               0               0          2.2786               0               
         A        354        GLN         0.86764         0.82106          1.0229         0.88918          2.2494               0               
         A        355        PRO          2.7349         0.87063           3.638         0.31217          4.0166          1.3259               
         A        356        THR         0.38257         0.60839               0               0          1.4608               0               
         A        357        CYS          1.5393          1.1765          2.7431         0.30857          3.0517               0               
         A        358        ALA         0.51132         0.62701               0               0          1.3276               0               
         A        359        THR          1.2778          1.1542               0               0          2.7173               0               
         A        360        PRO         0.72162         0.87574               0               0          2.2617               0               
         A        361        GLU               0               0               0               0               0               0               
         A        362        PHE         0.12138         0.38385               0               0          1.3352               0               
         A        363        VAL         0.91681          0.8433         0.50524         0.71452          2.2421               0               
         A        364        GLN         0.15953         0.45122               0               0          1.4358               0               
         A        365        GLY               0               0               0               0               0               0               
         A        366        LYS         0.71121         0.91587               0               0          2.2255               0               
         A        367        GLU         0.88859          1.0495         0.30631         0.61261          2.6043               0               
         A        368        PHE          2.5683          1.2416           2.083          1.2489          4.3337               0               
         A        369        LYS         0.44029         0.85219               0               0          2.4448               0               
         A        370        ASP          0.1665         0.44053               0               0           1.332               0               
         A        371        PHE         0.51185         0.67875         0.61519         0.71187          1.5356               0               
         A        372        PRO         0.51358           0.849               0               0           2.261               0               
         A        373        ASP               0               0               0               0               0               0               
         A        374        VAL         0.36609         0.57953               0               0           1.334               0               
         A        375        LEU         0.68331         0.92828          1.0025          1.0592          2.4885               0               
         A        376        LEU          0.1543         0.40824               0               0          1.2344               0               
         A        377        PRO         0.17591         0.43089               0               0          1.2314               0               
         A        378        ASN         0.15469         0.40927               0               0          1.2375               0               
         A        379        TYR         0.33976         0.59039         0.17343         0.45886          1.4585               0               
         A        380        PHE          1.1495         0.96363          1.4247         0.99594          2.4549               0               
         A        381        THR               0               0               0               0               0               0               
         A        382        CYS         0.30173         0.67469          0.9052          0.9052          1.8104               0               
         A        383        ARG         0.44768         0.76602               0               0           2.261               0               
         A        384        ARG         0.38226         0.62765         0.21737         0.53246          1.5216               0               
         A        385        ALA           3.009         0.64898           4.186               0           4.186          2.2463               
         A        386        ARG         0.86677           1.191               0               0           3.024               0               
         A        387        ILE          1.6936          1.1368          1.7408          1.1376          3.0039               0               
         A        388        ARG         0.13327         0.42143               0               0          1.4659               0               
         A        389        ASP         0.15432         0.40828               0               0          1.2345               0               
         A        390        ARG         0.13336         0.42173               0               0           1.467               0               
         A        391        LYS         0.13628         0.38546               0               0          1.2265               0               
         A        392        ALA               0               0               0               0               0               0               
         A        393        GLN         0.39576         0.77169               0               0          2.2424               0               
         A        394        GLN         0.32647         0.61087         0.29851         0.59703          1.4926               0               
         A        395        VAL          0.7047          0.8626               0               0          2.2627               0               
         A        396        PHE          0.2439         0.51975               0               0          1.4576               0               
         A        397        VAL         0.93425          0.8541         0.50645         0.71623          2.2505               0               
         A        398        ASP         0.62619         0.84542               0               0          2.2369               0               
         A        399        GLU         0.16055          0.4541               0               0          1.4449               0               
         A        400        GLY         0.33369         0.57797               0               0          1.3348               0               
         A        401        HIS         0.62143         0.80174         0.22003         0.49199          2.2438               0               
         A        402        THR         0.41231         0.65195         0.47693         0.67448          1.4554               0               
         A        403        VAL         0.91362         0.84164         0.50041         0.70769          2.2443               0               
         A        404        GLN               0               0               0               0               0               0               
         A        405        PHE          1.0588         0.88553          1.2805         0.91427          2.4197               0               
         A        406        VAL         0.40558         0.64307               0               0          1.5093               0               
         A        407        CYS         0.68498         0.69079         0.77028         0.77028          1.5406               0               
         A        408        ARG               0               0               0               0               0               0               
         A        409        ALA         0.53843          0.6644               0               0          1.4742               0               
         A        410        ASP         0.62883         0.84971               0               0          2.2511               0               
         A        411        GLY          0.6709         0.67488               0               0          1.4453               0               
         A        412        ASP          1.1301          1.1767               0               0           2.778               0               
         A        413        PRO         0.97408         0.89025         0.50379         0.71247          2.3555               0               
         A        414        PRO         0.38321           0.609               0               0          1.4558               0               
         A        415        PRO         0.63921         0.73817         0.49861         0.70514          1.5081               0               
         A        416        ALA          0.5101          0.6256               0               0          1.3272               0               
         A        417        ILE         0.52219         0.67951         0.37929         0.65695          1.5172               0               
         A        418        LEU          1.6431          1.4076         0.37463         0.64887          3.5763               0               
         A        419        TRP          1.7701          1.1246          1.5199          1.1868          3.6639               0               
         A        420        LEU          1.1818          1.2397               0               0          2.9992               0               
         A        421        SER         0.65049         0.95323               0               0           2.384               0               
         A        422        PRO         0.18977         0.46483               0               0          1.3284               0               
         A        423        ARG         0.12106         0.38283               0               0          1.3317               0               
         A        424        LYS         0.31842          0.5974               0               0          1.5279               0               
         A        425        HIS         0.49057         0.78533               0               0          2.2419               0               
         A        426        LEU         0.18129         0.47965               0               0          1.4503               0               
         A        427        VAL         0.96373          0.8922         0.50287         0.71116          2.3953               0               
         A        428        SER         0.84304         0.89005               0               0          2.2509               0               
         A        429        ALA         0.29412         0.58824               0               0          1.4706               0               
         A        430        LYS               0               0               0               0               0               0               
         A        431        SER         0.42976         0.60852               0               0          1.3415               0               
         A        432        ASN               0               0               0               0               0               0               
         A        433        GLY               0               0               0               0               0               0               
         A        434        ARG         0.48243         0.82682         0.18959          0.4644          2.4371               0               
         A        435        LEU         0.64551         0.88892               0               0          2.4162               0               
         A        436        THR          1.3457          1.2457               0               0           3.164               0               
         A        437        VAL          1.4975          1.0776           1.342          1.0294          2.8307               0               
         A        438        PHE         0.13194         0.41724               0               0          1.4514               0               
         A        439        PRO               0               0               0               0               0               0               
         A        440        ASP          0.3228         0.55953         0.31189         0.54021          1.3348               0               
         A        441        GLY          1.3001         0.84861               0               0          2.3713               0               
         A        442        THR          1.3465          1.2263               0               0          2.9131               0               
         A        443        LEU          2.5709          1.2818          3.5878          0.3628          4.1266               0               
         A        444        GLU          1.8789          1.5006         0.81992           1.056          4.0427               0               
         A        445        VAL          2.3461          1.1666          1.3294          1.0211          3.6876               0               
         A        446        ARG         0.99867           1.158         0.21844         0.53507          2.9201               0               
         A        447        TYR         0.74367          1.0776               0               0          2.5338               0               
         A        448        ALA          3.8444         0.73277          5.0068               0          5.0068          2.9854               
         A        449        GLN          1.4005           1.325         0.30352         0.60704          3.2935               0               
         A        450        VAL         0.38365         0.60983               0               0          1.4599               0               
         A        451        GLN               0               0               0               0               0               0               
         A        452        ASP          1.2758          0.8272           1.238         0.79064          2.4059               0               
         A        453        ASN         0.64791         0.89081               0               0          2.4141               0               
         A        454        GLY         0.67136         0.67502               0               0           1.442               0               
         A        455        THR         0.38268         0.60817               0               0          1.4542               0               
         A        456        TYR          1.3673         0.90377          1.4258         0.94092          2.5284               0               
         A        457        LEU          1.2219          1.0683         0.37928         0.65693          2.9089               0               
         A        458        CYS          1.8689         0.95981          0.8996          0.8996          2.9677               0               
         A        459        ILE          1.6224          1.3391          0.3806         0.65922          3.1681               0               
         A        460        ALA          3.4059         0.28928           3.641               0          3.8282          3.0358               
         A        461        ALA         0.78848          1.0077               0               0          2.4263               0               
         A        462        ASN         0.95717          1.0196          1.5822         0.98332          2.4176               0               
         A        463        ALA               0               0               0               0               0               0               
         A        464        GLY         0.33107         0.57343               0               0          1.3243               0               
         A        465        GLY         0.89579          0.9527               0               0          2.2502               0               
         A        466        ASN         0.18218         0.48201               0               0          1.4575               0               
         A        467        ASP         0.15472         0.40936               0               0          1.2378               0               
         A        468        SER          0.2424         0.54202               0               0          1.4544               0               
         A        469        MET         0.16696         0.44174               0               0          1.3357               0               
         A        470        PRO         0.41057           0.651               0               0          1.5281               0               
         A        471        ALA          1.6201         0.98272               0               0          2.8113               0               
         A        472        HIS         0.50268         0.79939               0               0          2.2442               0               
         A        473        LEU          2.0042          1.4672          3.3377         0.54105          3.8394               0               
         A        474        HIS         0.54231         0.66589         0.45901         0.64914          1.4363               0               
         A        475        VAL         0.59815         0.69604         0.50546         0.71484          1.5164               0               
         A        476        ARG         0.13356         0.42235               0               0          1.4691               0               
         A        477        SER               0               0               0               0               0               0               
