pdb_id: 
analysis type: unbound
radii_file: F:\psiafrombintisolah\PSAIA-1.0\amac_data\chothia.radii
ASA_zSice: 0.25
ASA_rSolvent: 1.4

  chain id|    res id|  res name|    average DPX|      s_avg DPX|   s-ch avg DPX| s-ch s_avg DPX|        max DPX|        min DPX|               
         A         21        HIS               0               0               0               0               0               0               
         A         22        THR         0.17533         0.42947               0               0          1.2273               0               
         A         23        ARG          0.7143         0.99331         0.20777         0.50893          2.4917               0               
         A         24        PRO          1.8304           1.436           0.502         0.70993           3.824               0               
         A         25        VAL          4.2023         0.50314          3.8839         0.50362          4.7057          3.4949               
         A         26        ILE           2.765          1.4452          3.9243         0.54862          4.5758               0               
         A         27        LEU          1.4174         0.90259          0.9946          1.0494          2.4626               0               
         A         28        VAL         0.42108         0.66599          0.5014         0.70908          1.5042               0               
         A         29        PRO           2.683          0.7328          3.2471         0.53688          3.6314          1.3364               
         A         30        GLY          1.2557         0.80722               0               0            2.25               0               
         A         31        CYS         0.44586          0.6334               0               0          1.4415               0               
         A         32        LEU         0.96911          1.0159          0.9913          1.0476          2.4617               0               
         A         33        GLY          1.3061         0.85288               0               0          2.3825               0               
         A         34        ASN          3.9738         0.67357          4.4315         0.26046          4.6853          2.4411               
         A         35        GLN          1.3774            1.13         0.54869          0.6768          3.2225               0               
         A         36        LEU          1.3027          1.0744          1.6037          1.0068          2.4834               0               
         A         37        GLU          1.4891          1.2988         0.55689         0.68774          3.4802               0               
         A         38        ALA          3.8455         0.40779          3.6614               0          4.3652          3.3501               
         A         39        LYS         0.60085         0.87997         0.30479         0.60957          2.3627               0               
         A         40        LEU          1.1761         0.99765          1.6348          1.0246          2.5053               0               
         A         41        ASP          0.1665         0.44052               0               0           1.332               0               
         A         42        LYS         0.65392         0.73316         0.60793         0.74456           1.524               0               
         A         43        PRO         0.19078         0.46731               0               0          1.3354               0               
         A         44        ASP         0.18231         0.48236               0               0          1.4585               0               
         A         45        VAL         0.21528         0.52733         0.50232         0.71039           1.507               0               
         A         46        VAL         0.21315         0.52212         0.49736         0.70337          1.4921               0               
         A         47        ASN         0.76814         0.82182          0.8942          0.9516          2.2487               0               
         A         48        TRP        0.088157         0.31785               0               0          1.2342               0               
         A         49        MET          0.1832          0.4847               0               0          1.4656               0               
         A         50        CYS         0.42519         0.60218               0               0          1.3316               0               
         A         51        TYR         0.10314         0.34206               0               0          1.2376               0               
         A         52        ARG         0.13209         0.41771               0               0           1.453               0               
         A         53        LYS         0.29736         0.55894               0               0          1.4531               0               
         A         54        THR         0.58816         0.68272         0.47926         0.67778          1.4571               0               
         A         55        GLU         0.13707         0.38769               0               0          1.2336               0               
         A         56        ASP               0               0               0               0               0               0               
         A         57        PHE         0.60101         0.83532         0.73643         0.90493          2.3869               0               
         A         58        PHE         0.44509         0.76084               0               0          2.2412               0               
         A         59        THR         0.38306         0.60858               0               0          1.4521               0               
         A         60        ILE          1.0299         0.87304          1.3849         0.90031          2.5208               0               
         A         61        TRP          1.5055          1.0669          1.1742          1.0453           3.041               0               
         A         62        LEU          1.3166          1.1333           1.011            1.07           2.872               0               
         A         63        ASP          0.4489         0.81106               0               0          2.2573               0               
         A         64        LEU         0.18344         0.48534               0               0          1.4675               0               
         A         65        ASN         0.16668         0.44099               0               0          1.3334               0               
         A         66        MET         0.68364         0.91914         0.38056         0.65914          2.4158               0               
         A         67        PHE         0.13247         0.41892               0               0          1.4572               0               
         A         68        LEU         0.34526         0.60228         0.38104         0.65998          1.5242               0               
         A         69        PRO         0.17756         0.43494               0               0           1.243               0               
         A         70        LEU         0.34484         0.60178          0.3816         0.66095          1.5264               0               
         A         71        GLY         0.30807         0.53359               0               0          1.2323               0               
         A         72        VAL         0.94093          1.1421               0               0          2.7226               0               
         A         73        ASP         0.33453         0.58214               0               0          1.4504               0               
         A         74        CYS         0.24278         0.54287               0               0          1.4567               0               
         A         75        TRP          0.6769         0.81846         0.55437         0.67903          2.3994               0               
         A         76        ILE          1.1867          1.2485               0               0          3.0629               0               
         A         77        ASP           1.172          1.2277               0               0          2.9382               0               
         A         78        ASN          1.1921          1.0996         0.68778         0.69563          3.1477               0               
         A         79        THR          1.4925          1.0431         0.47846         0.67665          2.7844               0               
         A         80        ARG         0.61064         0.84784         0.18998         0.46536          2.4092               0               
         A         81        VAL          1.0812          1.0178          0.5054         0.71474          2.4154               0               
         A         82        VAL         0.20972          0.5137               0               0           1.468               0               
         A         83        TYR         0.62918         0.93619         0.94377          1.0088          2.3951               0               
         A         84        ASN         0.45106         0.81551               0               0           2.272               0               
         A         85        ARG               0               0               0               0               0               0               
         A         86        SER               0               0               0               0               0               0               
         A         87        SER               0               0               0               0               0               0               
         A         88        GLY         0.33332         0.57733               0               0          1.3333               0               
         A         89        LEU         0.16661          0.4408               0               0          1.3329               0               
         A         90        VAL         0.20501         0.50216               0               0           1.435               0               
         A         91        SER         0.20626          0.4612               0               0          1.2375               0               
         A         92        ASN         0.18278          0.4836               0               0          1.4623               0               
         A         93        ALA          1.0292          0.9345          2.4517               0          2.4517               0               
         A         94        PRO         0.38656         0.61442               0               0          1.4704               0               
         A         95        GLY               0               0               0               0               0               0               
         A         96        VAL          1.3838          1.2766          2.7411         0.20768          2.9289               0               
         A         97        GLN         0.54481         0.81079               0               0          2.2529               0               
         A         98        ILE         0.37074          0.6422         0.37537         0.65017          1.5015               0               
         A         99        ARG         0.57983         0.79978         0.21334         0.52256          2.2342               0               
         A        100        VAL         0.20701         0.50707               0               0          1.4491               0               
         A        101        PRO         0.91725         0.84614         0.49662         0.70232          2.2638               0               
         A        102        GLY         0.31178         0.54003               0               0          1.2471               0               
         A        103        PHE         0.61958         0.68046         0.59073         0.68213            1.45               0               
         A        104        GLY          1.3334         0.85252               0               0          2.3749               0               
         A        105        LYS          1.0847          1.2812               0               0          3.2934               0               
         A        106        THR          1.7931         0.87735          1.2849         0.99419           2.701               0               
         A        107        TYR         0.10243         0.33973               0               0          1.2292               0               
         A        108        SER          3.3579         0.72066          4.0196        0.049909          4.0696          2.2261               
         A        109        VAL          3.8743         0.45311          4.0498         0.44439          4.6737          3.3444               
         A        110        GLU          1.2057          1.1556         0.29961         0.59923          2.8695               0               
         A        111        TYR          1.0202          1.1113         0.34627         0.59975          2.9432               0               
         A        112        LEU          2.5463          1.1882          1.6319          1.0263          3.8994               0               
         A        113        ASP          1.4466         0.94323          1.5847         0.98142          2.4671               0               
         A        114        SER               0               0               0               0               0               0               
         A        115        SER               0               0               0               0               0               0               
         A        116        LYS         0.45488         0.64731               0               0           1.532               0               
         A        117        LEU         0.18439         0.48784               0               0          1.4751               0               
         A        118        ALA         0.51086         0.62649               0               0          1.3274               0               
         A        119        GLY               0               0               0               0               0               0               
         A        120        TYR         0.33203         0.57631         0.34526         0.59802          1.3875               0               
         A        121        LEU          1.5342         0.96792          1.0021          1.0595          2.4905               0               
         A        122        HIS         0.63881         0.81839           0.226         0.50535          2.2485               0               
         A        123        THR         0.38131         0.60527         0.47823         0.67633          1.4347               0               
         A        124        LEU          1.3622          1.1589         0.37282         0.64575          3.0944               0               
         A        125        VAL          3.6552         0.44719          3.9193         0.22531          4.2615          3.0941               
         A        126        GLN         0.84299         0.99381               0               0          2.4531               0               
         A        127        ASN         0.92401         0.98616         0.86777         0.93882          2.3996               0               
         A        128        LEU          2.2438          0.9699           1.625          1.0199          3.1876               0               
         A        129        VAL         0.78509         0.95234         0.50036         0.70761          2.4619               0               
         A        130        ASN         0.16648         0.44047               0               0          1.3319               0               
         A        131        ASN         0.16609         0.43944               0               0          1.3288               0               
         A        132        GLY               0               0               0               0               0               0               
         A        133        TYR           1.548          1.0845          1.7023          1.1536          3.2933               0               
         A        134        VAL         0.72211         0.87706               0               0          2.2686               0               
         A        135        ARG         0.24467         0.52152               0               0          1.4652               0               
         A        136        ASP         0.62563          0.8492               0               0          2.2515               0               
         A        137        GLU         0.59671         0.87901               0               0          2.3918               0               
         A        138        THR          2.4163          1.3116          1.2971         0.98513          4.2537               0               
         A        139        VAL          4.7526         0.33504          4.7765         0.21315          5.2154          4.1564               
         A        140        ARG          3.0875          1.8834          2.0674          1.5774          5.7117               0               
         A        141        ALA          4.3228         0.38161          4.4611               0            4.68          3.5842               
         A        142        ALA          3.9694         0.64843          4.1575               0          4.9676          3.1844               
         A        143        PRO          2.3751          1.2348          3.4425         0.23667          3.7772               0               
         A        144        TYR          2.1802          1.2939          2.6417          1.2431          3.9505               0               
         A        145        ASP          1.2722          1.0944          0.8605         0.92203          2.8551               0               
         A        146        TRP          2.2737          1.2789          2.4991          1.2307           4.171               0               
         A        147        ARG           1.498          1.2922          1.8213          1.3434          3.8466               0               
         A        148        LEU         0.54497          0.7058         0.75864         0.75875          1.5357               0               
         A        149        GLU         0.73959           1.093               0               0          2.7304               0               
         A        150        PRO           1.275         0.89755          0.9994         0.70671          2.3579               0               
         A        151        GLY               0               0               0               0               0               0               
         A        152        GLN         0.14785          0.4182               0               0          1.3307               0               
         A        153        GLN           1.367         0.84312          1.4824         0.85977          2.4051               0               
         A        154        GLU         0.55707         0.82138               0               0          2.2361               0               
         A        155        GLU         0.55914         0.82521               0               0          2.2505               0               
         A        156        TYR          0.9896         0.90334         0.98888         0.82654          2.4284               0               
         A        157        TYR          1.2562           1.195          1.3885          1.2426           3.506               0               
         A        158        ARG               0               0               0               0               0               0               
         A        159        LYS         0.13673         0.38672               0               0          1.2305               0               
         A        160        LEU           2.196         0.95004          1.6249          1.0202          3.1996               0               
         A        161        ALA          1.5228         0.87252               0               0          2.4723               0               
         A        162        GLY               0               0               0               0               0               0               
         A        163        LEU         0.99315          1.0445          1.0008          1.0569          2.4819               0               
         A        164        VAL          3.8561          1.0012          4.9009         0.32494          5.2578          2.4621               
         A        165        GLU          0.4437          0.8591               0               0          2.4663               0               
         A        166        GLU         0.13711         0.38781               0               0           1.234               0               
         A        167        MET          3.5895         0.79883          4.2664         0.38006          4.8917           2.248               
         A        168        HIS           1.163          1.0657         0.88016         0.96004          2.7487               0               
         A        169        ALA               0               0               0               0               0               0               
         A        170        ALA               0               0               0               0               0               0               
         A        171        TYR          0.5413         0.80676         0.64566         0.88188          2.3868               0               
         A        172        GLY               0               0               0               0               0               0               
         A        173        LYS         0.58349         0.86757               0               0          2.3979               0               
         A        174        PRO         0.60406         0.70248               0               0          1.5233               0               
         A        175        VAL          3.6124         0.77364           4.331         0.19465          4.5905          2.2526               
         A        176        PHE          2.2203          1.3446          1.6241          1.2656          4.0648               0               
         A        177        LEU          1.3597         0.87192           1.386         0.89046          2.4858               0               
         A        178        ILE           1.351          1.1334          1.7249          1.1117           2.868               0               
         A        179        GLY         0.64151         0.64243               0               0          1.3315               0               
         A        180        HIS          1.2469         0.96063         0.69974         0.70176          2.9518               0               
         A        181        SER          1.6923          1.3507               0               0          3.6801               0               
         A        182        LEU          1.3969          1.1903         0.38287         0.66315          3.1618               0               
         A        183        GLY          3.6435         0.24276               0               0          3.9852          3.2989               
         A        184        CYS          3.9679         0.53742          3.3406        0.084975          4.6614          3.2556               
         A        185        LEU           2.119          1.3725         0.98372           1.042          3.8045               0               
         A        186        HIS          1.1561         0.84039          1.0563         0.79368           2.477               0               
         A        187        LEU          1.0435         0.86258         0.76778          0.7678          2.4142               0               
         A        188        LEU          3.4547         0.74925          4.0616         0.26266          4.4498          2.4121               
         A        189        TYR         0.67738         0.83919         0.34533         0.59815          2.3889               0               
         A        190        PHE          1.0665         0.88351          1.2929          0.9086          2.3835               0               
         A        191        LEU          3.5285          1.0149          4.5157         0.25029          4.9289           2.255               
         A        192        LEU         0.36791         0.63727         0.37093         0.64247          1.4837               0               
         A        193        ARG         0.12112         0.38303               0               0          1.3324               0               
         A        194        GLN          0.9962         0.98033          1.2263          1.0977          2.5111               0               
         A        195        PRO         0.51275         0.84752               0               0          2.2568               0               
         A        196        GLN         0.39937         0.77805               0               0          2.2576               0               
         A        197        ALA               0               0               0               0               0               0               
         A        198        TRP          1.5622          1.3482          1.7948          1.3901          3.5934               0               
         A        199        LYS          1.1703          1.1051          1.3169          1.1359          2.5373               0               
         A        200        ASP         0.16627         0.43992               0               0          1.3302               0               
         A        201        ARG         0.23263         0.49391               0               0          1.3278               0               
         A        202        PHE          1.9224           1.405          1.2738          1.3262          3.7541               0               
         A        203        ILE          2.7129          1.3875          3.7898         0.52017          4.4265               0               
         A        204        ASP         0.52705         0.68459         0.38111         0.66011          1.5244               0               
         A        205        GLY          3.2521         0.77896               0               0          4.2327           2.255               
         A        206        PHE           4.625         0.52308          4.5242         0.55243          5.2707          3.6651               
         A        207        ILE           4.434         0.56821          4.6959         0.24353          5.0843           3.414               
         A        208        SER          1.5952          1.2055               0               0          2.9853               0               
         A        209        LEU          2.3352          1.0639          1.6399          1.0306           3.633               0               
         A        210        GLY         0.66637         0.67065               0               0          1.4397               0               
         A        211        ALA         0.53618         0.66098               0               0          1.4595               0               
         A        212        PRO         0.92685          0.8521         0.49565         0.70095          2.2496               0               
         A        213        TRP          2.1623          1.2215          2.4361          1.2054           4.101               0               
         A        214        GLY         0.66909         0.67356               0               0          1.4477               0               
         A        215        GLY         0.97956          1.0282               0               0          2.4012               0               
         A        216        SER         0.83959         0.88847               0               0          2.2563               0               
         A        217        ILE          1.0098         0.82308         0.76225         0.76225          2.2478               0               
         A        218        LYS          0.5614          0.8267               0               0          2.2441               0               
         A        219        PRO         0.17615         0.43148               0               0          1.2331               0               
         A        220        MET          2.4642          1.0853          1.9565          1.2503          3.7068               0               
         A        221        LEU          2.2687          1.4786          1.0023          1.0596          3.7388               0               
         A        222        VAL          1.3856          1.2774               0               0          3.1735               0               
         A        223        LEU          1.6583          1.0557         0.98923          1.0429          2.8623               0               
         A        224        ALA          2.0112          1.2392          3.1923               0           3.224               0               
         A        225        SER          1.0797         0.82461         0.71323         0.71323          2.2771               0               
         A        226        GLY               0               0               0               0               0               0               
         A        227        ASP               0               0               0               0               0               0               
         A        228        ASN         0.16643         0.44032               0               0          1.3314               0               
         A        229        GLN         0.31663         0.59387         0.30296         0.60593          1.5148               0               
         A        230        GLY          1.2664         0.81189               0               0          2.2615               0               
         A        231        ILE         0.18281         0.48367               0               0          1.4625               0               
         A        232        PRO         0.17721         0.43408               0               0          1.2405               0               
         A        233        ILE          0.3745         0.64893         0.38396         0.66503          1.5358               0               
         A        234        MET          1.0531         0.89521          1.4647         0.92263          2.5346               0               
         A        235        SER               0               0               0               0               0               0               
         A        243        GLN          0.1624         0.45932               0               0          1.4616               0               
         A        244        ARG               0               0               0               0               0               0               
         A        245        ILE         0.80618         0.84958         0.38346         0.66418          2.2532               0               
         A        246        THR         0.38212          0.6065          0.4788         0.67712          1.4364               0               
         A        247        THR          1.2535          1.2267         0.51137         0.72318          3.3056               0               
         A        248        THR         0.77646         0.94604         0.48045         0.67946          2.4618               0               
         A        249        SER          0.2431         0.54358               0               0          1.4586               0               
         A        250        PRO         0.72175         0.87246         0.49652         0.70218          2.2339               0               
         A        251        TRP          0.7647         0.80902         0.94873          0.8285          2.4251               0               
         A        252        MET         0.66655         0.89906               0               0          2.3774               0               
         A        253        PHE          1.7835          1.0351          1.9386          1.0254          3.3217               0               
         A        254        PRO          1.0953          0.9991          1.2933         0.98632          2.3925               0               
         A        255        SER         0.22213          0.4967               0               0          1.3328               0               
         A        256        ARG               0               0               0               0               0               0               
         A        257        MET         0.16532         0.43739               0               0          1.3225               0               
         A        258        ALA         0.56876         0.69919          1.5172               0          1.5172               0               
         A        259        TRP          1.4167          1.0205          1.6988         0.98753          2.8321               0               
         A        260        PRO         0.17695         0.43344               0               0          1.2387               0               
         A        261        GLU         0.39545         0.77014               0               0          2.2334               0               
         A        262        ASP         0.18159         0.48044               0               0          1.4527               0               
         A        263        HIS         0.84605         0.89864         0.81464         0.86106          2.2452               0               
         A        264        VAL         0.38305           0.609               0               0          1.4599               0               
         A        265        PHE          2.1332          1.2674          1.6086          1.2586          3.7574               0               
         A        266        ILE          4.0825         0.42525          4.2874          0.3168          4.7882          3.3878               
         A        267        SER         0.66147         0.97223               0               0          2.4431               0               
         A        268        THR         0.40612         0.64411               0               0          1.5155               0               
         A        269        PRO               0               0               0               0               0               0               
         A        270        SER               0               0               0               0               0               0               
         A        271        PHE         0.57989         0.81537         0.73424         0.90261          2.3822               0               
         A        272        ASN         0.33605         0.58465               0               0          1.4543               0               
         A        273        TYR          1.4774         0.95997          1.5895           1.008          2.5344               0               
         A        274        THR          1.2648         0.91188          1.3122         0.99704          2.4152               0               
         A        275        GLY         0.67012         0.67475               0               0          1.4518               0               
         A        276        ARG         0.13289         0.42023               0               0          1.4618               0               
         A        277        ASP         0.31741         0.55055               0               0           1.328               0               
         A        278        PHE         0.83291         0.79608         0.59294         0.68467          2.2363               0               
         A        279        GLN         0.29797         0.55999               0               0           1.454               0               
         A        280        ARG         0.35626         0.77859               0               0          2.3985               0               
         A        281        PHE          2.5312          1.1377          2.5757          1.3378           3.914               0               
         A        282        PHE          3.2777          0.9213          3.8881         0.36667          4.3135          1.3279               
         A        283        ALA         0.29079         0.58157               0               0          1.4539               0               
         A        284        ASP         0.15342         0.40592               0               0          1.2274               0               
         A        285        LEU         0.87357         0.92445          1.3817         0.89005          2.4869               0               
         A        286        HIS         0.80789           1.059               0               0          2.7123               0               
         A        287        PHE          1.6559          1.1929         0.95162         0.90463          3.2758               0               
         A        288        GLU         0.29794         0.55974               0               0          1.4491               0               
         A        289        GLU          1.1869          1.1767          0.2517          0.5034          3.1594               0               
         A        290        GLY          3.4138         0.21919               0               0          3.7283          3.1385               
         A        291        TRP          1.1068          1.0418         0.63699         0.81555          2.7267               0               
         A        292        TYR         0.45565         0.64621         0.34794         0.60265          1.4556               0               
         A        293        MET         0.40438         0.70557         0.44697         0.77418          1.7879               0               
         A        294        TRP          1.3204          1.1149         0.89241         0.96339          2.9509               0               
         A        295        LEU         0.68547         0.92469         0.37888         0.65625          2.4474               0               
         A        296        GLN         0.14619         0.41349               0               0          1.3157               0               
         A        297        SER         0.66194         0.66441          0.7108          0.7108          1.4216               0               
         A        298        ARG         0.27285         0.57906         0.22021          0.5394          1.5414               0               
         A        299        ASP          0.3371           0.586         0.31215         0.54066          1.4482               0               
         A        300        LEU         0.15494         0.40994               0               0          1.2396               0               
         A        301        LEU               0               0               0               0               0               0               
         A        302        ALA               0               0               0               0               0               0               
         A        303        GLY               0               0               0               0               0               0               
         A        304        LEU          1.4577          0.9803           1.671          1.0488          2.5689               0               
         A        305        PRO         0.72312         0.87692               0               0          2.2605               0               
         A        306        ALA         0.53597         0.66045               0               0          1.4551               0               
         A        307        PRO          2.0224           1.117          3.0593         0.39482           3.455               0               
         A        308        GLY         0.64239         0.64315               0               0          1.3291               0               
         A        309        VAL         0.93217         0.85071         0.50235         0.71043          2.2352               0               
         A        310        GLU         0.92202          1.1086         0.30306         0.60611          2.8766               0               
         A        311        VAL          2.3077          1.1118          1.3335          1.0182          3.4411               0               
         A        312        TYR          2.4272           1.393           1.773          1.2509          4.0059               0               
         A        313        CYS          2.6307          1.3783         0.89942         0.89942          4.0847               0               
         A        314        LEU          2.6405          1.3146          3.6558         0.39356          4.1135               0               
         A        315        TYR          1.3823         0.89238          1.1503         0.97467          2.5238               0               
         A        316        GLY         0.67204         0.67652               0               0           1.454               0               
         A        317        VAL           1.052         0.96372               0               0          2.2609               0               
         A        318        GLY               0               0               0               0               0               0               
         A        319        LEU         0.69935           0.705         0.37924         0.65686           1.524               0               
         A        320        PRO         0.17486         0.42832               0               0           1.224               0               
         A        321        THR          2.0808         0.97477          1.3218          1.0049          3.2881               0               
         A        322        PRO         0.60838         0.70733               0               0          1.5351               0               
         A        323        ARG          1.4091          1.3538         0.57826         0.95149          3.2479               0               
         A        324        THR          1.9303          1.3711         0.47967         0.67835          3.6766               0               
         A        325        TYR          2.4591          1.4302          1.7632           1.246          4.2608               0               
         A        326        ILE          1.9302          1.3314          0.7563          0.7563          3.7792               0               
         A        327        TYR          3.0605          1.2539          3.8016         0.39157          4.3874               0               
         A        328        ASP         0.77065         0.81902         0.86551         0.92751          2.2026               0               
         A        329        HIS               0               0               0               0               0               0               
         A        330        GLY          0.3329         0.57659               0               0          1.3316               0               
         A        331        PHE          1.0552         0.87999          1.0742          1.0052          2.3834               0               
         A        332        PRO         0.42594         0.67362               0               0          1.5171               0               
         A        333        TYR         0.11084         0.36762               0               0          1.3301               0               
         A        334        THR         0.39402         0.62369         0.47806         0.67609          1.4342               0               
         A        335        ASP           0.335          0.5827               0               0          1.4471               0               
         A        336        PRO         0.60501         0.70406               0               0          1.5334               0               
         A        337        VAL         0.20727         0.50772               0               0          1.4509               0               
         A        338        GLY         0.89406         0.95166               0               0          2.2492               0               
         A        339        VAL         0.59864         0.69509         0.49754         0.70363          1.4926               0               
         A        340        LEU          1.0072         0.81971         0.75944         0.75948          2.2321               0               
         A        341        TYR         0.35375         0.61296         0.34769         0.60221          1.4636               0               
         A        342        GLU         0.66462         0.78834         0.68436         0.88831          2.1761               0               
         A        343        ASP         0.15212         0.40246               0               0          1.2169               0               
         A        344        GLY          2.9407         0.49185               0               0          3.4502          2.2276               
         A        345        ASP          1.3075          1.1126          0.3137         0.54334          2.6866               0               
         A        346        ASP         0.66284          0.9212               0               0          2.5313               0               
         A        347        THR          1.0399         0.97663         0.47558         0.67258           2.388               0               
         A        348        VAL          1.4128         0.99195          1.3328          1.0256          2.4946               0               
         A        349        ALA          1.3442          1.1848               0               0          2.8071               0               
         A        350        THR          1.2811         0.89704         0.47589         0.67301          2.4379               0               
         A        351        ARG          0.2494         0.53283         0.21715         0.53192          1.5201               0               
         A        352        SER          3.1541         0.56694          3.6391         0.42053          4.0596          2.2351               
         A        353        THR         0.95185         0.90482         0.47484         0.67152          2.4951               0               
         A        354        GLU         0.41577         0.79468               0               0          2.2162               0               
         A        355        LEU         0.53614         0.69687         0.76159         0.76159          1.5249               0               
         A        356        CYS          2.5645         0.34726          2.5949          0.5159          3.1108           2.079               
         A        357        GLY         0.36269         0.62819               0               0          1.4508               0               
         A        358        LEU         0.49598          0.8873               0               0          2.4281               0               
         A        359        TRP          2.5865          1.1557            2.57          1.3603           4.544               0               
         A        360        GLN         0.16139         0.45648               0               0          1.4525               0               
         A        361        GLY               0               0               0               0               0               0               
         A        362        ARG         0.12131         0.38361               0               0          1.3344               0               
         A        363        GLN         0.70825          1.0308          1.2749          1.0911          2.4248               0               
         A        364        PRO         0.19095         0.46773               0               0          1.3367               0               
         A        365        GLN         0.54564         0.81103         0.71647         0.92392          2.2484               0               
         A        366        PRO         0.69945         0.85528               0               0            2.24               0               
         A        367        VAL          0.5961         0.69272         0.49969         0.70667          1.4991               0               
         A        368        HIS          0.7771         0.81466         0.45843         0.64832          2.2411               0               
         A        369        LEU         0.52229         0.67844         0.37639         0.65192          1.5055               0               
         A        370        LEU         0.85219         0.89283         0.37601         0.65127          2.3557               0               
         A        371        PRO         0.60493          0.7037               0               0          1.5285               0               
         A        372        LEU           2.947         0.96725          3.8325         0.33634          4.2223          1.3197               
         A        373        HIS         0.14556         0.43668               0               0          1.4556               0               
         A        374        GLY               0               0               0               0               0               0               
         A        375        ILE         0.99149          0.8137         0.75663         0.75664          2.2463               0               
         A        376        GLN         0.74166          1.0967               0               0          2.7735               0               
         A        377        HIS         0.65298         0.85353         0.22554         0.50433          2.4285               0               
         A        378        LEU               0               0               0               0               0               0               
         A        379        ASN         0.80544         0.85005               0               0          2.2603               0               
         A        380        MET          1.1547         0.95836          1.0488          1.0763          2.4397               0               
         A        381        VAL         0.77288         0.93102         0.50185         0.70972          2.3762               0               
         A        382        PHE         0.36036         0.79088               0               0          2.4575               0               
         A        383        SER         0.81904         0.87429               0               0          2.2498               0               
         A        384        ASN         0.33714         0.58656               0               0          1.4594               0               
         A        385        LEU         0.67997         0.91301         0.37951         0.65733          2.3928               0               
         A        386        THR          2.1646          1.0171          1.3161         0.99983          3.2625               0               
         A        387        LEU          1.3244             1.1         0.37626         0.65171          2.7061               0               
         A        388        GLU         0.16088         0.45505               0               0          1.4479               0               
         A        389        HIS          0.5397         0.85585         0.24921         0.55726          2.3925               0               
         A        390        ILE          2.3152          1.0562          1.7918          1.1774          3.7465               0               
         A        391        ASN         0.33692         0.58619          0.3092         0.53556          1.4585               0               
         A        392        ALA         0.78566          1.0016               0               0          2.4035               0               
         A        393        ILE          1.0245         0.86514          1.3784         0.88881          2.4839               0               
         A        394        LEU         0.96973          1.0164         0.99649           1.054          2.4786               0               
         A        395        LEU         0.16597         0.43912               0               0          1.3278               0               
         A        396        GLY               0               0               0               0               0               0               
         A        397        ALA               0               0               0               0               0               0               
         A        398        TYR         0.11595         0.38456         0.17392         0.46016          1.3914               0               
         A        399        ARG         0.13286         0.39859               0               0          1.3286               0               
