pdb_id: 
analysis type: unbound
radii_file: F:\psiafrombintisolah\PSAIA-1.0\amac_data\chothia.radii
ASA_zSice: 0.25
ASA_rSolvent: 1.4

  chain id|    res id|  res name|    average DPX|      s_avg DPX|   s-ch avg DPX| s-ch s_avg DPX|        max DPX|        min DPX|               
         H        321        ILE           2.724          1.4015          3.7904          0.5895          4.3973               0               
         H        322        VAL          1.3975         0.95958         0.50558         0.71499          2.4165               0               
         H        323        GLU               0               0               0               0               0               0               
         H        324        GLY               0               0               0               0               0               0               
         H        325        SER         0.59888         0.88845               0               0          2.2615               0               
         H        326        ASP         0.33531         0.58355               0               0          1.4547               0               
         H        327        ALA         0.75278         0.95064               0               0          2.2484               0               
         H        328        GLU         0.28406         0.53187               0               0          1.3239               0               
         H        329        ILE               0               0               0               0               0               0               
         H        330        GLY               0               0               0               0               0               0               
         H        331        MET               0               0               0               0               0               0               
         H        332        SER         0.24309         0.54356               0               0          1.4585               0               
         H        333        PRO         0.36857         0.58349               0               0          1.3443               0               
         H        334        TRP          1.6561          1.3051          1.2297          1.1873          3.7004               0               
         H        335        GLN          1.7257          1.1494          2.0612          1.2268          3.6284               0               
         H        336        VAL          3.3591         0.56997          3.8061        0.091093          3.9022          2.2518               
         H        337        MET          2.5956          1.2765          1.5989          1.0081           4.178               0               
         H        338        LEU          4.4956         0.56825           4.561         0.58084          5.5336          3.6007               
         H        339        PHE          1.9152          1.7341         0.75553         0.93783          4.7533               0               
         H        340        ARG          1.4343          1.2695         0.61255         0.70931          3.8039               0               
         H        341        LYS         0.29974         0.56378               0               0          1.4725               0               
         H        342        SER               0               0               0               0               0               0               
         H        343        PRO         0.70441         0.86165               0               0          2.2578               0               
         H        344        GLN           0.162         0.45821               0               0           1.458               0               
         H        345        GLU         0.54414         0.80853               0               0            2.24               0               
         H        346        LEU         0.52468         0.68166         0.37882         0.65613          1.5153               0               
         H        347        LEU         0.83521         0.90033         0.99759          1.0529          2.4716               0               
         H        348        CYS          1.6712         0.82959         0.90466         0.90466          2.4034               0               
         H        349        GLY         0.97711           1.026               0               0          2.3966               0               
         H        350        ALA          3.5901         0.71985          4.3093               0          4.3093          2.4027               
         H        351        SER           4.337         0.50767          3.8846         0.28418          5.0494          3.6004               
         H        352        LEU          4.4443         0.66567          4.5907         0.43435          5.3772          3.4857               
         H        353        ILE          1.0433         0.88004         0.76251         0.76251          2.5166               0               
         H        354        SER          1.0728         0.81506         0.70676         0.70676          2.2361               0               
         H        355        ASP         0.86171          1.1771               0               0          2.9695               0               
         H        356        ARG          1.2539          1.0652         0.61486         0.71201          2.9583               0               
         H        357        TRP          1.9613           1.582          1.1378          1.0137          4.7266               0               
         H        358        VAL          4.6195         0.94554          5.2303         0.87662          6.3905          3.3388               
         H        359        LEU          1.2206         0.77338          1.1464         0.66188           2.414               0               
         H        360        THR          3.2719         0.97444          3.8488         0.45128          4.3064          1.3303               
         H        361        ALA          4.4749         0.51192          4.1654               0          5.1614          3.6681               
         H        362        ALA          4.2507         0.45479          3.7492               0          4.7982          3.7294               
         H        363        HIS          1.3857          1.2505         0.47001         0.66673          3.2563               0               
         H        364        CYS          1.0444         0.77601          1.7829         0.25357          2.0365               0               
         H        365        LEU          1.2882          1.0601          1.6321           1.024          2.5091               0               
         H        366        LEU          1.2298          1.0792          0.3805         0.65904          2.9539               0               
         H        367        TYR          0.7776          1.1339               0               0          2.8285               0               
         H        368        PRO         0.42321         0.66929         0.50197         0.70989          1.5059               0               
         H        369        PRO         0.58281         0.67709          0.5022         0.71022          1.5066               0               
         H        370        TRP         0.10446         0.37662               0               0          1.4624               0               
         H        371        ASP               0               0               0               0               0               0               
         H        372        LYS         0.16943         0.47923         0.30498         0.60996          1.5249               0               
         H        373        ASN         0.18202         0.48157               0               0          1.4561               0               
         H        374        PHE         0.62346         0.68602         0.61338          0.7097          1.5285               0               
         H        375        THR         0.71952         0.87307               0               0          2.2541               0               
         H        376        GLU         0.16306         0.46121               0               0          1.4676               0               
         H        377        ASN         0.22916          0.4404         0.29988         0.48836          1.3131               0               
         H        378        ASP         0.33581         0.58459               0               0          1.4606               0               
         H        379        LEU          2.5924          1.3299           3.719         0.28425          4.0199               0               
         H        380        LEU          2.2272          1.5845          1.0047          1.0623          4.6291               0               
         H        381        VAL          4.5567         0.75958          5.0393         0.81815          5.9966          3.6915               
         H        382        ARG          1.0838          1.0955         0.77317          0.9585          2.8517               0               
         H        383        ILE          3.3267         0.77709          4.0827         0.10266          4.1965          2.2744               
         H        384        GLY         0.36296         0.62867               0               0          1.4518               0               
         H        385        LYS          2.0687          1.6342          3.4304         0.55881          3.9984               0               
         H        386        HIS         0.53176         0.85137         0.22569         0.50465           2.422               0               
         H        387        SER          1.5962          1.2193               0               0          3.1226               0               
         H        388        ARG         0.85433          1.0394         0.40671          0.6455          2.9414               0               
         H        389        THR         0.20917         0.51236               0               0          1.4642               0               
         H        390        ARG         0.44772         0.76586               0               0          2.2592               0               
         H        391        TYR          0.2239          0.5028               0               0          1.4569               0               
         H        392        GLU         0.43918         0.62407         0.24886         0.49771          1.4668               0               
         H        393        ARG         0.13254         0.41913               0               0          1.4579               0               
         H        394        ASN               0               0               0               0               0               0               
         H        395        ILE               0               0               0               0               0               0               
         H        396        GLU          2.3575          1.1547          3.2484         0.17838          3.4238               0               
         H        397        LYS         0.55872         0.82477               0               0          2.2515               0               
         H        398        ILE         0.18028         0.47698               0               0          1.4422               0               
         H        399        SER         0.42645         0.60388               0               0          1.3331               0               
         H        400        MET         0.62819         0.84903               0               0          2.2515               0               
         H        401        LEU          2.0281          1.5313          3.3857          0.7405          4.4825               0               
         H        402        GLU         0.46557         0.66225         0.30384         0.60769          1.5192               0               
         H        403        LYS          1.0525          1.2418               0               0          3.1956               0               
         H        404        ILE         0.84112         0.90329         0.37814         0.65496          2.4588               0               
         H        405        TYR         0.84689         0.90272         0.64065         0.87574          2.3731               0               
         H        406        ILE         0.52458         0.68115         0.37679         0.65262          1.5072               0               
         H        407        HIS          1.3849          1.0537          1.3307          1.1098           3.091               0               
         H        408        PRO         0.20876         0.51135               0               0          1.4613               0               
         H        409        ARG         0.12083          0.3821               0               0          1.3291               0               
         H        410        TYR          1.2616          1.1987          1.7101          1.1629          3.3599               0               
         H        411        ASN         0.61077         0.83129               0               0          2.2367               0               
         H        412        TRP         0.57808         0.81578         0.66265         0.86334          2.4626               0               
         H        413        ARG         0.12115         0.38311               0               0          1.3326               0               
         H        414        GLU               0               0               0               0               0               0               
         H        415        ASN          1.6307          1.2146          2.6197         0.76235          3.6662               0               
         H        416        LEU         0.52975         0.68808         0.38192          0.6615          1.5277               0               
         H        417        ASP          1.3508         0.86918         0.85855         0.92249          2.2581               0               
         H        418        ARG          1.1593         0.96291          1.1008          1.0365          2.4814               0               
         H        419        ASP          1.6132          1.0226          1.5748         0.97594          2.7447               0               
         H        420        ILE          4.3608         0.60686          4.4861         0.20784          5.3339          3.0372               
         H        421        ALA          4.8141         0.62364          4.6473               0          5.7781          3.8389               
         H        422        LEU          4.3605         0.44921           4.261          0.4413          4.9377          3.7268               
         H        423        MET          5.4194         0.29025          5.2526         0.27987          5.8471          4.8844               
         H        424        LYS          2.1851          1.7671         0.81027           1.042          4.8714               0               
         H        425        LEU          2.7334          1.3976          3.8587         0.43057            4.28               0               
         H        426        LYS         0.62939         0.91534               0               0           2.258               0               
         H        427        LYS         0.20485         0.45806               0               0          1.2291               0               
         H        428        PRO          0.4283         0.67734               0               0          1.5255               0               
         H        429        VAL         0.76315         0.94163          1.3378          1.0245          2.4886               0               
         H        430        ALA         0.24724         0.49448               0               0          1.2362               0               
         H        431        PHE         0.13209         0.41769               0               0          1.4529               0               
         H        432        SER               0               0               0               0               0               0               
         H        433        ASP               0               0               0               0               0               0               
         H        434        TYR         0.32926         0.57119         0.17327         0.45844          1.3862               0               
         H        435        ILE          2.3197          1.0189          1.8109           1.199          3.1537               0               
         H        436        HIS         0.96379          1.2325               0               0          3.1051               0               
         H        437        PRO         0.76409         0.91801          0.4998         0.70682          2.3306               0               
         H        438        VAL          1.1337          1.0667          2.2033         0.46182          2.5429               0               
         H        439        CYS         0.81894           0.874               0               0          2.2485               0               
         H        440        LEU         0.52639         0.68394         0.38059          0.6592          1.5224               0               
         H        441        PRO          2.7508         0.87681          3.6634         0.29784          4.0557          1.3281               
         H        442        ASP         0.44696         0.80801               0               0          2.2507               0               
         H        443        ARG         0.24435         0.52048               0               0          1.4545               0               
         H        444        GLU               0               0               0               0               0               0               
         H        445        THR          1.1125          1.0244          1.2782         0.98587          2.4122               0               
         H        446        ALA          1.0406         0.94029               0               0          2.4503               0               
         H        447        ALA               0               0               0               0               0               0               
         H        448        SER         0.20567         0.45989               0               0           1.234               0               
         H        449        LEU           1.572          1.3062         0.38139         0.66059          3.1317               0               
         H        450        LEU         0.68613         0.92545         0.37876         0.65603          2.4486               0               
         H        451        GLN         0.54442         0.80918               0               0          2.2431               0               
         H        452        ALA         0.29247         0.58494               0               0          1.4624               0               
         H        453        GLY               0               0               0               0               0               0               
         H        454        TYR         0.40862          0.7396               0               0          2.2418               0               
         H        455        LYS         0.16232          0.4591               0               0          1.4609               0               
         H        456        GLY         0.64093         0.64188               0               0          1.3314               0               
         H        457        ARG         0.38049         0.62477         0.21597         0.52902          1.5118               0               
         H        458        VAL          3.3558         0.60552          3.8226         0.34125          4.1374          2.2513               
         H        459        THR          1.6933           1.149         0.47866         0.67692          2.7866               0               
         H        460        GLY          1.2617         0.80983               0               0          2.2551               0               
         H        461        TRP          1.5306          1.2157           1.874          1.2137          3.6231               0               
         H        462        GLY          1.3462         0.86223               0               0          2.4035               0               
         H        463        ASN          1.6634           1.405         0.38075         0.65948           3.512               0               
         H        464        LEU         0.68533         0.92311         0.38053         0.65909          2.4357               0               
         H        465        LYS         0.54396         0.80839               0               0          2.2404               0               
         H        466        GLU         0.39716         0.77358               0               0          2.2439               0               
         H        467        THR               0               0               0               0               0               0               
         H        468        TRP        0.095158          0.3431               0               0          1.3322               0               
         H        469        THR         0.18938         0.46388               0               0          1.3257               0               
         H        470        ALA               0               0               0               0               0               0               
         H        471        ASN               0               0               0               0               0               0               
         H        472        VAL               0               0               0               0               0               0               
         H        473        GLY               0               0               0               0               0               0               
         H        474        LYS         0.13671         0.38667               0               0          1.2304               0               
         H        475        GLY         0.89456         0.95165               0               0          2.2482               0               
         H        476        GLN         0.29897          0.5621               0               0          1.4638               0               
         H        477        PRO         0.94286         0.88603          1.3063         0.99574          2.4149               0               
         H        478        SER         0.20483         0.45801               0               0           1.229               0               
         H        479        VAL          1.1863          1.1192         0.50573          0.7152          2.7931               0               
         H        480        LEU          2.6682          1.2681           1.639           1.029          3.9547               0               
         H        481        GLN          2.0734           1.628         0.80854          1.0393          4.0546               0               
         H        482        VAL          1.1294          1.0885         0.50541         0.71476          2.7808               0               
         H        483        VAL          1.2975         0.91172          1.3449          1.0308          2.5045               0               
         H        484        ASN          0.3352         0.58366               0               0          1.4606               0               
         H        485        LEU          2.3375          1.0954          1.6272          1.0201          3.6242               0               
         H        486        PRO          1.5534             1.1         0.50305         0.71142          3.0331               0               
         H        487        ILE          1.6993          1.1412          1.7912          1.1815          3.1246               0               
         H        488        VAL         0.95938         0.90915          1.3414          1.0297          2.5028               0               
         H        489        GLU         0.56159         0.82844               0               0          2.2561               0               
         H        490        ARG         0.32843         0.72358               0               0          2.2645               0               
         H        491        PRO         0.17563         0.43021               0               0          1.2294               0               
         H        492        VAL         0.58286          0.6778          0.5082          0.7187          1.5246               0               
         H        493        CYS          1.4841          1.1062               0               0           2.677               0               
         H        494        LYS         0.46654         0.66353          0.3022         0.60441           1.511               0               
         H        495        ASP         0.18184          0.4811               0               0          1.4547               0               
         H        496        SER               0               0               0               0               0               0               
         H        497        THR         0.42147         0.66681         0.98343         0.69631           1.519               0               
         H        498        ARG               0               0               0               0               0               0               
         H        499        ILE         0.35578         0.61817         0.38024         0.65859           1.521               0               
         H        500        ARG         0.32509         0.71692               0               0          2.2475               0               
         H        501        ILE         0.52621         0.68383         0.38161         0.66096          1.5264               0               
         H        502        THR         0.59047         0.68539         0.48073         0.67986          1.4638               0               
         H        503        ASP          0.8599          1.1726               0               0          2.9266               0               
         H        504        ASN          0.9845          1.0765         0.37687         0.65276          2.7261               0               
         H        505        MET          1.1907          1.0124          1.1315          1.1762          2.7173               0               
         H        506        PHE          1.0433         0.86248          0.9375         0.87745          2.4031               0               
         H        507        CYS          1.8679         0.93067           2.273         0.21781          2.7375               0               
         H        508        ALA          1.9353          1.1808          3.3004               0          3.3004               0               
         H        509        GLY         0.67197         0.67635               0               0          1.4527               0               
         H        510        TYR         0.46564         0.65878         0.51689         0.66732          1.4525               0               
         H        511        LYS         0.31698         0.59482               0               0          1.5245               0               
         H        512        PRO               0               0               0               0               0               0               
         H        513        ASP               0               0               0               0               0               0               
         H        514        GLU         0.14827         0.41938               0               0          1.3345               0               
         H        515        GLY               0               0               0               0               0               0               
         H        516        LYS         0.13648         0.38603               0               0          1.2283               0               
         H        517        ARG               0               0               0               0               0               0               
         H        518        GLY         0.67623         0.68061               0               0          1.4615               0               
         H        519        ASP         0.67188         0.90676               0               0           2.401               0               
         H        520        ALA         0.78186         0.99527               0               0          2.3836               0               
         H        521        CYS         0.59752         0.85863          1.7926         0.26369          2.0563               0               
         H        522        GLU         0.13743          0.3887               0               0          1.2368               0               
         H        523        GLY         0.30415          0.5268               0               0          1.2166               0               
         H        524        ASP          1.8808         0.88944          2.4158         0.52126          2.8176               0               
         H        525        SER           1.533          1.1477               0               0          2.7628               0               
         H        526        GLY          1.7067          1.2122               0               0          3.2159               0               
         H        527        GLY          2.8516          0.4031               0               0          3.3336          2.2468               
         H        528        PRO          2.0192          1.0414          1.0044         0.71025           3.219               0               
         H        529        PHE          3.9445         0.40694          4.0441         0.41676          4.5713          3.3659               
         H        530        VAL          1.1342          1.0941         0.50664         0.71649          2.8014               0               
         H        531        MET          1.0446         0.84974         0.82706         0.83263          2.2558               0               
         H        532        LYS         0.29906         0.56233               0               0          1.4654               0               
         H        533        SER           1.878         0.93432         0.70859         0.70859          2.7458               0               
         H        534        PRO         0.20891         0.51171               0               0          1.4623               0               
         H        535        PHE         0.12102          0.3827               0               0          1.3312               0               
         H        536        ASN         0.32057         0.55578         0.30833         0.53404          1.3312               0               
         H        537        ASN          0.3558         0.61812               0               0          1.5189               0               
         H        538        ARG         0.44711         0.76575               0               0          2.2645               0               
         H        539        TRP          0.2898         0.55635         0.13678         0.41035          1.4491               0               
         H        540        TYR          1.9431          1.4371          1.2964          1.2548          4.0299               0               
         H        541        GLN           2.997          1.4943          1.9491          1.2428          4.4153               0               
         H        542        MET          2.8751          1.4945          3.9433         0.62544          4.8206               0               
         H        543        GLY          2.9593         0.58338               0               0          3.8649          2.2513               
         H        544        ILE          3.9484         0.36525          3.7868         0.20891          4.4991          3.4134               
         H        545        VAL          2.3853          1.1894          1.3487          1.0344          3.8428               0               
         H        546        SER         0.66824         0.98343               0               0          2.4761               0               
         H        547        TRP          0.2963         0.56758         0.28121         0.56243          1.4062               0               
         H        548        GLY               0               0               0               0               0               0               
         H        549        GLU               0               0               0               0               0               0               
         H        550        GLY               0               0               0               0               0               0               
         H        551        CYS         0.42641         0.60388               0               0          1.3344               0               
         H        552        ASP         0.15641         0.41383         0.31283         0.54183          1.2513               0               
         H        553        ARG               0               0               0               0               0               0               
         H        554        ASP               0               0               0               0               0               0               
         H        555        GLY               0               0               0               0               0               0               
         H        556        LYS         0.31567         0.59224               0               0          1.5152               0               
         H        557        TYR         0.98999          1.0666           1.485         0.98561          2.7644               0               
         H        558        GLY         0.89311         0.95068               0               0           2.247               0               
         H        559        PHE         0.62055         0.68153         0.59245         0.68411           1.449               0               
         H        560        TYR          1.4864         0.98541          1.6045          1.0401          2.7889               0               
         H        561        THR         0.95559          0.8886         0.47597         0.67312          2.4037               0               
         H        562        HIS           1.809          1.3989         0.87926         0.97408          3.7265               0               
         H        563        VAL          2.7786         0.78238           3.519         0.22599          3.7622          1.3331               
         H        564        PHE         0.49688         0.65941         0.39614         0.62635          1.4662               0               
         H        565        ARG         0.38504         0.62958         0.39786          0.6301            1.46               0               
         H        566        LEU          1.3555         0.88069          1.3905         0.89604          2.5039               0               
         H        567        LYS         0.83772         0.98657               0               0          2.4317               0               
         H        568        LYS               0               0               0               0               0               0               
         H        569        TRP           1.107          1.0466          1.1571          1.0492          2.8271               0               
         H        570        ILE          3.8716         0.92898          4.6625         0.49214          5.2277          2.4303               
         H        571        GLN         0.44212         0.85611               0               0          2.4581               0               
         H        572        LYS          0.1375         0.38891               0               0          1.2375               0               
         H        573        VAL         0.59972         0.69737         0.50902         0.71986           1.527               0               
         H        574        ILE         0.66197         0.87789         0.38197         0.66159          2.2291               0               
         H        575        ASP         0.16637         0.44017               0               0          1.3309               0               
         H        576        GLN         0.14762         0.41752               0               0          1.3285               0               
         H        577        PHE               0               0               0               0               0               0               
         H        578        GLY               0               0               0               0               0               0               
         H        579        GLU               0               0               0               0               0               0               
