pdb_id: 
analysis type: unbound
radii_file: F:\psiafrombintisolah\PSAIA-1.0\amac_data\chothia.radii
ASA_zSice: 0.25
ASA_rSolvent: 1.4

  chain id|    res id|  res name|    average DPX|      s_avg DPX|   s-ch avg DPX| s-ch s_avg DPX|        max DPX|        min DPX|               
         B         11        GLU               0               0               0               0               0               0               
         B         12        LYS         0.16366         0.46291               0               0           1.473               0               
         B         13        ASN         0.15226         0.40284               0               0          1.2181               0               
         B         14        LEU         0.18156         0.48036               0               0          1.4525               0               
         B         15        ASP         0.16562         0.43819               0               0           1.325               0               
         B         16        GLY               0               0               0               0               0               0               
         B         17        ASP               0               0               0               0               0               0               
         B         18        THR         0.36184         0.57284               0               0          1.3203               0               
         B         19        LYS         0.74954          1.1079               0               0          2.7929               0               
         B         20        MET         0.87089           0.926         0.44591         0.77234           2.432               0               
         B         21        TYR          1.1974          1.1028         0.64642         0.88266          2.9633               0               
         B         22        THR         0.74531         0.92913               0               0          2.4702               0               
         B         23        ARG         0.37968         0.62339         0.21402         0.52425          1.4982               0               
         B         24        THR         0.20823         0.51005               0               0          1.4576               0               
         B         25        ALA         0.26652         0.53305               0               0          1.3326               0               
         B         26        THR         0.38218          0.6074               0               0          1.4527               0               
         B         27        THR          1.2781          0.8923          1.3027          0.9875          2.3899               0               
         B         28        SER         0.24119         0.53931               0               0          1.4471               0               
         B         29        ASP               0               0               0               0               0               0               
         B         30        SER               0               0               0               0               0               0               
         B         31        GLN               0               0               0               0               0               0               
         B         32        LYS         0.48529         0.68824          0.6076         0.74416          1.5212               0               
         B         33        ASN         0.31869         0.55245               0               0          1.3202               0               
         B         34        ILE          1.7532          1.5421          3.1445         0.70136          4.3084               0               
         B         35        THR          1.2047          1.1653               0               0          2.9964               0               
         B         36        GLN          4.3357         0.69318          4.7924         0.48769          5.5151          3.3538               
         B         37        SER         0.65506         0.96305               0               0           2.421               0               
         B         38        LEU          1.7081          1.4536          3.0544         0.45588          3.6295               0               
         B         39        GLN         0.90786          1.1006               0               0          2.8494               0               
         B         40        PHE          2.7042          1.3184          2.0911          1.2497            4.62               0               
         B         41        ASN         0.63316         0.86925               0               0          2.3531               0               
         B         42        PHE          1.1962          1.0116          1.4731          1.0514          2.7711               0               
         B         43        LEU         0.52604         0.68217         0.37547         0.65034          1.5019               0               
         B         44        THR         0.19145         0.46895               0               0          1.3401               0               
         B         45        GLU         0.16981          0.4803         0.30566         0.61132          1.5283               0               
         B         46        PRO         0.36456          0.5768               0               0           1.315               0               
         B         47        ASN         0.18321         0.48474               0               0          1.4657               0               
         B         48        TYR               0               0               0               0               0               0               
         B         49        ASP         0.15328         0.40555               0               0          1.2263               0               
         B         50        LYS         0.81479         0.96616         0.30175          0.6035          2.3688               0               
         B         51        GLU         0.59045          0.8689               0               0          2.3589               0               
         B         52        THR          1.0654           1.011         0.47302         0.66895          2.4102               0               
         B         53        VAL          3.3897         0.62746          3.8048          0.3329          4.1752          2.2349               
         B         54        PHE           2.499          1.2024          1.8245         0.90104          4.5837               0               
         B         55        ILE          1.9601          1.3677         0.75409         0.75409          3.7791               0               
         B         56        LYS          2.3178           1.557          1.1036         0.97033          4.4106               0               
         B         57        ALA           4.266         0.70428           5.171               0           5.171          3.4854               
         B         58        LYS          1.0054         0.95688          0.3059         0.61179          2.4378               0               
         B         59        GLY               0               0               0               0               0               0               
         B         60        THR         0.98165          1.1992               0               0          2.8824               0               
         B         61        ILE           3.894          0.9274           4.696         0.40052           5.325          2.4564               
         B         62        GLY          1.2628          0.8074               0               0          2.2432               0               
         B         63        SER          1.0697         0.81189         0.70519         0.70519          2.2254               0               
         B         64        GLY               0               0               0               0               0               0               
         B         65        LEU         0.37026         0.64152         0.37837         0.65536          1.5135               0               
         B         66        ARG         0.44704         0.76571               0               0          2.2649               0               
         B         67        ILE         0.52573         0.68307         0.38057         0.65917          1.5223               0               
         B         68        LEU         0.37053         0.64183         0.37475         0.64909           1.499               0               
         B         69        ASP         0.81364         0.87472         0.31301         0.54215          2.3952               0               
         B         70        PRO          0.3824          0.6076               0               0          1.4506               0               
         B         71        ASN               0               0               0               0               0               0               
         B         72        GLY         0.90522         0.96453               0               0          2.2814               0               
         B         73        TYR         0.33827         0.58787         0.17269         0.45691           1.454               0               
         B         74        TRP         0.30253         0.57979         0.27524         0.55051           1.483               0               
         B         75        ASN         0.81656          1.1028               0               0          2.6516               0               
         B         76        SER           1.553         0.80696          1.9673         0.44227           2.418               0               
         B         77        THR          1.3528          1.2411               0               0          3.0379               0               
         B         78        LEU          2.7046            1.35          1.6191          1.0148          4.5604               0               
         B         79        ARG          2.0871          1.6496         0.97068         0.90726          4.2988               0               
         B         80        TRP          5.0581         0.81101          4.8956          0.8696          6.2673          3.5994               
         B         81        PRO          5.1037          0.3581          5.1042         0.11901          5.7518          4.5867               
         B         82        GLY          3.9058         0.45888               0               0          4.6332          3.4657               
         B         83        SER          1.0935         0.85503         0.70807         0.70807          2.3976               0               
         B         84        TYR          1.9985          1.4629          2.6779          1.2726          3.8718               0               
         B         85        SER         0.20635         0.46142               0               0          1.2381               0               
         B         86        VAL           0.973          0.9095          1.3307          1.0195          2.4767               0               
         B         87        SER          1.1054          1.1753               0               0          2.7615               0               
         B         88        ILE           3.911         0.43409          4.2143         0.18922          4.4606          3.1773               
         B         89        GLN          1.0558           1.234               0               0          3.0396               0               
         B         90        ASN          2.4094          1.1317          3.2093         0.23367          3.4616               0               
         B         91        VAL         0.20836         0.51038               0               0          1.4585               0               
         B         92        ASP          0.1658         0.43867               0               0          1.3264               0               
         B         93        ASP               0               0               0               0               0               0               
         B         94        ASN         0.15415         0.40785         0.30831           0.534          1.2332               0               
         B         95        ASN               0               0               0               0               0               0               
         B         96        ASN         0.16614         0.43956               0               0          1.3291               0               
         B         97        THR          1.9803          1.0555          1.2911         0.99786          3.3412               0               
         B         98        ASN          1.3447          1.1749         0.30627         0.53048          3.1161               0               
         B         99        VAL          1.5048          1.0882          1.3221          1.0095          2.8999               0               
         B        100        THR         0.40687         0.64331          0.4746         0.67119          1.4243               0               
         B        101        ASP         0.65169         0.88664               0               0          2.3743               0               
         B        102        PHE          1.3226          1.1553          1.2136          1.2236            3.37               0               
         B        103        ALA          1.8483          1.0431               0               0          3.0276               0               
         B        104        PRO          0.9395         0.88319             1.3         0.99317          2.4105               0               
         B        105        LYS               0               0               0               0               0               0               
         B        106        ASN         0.16581          0.4387               0               0          1.3265               0               
         B        107        GLN         0.29604         0.55698               0               0          1.4573               0               
         B        108        ASP         0.62702         0.84778               0               0          2.2505               0               
         B        109        GLU         0.16194         0.45802               0               0          1.4574               0               
         B        110        SER         0.59472         0.88088               0               0          2.2377               0               
         B        111        ARG         0.46238         0.78282         0.21663         0.53063           2.244               0               
         B        112        GLU          0.2956         0.55598               0               0          1.4519               0               
         B        113        VAL          1.2959         0.90937          1.3333          1.0202          2.4772               0               
         B        114        LYS         0.16403         0.46395               0               0          1.4763               0               
         B        115        TYR          0.2328         0.52055         0.34919         0.60482          1.3971               0               
         B        116        THR         0.38289         0.60857               0               0          1.4562               0               
         B        117        TYR         0.84613         0.90087         0.64182         0.87573          2.3661               0               
         B        118        GLY               0               0               0               0               0               0               
         B        119        TYR         0.85247         0.90602         0.82987         0.87937          2.3629               0               
         B        120        LYS         0.29941         0.56322               0               0          1.4722               0               
         B        121        THR            0.41         0.64831         0.47323         0.66925          1.4503               0               
         B        122        GLY         0.30598         0.52997               0               0          1.2239               0               
         B        123        GLY         0.31158         0.53967               0               0          1.2463               0               
         B        124        ASP               0               0               0               0               0               0               
         B        125        PHE         0.13613         0.43047         0.21391         0.52398          1.4974               0               
         B        126        SER          0.8259         0.88309               0               0          2.2771               0               
         B        127        ILE         0.18394         0.48666               0               0          1.4715               0               
         B        128        ASN         0.16946         0.44834               0               0          1.3556               0               
         B        131        GLY         0.30841         0.53418               0               0          1.2336               0               
         B        132        LEU         0.53083         0.68948         0.38002         0.65822          1.5201               0               
         B        133        THR         0.21273         0.52109               0               0          1.4891               0               
         B        134        GLY               0               0               0               0               0               0               
         B        135        ASN         0.49663         0.88859               0               0          2.4323               0               
         B        136        ILE         0.52348         0.68053         0.37674         0.65254           1.507               0               
         B        137        THR         0.20999         0.51437               0               0          1.4699               0               
         B        138        LYS         0.54241         0.80497               0               0          2.2251               0               
         B        139        GLU               0               0               0               0               0               0               
         B        140        SER         0.24364          0.5448               0               0          1.4619               0               
         B        141        ASN         0.31785         0.55126         0.30365         0.52594          1.3282               0               
         B        142        TYR         0.64174         0.80664         0.64265         0.87798          2.3771               0               
         B        143        SER          0.2361         0.52794               0               0          1.4166               0               
         B        144        GLU         0.27889          0.5218           0.502         0.61489          1.2694               0               
         B        145        THR               0               0               0               0               0               0               
         B        146        ILE         0.52275         0.67884         0.38121         0.66027          1.5248               0               
         B        147        SER         0.62607          0.9107               0               0          2.2475               0               
         B        148        TYR          2.3831          1.4346          3.2539         0.77847          4.3541               0               
         B        149        GLN         0.30042         0.56418               0               0          1.4564               0               
         B        150        GLN          2.6457          1.2948          3.5737         0.57154          4.4068               0               
         B        151        PRO         0.72851         0.88475               0               0          2.2862               0               
         B        152        SER         0.43666         0.62025         0.70524         0.70524          1.4105               0               
         B        153        TYR          2.9807          1.3447           3.849         0.29289          4.3611               0               
         B        154        ARG          1.5984          1.6476         0.56887         0.93451          4.5453               0               
         B        155        THR          1.4791          1.0666          1.3028         0.98487          2.8641               0               
         B        156        LEU         0.81152         0.85476         0.37597         0.65119           2.247               0               
         B        157        LEU         0.18953         0.50144         0.37905         0.65654          1.5162               0               
         B        158        ASP         0.31749         0.55046               0               0          1.3187               0               
         B        159        GLN               0               0               0               0               0               0               
         B        160        SER               0               0               0               0               0               0               
         B        161        THR         0.20422         0.50024         0.47652          0.6739          1.4296               0               
         B        162        SER         0.22082         0.49377               0               0          1.3249               0               
         B        163        HIS         0.38434          0.7919               0               0          2.3473               0               
         B        164        LYS          1.2141          1.1719         0.29719         0.59437          3.0028               0               
         B        165        GLY          1.3044         0.88552               0               0          2.4828               0               
         B        166        VAL          1.2952         0.94864          2.1725         0.45801          2.5147               0               
         B        167        GLY         0.97329           1.022               0               0          2.3877               0               
         B        168        TRP          2.0916          1.4424          2.5389          1.3395          4.5294               0               
         B        169        LYS         0.93451          1.1441               0               0          3.0383               0               
         B        170        VAL           2.391          1.2188          1.3019         0.99648           3.806               0               
         B        171        GLU          2.0566          1.6551           0.804          1.0341          4.5495               0               
         B        172        ALA         0.78385          1.0016               0               0          2.4112               0               
         B        173        HIS         0.41962         0.64301          0.4804         0.68127          1.5287               0               
         B        174        LEU         0.37434         0.64854         0.38158         0.66091          1.5263               0               
         B        175        ILE         0.98734          0.8073         0.76174         0.76175          2.2082               0               
         B        176        ASN         0.33514         0.58281               0               0          1.4446               0               
         B        177        ASN          1.0643         0.89921         0.87079         0.94325          2.2543               0               
         B        178        MET               0               0               0               0               0               0               
         B        179        GLY               0               0               0               0               0               0               
         B        180        HIS         0.48923         0.78362               0               0          2.2394               0               
         B        181        ASP         0.17916         0.47401               0               0          1.4333               0               
         B        182        HIS         0.98931         0.86298          1.4288         0.73515          2.1963               0               
         B        183        THR         0.36489         0.57738               0               0          1.3194               0               
         B        184        ARG         0.71088         0.81141         0.40048          0.6341          2.2294               0               
         B        185        GLN         0.40606         0.79388               0               0          2.3163               0               
         B        186        LEU          1.0937          1.2183         0.38069         0.65937          3.3087               0               
         B        187        THR          1.7746          1.2133         0.48017         0.67907          2.9439               0               
         B        188        ASN         0.49662         0.89101               0               0          2.4512               0               
         B        189        ASP         0.16615         0.43959               0               0          1.3292               0               
         B        190        SER          0.2228         0.49819               0               0          1.3368               0               
         B        191        ASP               0               0               0               0               0               0               
         B        192        ASN         0.16643         0.44032               0               0          1.3314               0               
         B        193        ARG         0.11212         0.35455               0               0          1.2333               0               
         B        194        THR           1.382         0.95568         0.47837         0.67652          2.4054               0               
         B        195        LYS         0.46939         0.66783         0.30464         0.60928          1.5232               0               
         B        196        SER          2.1644          1.2882          3.5662         0.46337          4.0296               0               
         B        197        GLU          1.1558          1.1269         0.24918         0.49837          2.8403               0               
         B        198        ILE          1.7796          1.2386          1.7527          1.1453          3.5565               0               
         B        199        PHE          1.9854          1.1173          1.4369          1.0078          3.4317               0               
         B        200        SER          1.5261          1.1394               0               0          2.7371               0               
         B        201        LEU         0.52351         0.68071         0.38199         0.66163           1.528               0               
         B        202        THR         0.92432         0.84823         0.47709         0.67471          2.2548               0               
         B        203        ARG         0.75749          1.0948         0.18885         0.46257          3.0974               0               
         B        204        ASN         0.64813         0.89509               0               0          2.4381               0               
         B        205        GLY         0.67221         0.67634               0               0            1.45               0               
         B        206        ASN               0               0               0               0               0               0               
         B        207        LEU         0.18956         0.50152         0.37911         0.65664          1.5164               0               
         B        208        TRP         0.92448         0.99626         0.65843         0.85568          2.5922               0               
         B        209        ALA          3.4084         0.34324           3.447               0          3.7149          2.7481               
         B        210        LYS         0.57692         0.87019               0               0          2.4493               0               
         B        211        ASP         0.18119         0.47937               0               0          1.4495               0               
         B        212        ASN          2.8691          1.1193          3.8972         0.36449          4.3836          1.3283               
         B        213        PHE          1.9175          1.5129          2.6269          1.3957           4.287               0               
         B        214        THR           1.049         0.98621         0.47797         0.67595          2.4115               0               
         B        215        PRO         0.71951         0.87259               0               0          2.2501               0               
         B        216        LYS               0               0               0               0               0               0               
         B        217        ASP               0               0               0               0               0               0               
         B        218        LYS         0.14686         0.41539               0               0          1.3217               0               
         B        219        MET         0.57811         0.75551         0.82531         0.83118          1.7901               0               
         B        220        PRO         0.51486         0.85254               0               0          2.2758               0               
         B        221        VAL         0.98868          1.2123               0               0          2.9543               0               
         B        222        THR           2.411          1.2546          1.3019         0.98826          3.9957               0               
         B        223        VAL          4.0914         0.49856          4.1807         0.22182           4.846          3.1963               
         B        224        SER         0.87667         0.95645               0               0           2.495               0               
         B        225        GLU         0.16206         0.45838               0               0          1.4586               0               
         B        226        GLY               0               0               0               0               0               0               
         B        227        PHE         0.96326          0.7703         0.80948         0.70254          2.2713               0               
         B        228        ASN         0.33772         0.58766               0               0          1.4635               0               
         B        229        PRO          2.3052          1.2114           3.424         0.13067           3.584               0               
         B        230        GLU          1.1808          1.1287          0.2995           0.599          2.8066               0               
         B        231        PHE          2.8132          1.4129          2.0022          1.1167          4.7774               0               
         B        232        LEU          2.9004          1.4753          1.6374          1.0272          4.6228               0               
         B        233        ALA          5.0508         0.37446          5.0799               0           5.761          4.7182               
         B        234        VAL          2.4081          1.2064          1.3314          1.0211          3.7823               0               
         B        235        MET          4.4291         0.64035          4.9038         0.38474          5.2911           3.636               
         B        236        SER          1.5036          1.1219               0               0          2.6654               0               
         B        237        HIS          3.5235         0.42173          3.5872         0.51915          4.2128          2.8238               
         B        238        ASP          1.2043          1.2632               0               0           3.035               0               
         B        239        LYS         0.43801         0.84901               0               0          2.4423               0               
         B        240        LYS               0               0               0               0               0               0               
         B        241        ASP         0.15359         0.40636               0               0          1.2287               0               
         B        242        LYS               0               0               0               0               0               0               
         B        243        GLY         0.30765         0.53286               0               0          1.2306               0               
         B        244        LYS         0.29528           0.555               0               0          1.4421               0               
         B        245        SER          1.1375           0.873         0.70584         0.70584          2.4218               0               
         B        246        GLN          1.4666          1.4122         0.30058         0.60115          3.4096               0               
         B        247        PHE          1.6872         0.95397          1.3021         0.92619          3.0171               0               
         B        248        VAL          1.3752          1.2649               0               0          3.1124               0               
         B        249        VAL          2.4296          1.2435          1.3256          1.0167          4.0067               0               
         B        250        HIS         0.51535         0.83566               0               0           2.423               0               
         B        251        TYR          3.8174          0.7302          4.2552         0.33288          4.6208          2.2445               
         B        252        LYS         0.56983         0.85506               0               0          2.3902               0               
         B        253        ARG          1.9112          1.1974          1.9559           1.449          3.9258               0               
         B        254        SER           1.136          1.2155               0               0          2.9313               0               
         B        255        MET          3.8183         0.47044          3.6692         0.26441          4.5535          3.2288               
         B        256        ASP          4.1462         0.63954          3.9109          0.5267          5.1895          3.5294               
         B        257        GLU          1.2364          1.1915         0.30364         0.60729          3.0215               0               
         B        258        PHE          4.3797         0.80055          4.6131         0.85615          5.8782           3.511               
         B        259        LYS         0.74662         0.88791          0.3039          0.6078          2.4414               0               
         B        260        ILE          3.5119         0.74203          4.0948         0.44668          4.6543          2.2532               
         B        261        ASP          0.9379         0.99408               0               0          2.4495               0               
         B        262        TRP         0.48943         0.65836         0.41554          0.6349           1.467               0               
         B        263        ASN          1.0631         0.89685         0.85924         0.92977          2.2645               0               
         B        264        ARG         0.24507         0.52266               0               0          1.4743               0               
         B        265        HIS         0.14495         0.43484               0               0          1.4495               0               
         B        266        GLY         0.32997         0.57152               0               0          1.3199               0               
         B        267        PHE               0               0               0               0               0               0               
         B        268        TRP        0.095108         0.34292               0               0          1.3315               0               
         B        269        GLY               0               0               0               0               0               0               
         B        270        TYR          1.3609          1.1209         0.93992          1.0006          3.4128               0               
         B        271        TRP          1.2963          1.0494          1.4215          1.0296          2.5393               0               
         B        272        SER          0.2209         0.49394               0               0          1.3254               0               
         B        273        GLY         0.30724         0.53216               0               0           1.229               0               
         B        274        GLU         0.73769           1.096               0               0          2.8163               0               
         B        275        ASN          2.6776          1.3515          3.6498         0.56825          4.4684               0               
         B        276        HIS         0.49784         0.79141               0               0          2.2194               0               
         B        277        VAL         0.37874         0.60108               0               0          1.4227               0               
         B        278        ASP         0.47025         0.83497               0               0          2.2485               0               
         B        279        LYS         0.31462         0.59063         0.30388         0.60776          1.5194               0               
         B        280        LYS         0.28461         0.53296               0               0          1.3303               0               
         B        281        GLU         0.29759         0.55983               0               0          1.4636               0               
         B        282        GLU         0.73539         0.85564         0.31153         0.62306          2.2542               0               
         B        283        LYS         0.29914         0.56307               0               0          1.4777               0               
         B        284        LEU          1.3243         0.85315          1.3852         0.89291          2.4954               0               
         B        285        SER          1.1248          1.1961               0               0          2.8367               0               
         B        286        ALA          4.1413         0.55975          4.7202               0          4.7202          3.3599               
         B        287        LEU          2.3026          1.5438         0.99442          1.0502          4.3908               0               
         B        288        TYR          4.0802         0.45078          4.2871         0.35807          4.6136          3.3678               
         B        289        GLU         0.60163         0.88377         0.30304         0.60608          2.3903               0               
         B        290        VAL           2.506         0.88386          3.4046         0.26263          3.7601          1.3231               
         B        291        ASP          0.8557          1.1655               0               0          2.9397               0               
         B        292        TRP          2.3051           1.451           2.832          1.2423          4.7095               0               
         B        293        LYS               0               0               0               0               0               0               
         B        294        THR         0.18996         0.46531               0               0          1.3297               0               
         B        295        HIS          1.4896          1.1316         0.87761         0.95713          2.9534               0               
         B        296        ASN         0.95101          1.0078               0               0          2.4664               0               
         B        297        VAL         0.81075           0.708          1.0048         0.71048          1.5078               0               
         B        298        LYS         0.55308         0.81607               0               0           2.226               0               
         B        299        PHE         0.71196         0.82931         0.73733         0.90562          2.3872               0               
         B        300        VAL         0.59843         0.69601          0.5056         0.71503          1.5168               0               
         B        301        LYS         0.55507         0.81797               0               0          2.2226               0               
         B        302        VAL         0.38123         0.60564               0               0          1.4443               0               
         B        303        LEU         0.37133         0.64334         0.37875         0.65601           1.515               0               
         B        304        ASN               0               0               0               0               0               0               
         B        305        ASP               0               0               0               0               0               0               
