pdb_id: 
analysis type: unbound
radii_file: F:\psiafrombintisolah\PSAIA-1.0\amac_data\chothia.radii
ASA_zSice: 0.25
ASA_rSolvent: 1.4

  chain id|    res id|  res name|    average DPX|      s_avg DPX|   s-ch avg DPX| s-ch s_avg DPX|        max DPX|        min DPX|               
         A         40        THR         0.17519         0.42913               0               0          1.2263               0               
         A         41        ASP         0.62752         0.84701               0               0          2.2395               0               
         A         42        ARG         0.32511         0.71652               0               0          2.2439               0               
         A         43        GLN               0               0               0               0               0               0               
         A         44        LEU         0.67805         0.91157         0.37726         0.65344          2.3955               0               
         A         45        ALA          3.0064         0.62368          3.7379               0          3.7825          2.3923               
         A         46        GLU         0.16138         0.45645               0               0          1.4524               0               
         A         47        GLU         0.39692         0.77313               0               0          2.2427               0               
         A         48        TYR          1.1413          1.0298          1.2221          1.0212          2.3997               0               
         A         49        LEU          2.4173          1.1544          1.5728         0.98666          3.7707               0               
         A         50        TYR         0.43398         0.79566               0               0          2.4547               0               
         A         51        ARG          0.2445         0.52079               0               0          1.4548               0               
         A         52        TYR          2.0097          1.0834          1.7423          1.2335          3.7663               0               
         A         53        GLY          1.3299         0.84857               0               0          2.3621               0               
         A         54        TYR          3.3845          1.0739          4.0181          0.6467          5.1124          1.3294               
         A         55        THR          0.1765         0.43234               0               0          1.2355               0               
         A         56        ARG         0.11242         0.35552               0               0          1.2367               0               
         A         57        VAL         0.59953         0.69644         0.49969         0.70667          1.4991               0               
         A         58        ALA         0.29194         0.58388               0               0          1.4597               0               
         A         66        SER               0               0               0               0               0               0               
         A         67        LEU         0.15377         0.40683               0               0          1.2301               0               
         A         68        GLY         0.30739         0.53241               0               0          1.2296               0               
         A         69        PRO         0.17607         0.43129               0               0          1.2325               0               
         A         70        ALA          1.9112          1.1091               0               0          3.2803               0               
         A         71        LEU          2.4644          1.1388          1.5959               1          3.8349               0               
         A         72        LEU         0.49205         0.88182               0               0           2.421               0               
         A         73        LEU         0.32084          0.5563               0               0          1.3344               0               
         A         74        LEU          3.9626          1.1816          5.0536         0.47349          5.3804          2.2482               
         A         75        GLN          3.2906         0.46871          3.4212         0.30203          3.8249          2.4118               
         A         76        LYS         0.29897          0.5618               0               0          1.4573               0               
         A         77        GLN         0.29875         0.56137               0               0          1.4556               0               
         A         78        LEU          1.5312         0.98158          1.6018          1.0052          2.4671               0               
         A         79        SER         0.24372         0.54497               0               0          1.4623               0               
         A         80        LEU         0.84795         0.90506         0.98872          1.0457           2.459               0               
         A         81        PRO         0.17542          0.4297               0               0           1.228               0               
         A         82        GLU         0.16193         0.45801               0               0          1.4574               0               
         A         83        THR          0.3934         0.62251          0.4744          0.6709          1.4232               0               
         A         84        GLY         0.33044         0.57234               0               0          1.3218               0               
         A         85        GLU          0.5441         0.80911               0               0          2.2451               0               
         A         86        LEU         0.36864         0.63856         0.37302         0.64609          1.4921               0               
         A         87        ASP         0.31959         0.55409               0               0          1.3277               0               
         A         88        SER               0               0               0               0               0               0               
         A         89        ALA         0.24651         0.49302               0               0          1.2325               0               
         A         90        THR          2.0769         0.99809          1.2511         0.96076          3.2058               0               
         A         91        LEU          1.4357         0.92466         0.98863          1.0447          2.4547               0               
         A         92        LYS         0.13693          0.3873               0               0          1.2324               0               
         A         93        ALA         0.78018         0.99502               0               0          2.3893               0               
         A         94        MET          2.7429          1.4669           3.977         0.51939          4.3874               0               
         A         95        ARG         0.13182         0.41685               0               0            1.45               0               
         A         96        THR         0.39051         0.61831         0.47597         0.67312          1.4279               0               
         A         97        PRO          0.7651         0.92658         0.48463         0.68537          2.3877               0               
         A         98        ARG          1.2976          1.1615          1.6558          1.2273          3.3972               0               
         A         99        CYS         0.94575         0.98112         0.88297         0.88297          2.3932               0               
         A        100        GLY         0.66658         0.67046               0               0          1.4349               0               
         A        101        VAL          1.6529          1.1226         0.48783         0.68989          2.9466               0               
         A        102        PRO          0.6022         0.70056               0               0          1.5262               0               
         A        103        ASP         0.67631         0.68173         0.98735         0.57943           1.486               0               
         A        104        LEU         0.79252         0.83556         0.37342         0.64678          2.2205               0               
         A        105        GLY               0               0               0               0               0               0               
         A        106        ARG               0               0               0               0               0               0               
         A        107        PHE         0.50972         0.67581         0.80098         0.69599          1.5317               0               
         A        108        GLN         0.16534         0.46765         0.29761         0.59522           1.488               0               
         A        109        THR         0.17506         0.42882               0               0          1.2254               0               
         A        110        PHE          0.3702         0.60456         0.58175         0.67177          1.3695               0               
         A        111        GLU         0.13666         0.38653               0               0          1.2299               0               
         A        112        GLY               0               0               0               0               0               0               
         A        113        ASP               0               0               0               0               0               0               
         A        114        LEU         0.18127         0.47961               0               0          1.4502               0               
         A        115        LYS         0.29777         0.55963               0               0           1.453               0               
         A        116        TRP          1.3508           1.231          1.6227          1.2962          3.5815               0               
         A        117        HIS               0               0               0               0               0               0               
         A        118        HIS         0.12216         0.36649               0               0          1.2216               0               
         A        119        HIS         0.40116         0.61473         0.22009         0.49213          1.4539               0               
         A        120        ASN         0.15405         0.40758               0               0          1.2324               0               
         A        121        ILE          3.4431         0.61261           3.912         0.22441          4.1936           2.241               
         A        122        THR          1.3454          1.2292               0               0          2.9523               0               
         A        123        TYR          2.4359          1.4365          1.7444          1.2353          4.5739               0               
         A        124        TRP          1.3069          1.1234         0.88435         0.95579           3.454               0               
         A        125        ILE          1.1885          1.0551           1.707          1.1103          2.8814               0               
         A        126        GLN         0.58335         0.84812         0.30063         0.60126           2.232               0               
         A        127        ASN          1.0528         0.88857         0.87855         0.93428           2.255               0               
         A        128        TYR         0.73542         0.91973         0.92236         0.98384          2.3416               0               
         A        129        SER         0.21887         0.48942               0               0          1.3132               0               
         A        130        GLU               0               0               0               0               0               0               
         A        131        ASP         0.16543         0.43769               0               0          1.3234               0               
         A        132        LEU         0.18417         0.48726         0.36833         0.63797          1.4733               0               
         A        133        PRO         0.50996         0.84272               0               0          2.2432               0               
         A        134        ARG         0.45631         0.77415               0               0          2.2371               0               
         A        135        ALA               0               0               0               0               0               0               
         A        136        VAL         0.95879         0.88942          0.4882         0.69042          2.3987               0               
         A        137        ILE          2.3757          1.0839          1.7468           1.145          3.7999               0               
         A        138        ASP         0.92431         0.98678         0.85628         0.91845          2.4535               0               
         A        139        ASP         0.49037         0.87718               0               0          2.3999               0               
         A        140        ALA          3.7345          0.6698          4.1377               0          4.3402          2.4439               
         A        141        PHE          3.8034         0.70866          4.1909         0.40739          4.9332          2.3889               
         A        142        ALA         0.29091         0.58183               0               0          1.4546               0               
         A        143        ARG         0.23287         0.49446               0               0          1.3317               0               
         A        144        ALA          3.0279         0.62762          4.1423               0          4.1423          2.2396               
         A        145        PHE          2.0999          1.3452          2.5584          1.3519          4.2047               0               
         A        146        ALA               0               0               0               0               0               0               
         A        147        LEU         0.52786         0.68594          0.7489         0.74893          1.5077               0               
         A        148        TRP          2.6884          1.1892            2.68           1.395          4.5376               0               
         A        149        SER         0.65877         0.96828               0               0          2.4333               0               
         A        150        ALA               0               0               0               0               0               0               
         A        151        VAL         0.40724         0.64554         0.50379         0.71247          1.5114               0               
         A        152        THR         0.54777         0.90428          1.2781         0.98719          2.4036               0               
         A        153        PRO               0               0               0               0               0               0               
         A        154        LEU         0.98042          1.0386          1.5966         0.99999          2.4528               0               
         A        155        THR         0.69966         0.85635               0               0           2.246               0               
         A        156        PHE            1.06           1.052          1.4577          1.0378          2.7325               0               
         A        157        THR         0.69727         0.85351               0               0          2.2388               0               
         A        158        ARG         0.36411         0.59645          0.1883         0.46124          1.4529               0               
         A        159        VAL         0.71713         0.86925               0               0           2.239               0               
         A        160        TYR         0.12147         0.40286               0               0          1.4576               0               
         A        161        SER         0.81206          0.8675               0               0          2.2344               0               
         A        162        ARG         0.24159         0.51556               0               0          1.4603               0               
         A        163        ASP         0.18145         0.48007               0               0          1.4516               0               
         A        164        ALA         0.54982         0.67983          1.5222               0          1.5222               0               
         A        165        ASP         0.52549         0.68237         0.37766         0.65413          1.5107               0               
         A        166        ILE          3.9587          1.0545          4.7905          0.6583          5.7043          2.2441               
         A        167        VAL          1.3773           1.266               0               0          3.1022               0               
         A        168        ILE          4.2991         0.84155          5.0443         0.17591          5.3104          3.1693               
         A        169        GLN         0.58031         0.87472               0               0          2.4608               0               
         A        170        PHE          1.9734          1.4564          2.5627           1.354          4.1305               0               
         A        171        GLY         0.89264         0.95025               0               0          2.2461               0               
         A        172        VAL          0.3836         0.60954               0               0          1.4559               0               
         A        173        ALA         0.99969         0.87223               0               0          2.2218               0               
         A        174        GLU         0.43457         0.61762         0.24612         0.49224          1.4537               0               
         A        175        HIS         0.85325         0.89595          1.1794         0.89827           2.183               0               
         A        176        GLY               0               0               0               0               0               0               
         A        177        ASP         0.93659         0.99582          1.5466         0.95873          2.3685               0               
         A        178        GLY         0.30851         0.53436               0               0           1.234               0               
         A        179        TYR         0.44934          0.6371         0.33918         0.58749          1.4501               0               
         A        180        PRO         0.58215         0.67702               0               0          1.5229               0               
         A        181        PHE          1.4851           1.008          1.7954         0.88679          2.7069               0               
         A        182        ASP         0.32178         0.55761         0.31327          0.5426          1.3212               0               
         A        183        GLY         0.89229         0.94979               0               0          2.2449               0               
         A        184        LYS         0.29835         0.56055               0               0          1.4521               0               
         A        185        ASP         0.91949         0.96699               0               0          2.2659               0               
         A        186        GLY         0.30566         0.52941               0               0          1.2226               0               
         A        187        LEU          1.0133          1.0945          0.3661          0.6341          2.7762               0               
         A        188        LEU          1.4283         0.91895         0.97861          1.0327          2.4366               0               
         A        189        ALA          1.2965          1.1291               0               0          2.6213               0               
         A        190        HIS          2.1944          1.4172          1.2301         0.96549          3.9045               0               
         A        191        ALA          1.9488          1.2064          3.4475               0          3.4475               0               
         A        192        PHE          2.2738          1.4393          3.1896         0.82934          4.1815               0               
         A        193        PRO         0.55589         0.90865               0               0          2.3768               0               
         A        194        PRO          1.0855         0.99412          1.2554         0.96098          2.3339               0               
         A        195        GLY               0               0               0               0               0               0               
         A        196        PRO               0               0               0               0               0               0               
         A        197        GLY               0               0               0               0               0               0               
         A        198        ILE         0.48663         0.87022               0               0          2.3795               0               
         A        199        GLN          1.2416         0.97095          1.0198           0.884          2.4373               0               
         A        200        GLY          3.1202         0.71535               0               0          4.1673          2.2418               
         A        201        ASP          2.2039          1.5661          0.9005          0.9849          4.2635               0               
         A        202        ALA          4.4422         0.82293          5.7955               0          5.7955          3.4488               
         A        203        HIS          1.3803          1.0606         0.69748         0.69946          3.1399               0               
         A        204        PHE          4.1197         0.62993          4.4037         0.47347          5.2484          3.0207               
         A        205        ASP          4.0519         0.40374          3.8768         0.31283          4.6632          3.3758               
         A        206        ASP         0.64983          0.8977               0               0            2.45               0               
         A        207        ASP         0.18181         0.48103               0               0          1.4545               0               
         A        208        GLU         0.95462         0.91721          1.4528         0.83157          2.3407               0               
         A        209        LEU         0.48827         0.87311               0               0          2.3871               0               
         A        210        TRP          2.5234          1.4477          3.0144          1.3374          4.8287               0               
         A        211        SER           1.069         0.81274         0.70168         0.70168          2.2321               0               
         A        212        LEU         0.36903         0.63925         0.37413         0.64801          1.4965               0               
         A        213        GLY               0               0               0               0               0               0               
         A        214        LYS               0               0               0               0               0               0               
         A        215        GLY               0               0               0               0               0               0               
         A        391        GLN          0.1365         0.38608               0               0          1.2285               0               
         A        392        GLY               0               0               0               0               0               0               
         A        393        TYR          1.0468         0.97014         0.65687         0.90914          2.5085               0               
         A        394        SER          1.3755          1.1103         0.70468         0.70468          2.9511               0               
         A        395        LEU          2.6899          1.3192          1.5976          1.0015          4.2124               0               
         A        396        PHE          1.3306          1.1245         0.72276          0.8878          3.1056               0               
         A        397        LEU         0.49488         0.88751               0               0          2.4398               0               
         A        398        VAL         0.96144         0.89034         0.49537         0.70056          2.3942               0               
         A        399        ALA          4.0174         0.90835          4.8682               0          4.9462            2.44               
         A        400        ALA          3.6968         0.31968          3.6177               0          4.2288          3.2262               
         A        401        HIS          1.0968          1.2002         0.21949          0.4908          3.1972               0               
         A        402        GLU           2.651          1.2906          1.8638          1.1917          4.2548               0               
         A        403        PHE          5.4604          0.7834          5.8231         0.70345          6.7208          4.3816               
         A        404        GLY          3.2957         0.73591               0               0          4.2209          2.4272               
         A        405        HIS         0.75569          0.7933         0.81131         0.85756          2.1774               0               
         A        406        ALA          3.2995         0.76044          4.1991               0          4.1991          2.2377               
         A        407        LEU          4.2853          1.3255          5.4942         0.56273          6.1598          2.4356               
         A        408        GLY         0.36225         0.62744               0               0           1.449               0               
         A        409        LEU         0.50265         0.65154         0.36578         0.63355          1.4631               0               
         A        410        ASP               0               0               0               0               0               0               
         A        411        HIS         0.85557         0.89966           1.184         0.90324          2.1919               0               
         A        412        SER         0.66085         0.66295         0.70611         0.70611          1.4122               0               
         A        413        SER         0.24094         0.53875               0               0          1.4456               0               
         A        414        VAL         0.96125         0.88879         0.49593         0.70135          2.3835               0               
         A        415        PRO         0.60405         0.70247               0               0          1.5287               0               
         A        416        GLU         0.55677           0.825               0               0          2.2475               0               
         A        417        ALA           1.839          1.1346          3.3236               0          3.3236               0               
         A        418        LEU          1.0203         0.85766          1.3684         0.87786          2.4493               0               
         A        419        MET          1.3564          1.1161         0.44082         0.76353          2.8373               0               
         A        420        TYR          1.0522         0.96967         0.92993         0.99328          2.4352               0               
         A        421        PRO         0.92809         0.86589         0.48444          0.6851          2.3443               0               
         A        422        MET          0.6566         0.87287         0.37438         0.64845          2.2316               0               
         A        423        TYR         0.45266         0.64023         0.51262         0.66179          1.3711               0               
         A        424        ARG         0.23233         0.49323         0.18916         0.46335          1.3241               0               
         A        425        PHE         0.24359         0.51882               0               0           1.449               0               
         A        426        THR         0.38241         0.60743               0               0          1.4472               0               
         A        427        GLU               0               0               0               0               0               0               
         A        428        GLY               0               0               0               0               0               0               
         A        429        PRO         0.17697         0.43347               0               0          1.2388               0               
         A        430        PRO         0.59733         0.69385         0.49592         0.70134          1.4878               0               
         A        431        LEU         0.36816         0.63771         0.37194         0.64421          1.4877               0               
         A        432        HIS         0.52227          0.6403         0.44537         0.62992           1.353               0               
         A        433        LYS         0.13702         0.38754               0               0          1.2331               0               
         A        434        ASP               0               0               0               0               0               0               
         A        435        ASP          1.2768         0.82836          1.2423         0.79697          2.3963               0               
         A        436        VAL         0.77019         0.93331               0               0          2.4075               0               
         A        437        ASN         0.33625         0.58509               0               0          1.4569               0               
         A        438        GLY         0.30807          0.5336               0               0          1.2323               0               
         A        439        ILE          1.6758          1.1705          1.8832          1.3175          3.5933               0               
         A        440        ARG         0.13171         0.41649               0               0          1.4488               0               
         A        441        HIS         0.13197         0.39592               0               0          1.3197               0               
         A        442        LEU         0.35689         0.62003         0.38095         0.65983          1.5238               0               
         A        443        TYR          1.2625          1.2279          1.7278          1.2028          3.5976               0               
