pdb_id: 
analysis type: unbound
radii_file: F:\psiafrombintisolah\PSAIA-1.0\amac_data\chothia.radii
ASA_zSice: 0.25
ASA_rSolvent: 1.4

  chain id|    res id|  res name|    average DPX|      s_avg DPX|   s-ch avg DPX| s-ch s_avg DPX|        max DPX|        min DPX|               
         A         24        PRO               0               0               0               0               0               0               
         A         25        LYS         0.39782          0.7753               0               0           2.251               0               
         A         26        ILE         0.33689         0.58614               0               0          1.4584               0               
         A         27        VAL           1.658         0.82113          2.1857         0.45786          2.5098               0               
         A         28        ASN          1.0358          1.1194         0.37864         0.65582          2.8462               0               
         A         29        ILE           2.357          1.2378          1.3867         0.89562          3.9775               0               
         A         30        GLY          2.4127         0.82532               0               0          3.6508          1.3327               
         A         31        ALA          1.0316         0.93998          2.4701               0          2.4701               0               
         A         32        VAL           2.141          1.0095          1.3412          1.0293          3.2564               0               
         A         33        LEU          4.1001          1.0754          5.0124         0.54294          5.7708          2.4361               
         A         34        SER         0.44898         0.63817               0               0          1.4577               0               
         A         35        THR         0.72115         0.87492               0               0          2.2585               0               
         A         36        LYS               0               0               0               0               0               0               
         A         37        LYS               0               0               0               0               0               0               
         A         38        HIS          1.5734          1.2597         0.87842         0.97351          3.6523               0               
         A         39        GLU          1.2172          1.1702          0.3025         0.60499          2.9602               0               
         A         40        GLN         0.44067         0.85249               0               0          2.4433               0               
         A         41        ILE         0.51147         0.66423          0.3802         0.65853          1.5208               0               
         A         42        PHE          3.8063         0.96056          4.4241         0.59419          5.2992          2.2507               
         A         43        ARG          0.4994         0.84704         0.21723         0.53211          2.4511               0               
         A         44        GLU          0.3986         0.77642               0               0          2.2523               0               
         A         45        ALA         0.24729         0.49458               0               0          1.2364               0               
         A         46        VAL          1.2707         0.86922         0.50618         0.71584          2.2526               0               
         A         47        ASN         0.15449         0.40873               0               0          1.2359               0               
         A         48        GLN         0.41937         0.80322               0               0          2.2522               0               
         A         49        ALA         0.24722         0.49444               0               0          1.2361               0               
         A         50        ASN         0.62573          0.8497         0.30745         0.53252           2.253               0               
         A         51        LYS               0               0               0               0               0               0               
         A         52        ARG         0.51382         0.63004               0               0          1.3328               0               
         A         53        HIS               0               0               0               0               0               0               
         A         54        PHE         0.53848         0.66318               0               0          1.4565               0               
         A         55        THR               0               0               0               0               0               0               
         A         56        ARG               0               0               0               0               0               0               
         A         57        LYS         0.51465         0.63112               0               0          1.3371               0               
         A         58        ILE          1.2393          1.0402          1.0077          1.0651          2.5031               0               
         A         59        GLN         0.59791         0.88121               0               0          2.4001               0               
         A         60        LEU          2.7213           1.457           3.927         0.58342          4.6525               0               
         A         61        GLN         0.56067         0.82781               0               0          2.2603               0               
         A         62        ALA         0.29232         0.58464               0               0          1.4616               0               
         A         63        THR         0.70263         0.86024               0               0          2.2572               0               
         A         64        SER         0.23653         0.52889         0.70958         0.70958          1.4192               0               
         A         65        VAL         0.91811         0.84542         0.50378         0.71245          2.2525               0               
         A         66        THR         0.95038           1.156               0               0          2.7569               0               
         A         67        HIS         0.65325         0.85674         0.22007          0.4921           2.452               0               
         A         68        ARG         0.98813          1.1549         0.21674         0.53089          3.0821               0               
         A         69        PRO         0.94171         0.85915               0               0          2.2533               0               
         A         70        ASN         0.44899         0.81123               0               0          2.2578               0               
         A         71        ALA         0.53925          0.6642               0               0          1.4596               0               
         A         72        ILE         0.15457         0.40896               0               0          1.2366               0               
         A         73        GLN         0.29937         0.56251               0               0          1.4584               0               
         A         74        MET          1.7537          1.1166         0.82789          0.8334          2.9846               0               
         A         75        ALA         0.79413          1.0156               0               0          2.4477               0               
         A         76        LEU         0.80674         0.84973               0               0          2.2528               0               
         A         77        SER         0.88782         0.93932         0.70914         0.70914          2.3862               0               
         A         78        VAL          3.4471         0.57618          3.9312         0.23328          4.1397          2.4512               
         A         79        CYS         0.66185         0.97328               0               0          2.4476               0               
         A         80        GLU         0.28542         0.53445               0               0          1.3329               0               
         A         81        ASP         0.18235         0.48247               0               0          1.4588               0               
         A         82        LEU          1.0512         0.93003               0               0          2.3964               0               
         A         83        ILE          1.5496          1.0741          2.4243         0.56144          3.1032               0               
         A         84        SER         0.24304         0.54345               0               0          1.4582               0               
         A         85        SER         0.22179         0.49593               0               0          1.3307               0               
         A         86        GLN          0.4551         0.64762               0               0          1.5315               0               
         A         87        VAL          1.5311           1.074          1.3395          1.0274           2.813               0               
         A         88        TYR          1.5667           1.047          1.1476          0.9761          3.1394               0               
         A         89        ALA          4.4552         0.59006          4.6654               0          5.0514          3.3206               
         A         90        ILE          4.4049         0.51633          4.1896         0.29695          5.5329          3.9104               
         A         91        LEU          4.5186          0.5043          4.7484         0.55022          5.3037          3.8345               
         A         92        VAL          1.5179          1.1028          1.3417          1.0302          2.9521               0               
         A         93        SER          2.5331         0.75466          3.4667         0.17669          3.6434          1.3318               
         A         94        HIS         0.60657         0.77864         0.80481         0.84911          2.1506               0               
         A         95        PRO         0.21084         0.51645               0               0          1.4759               0               
         A         96        PRO         0.19491         0.47742               0               0          1.3644               0               
         A         97        ALA               0               0               0               0               0               0               
         A         98        PRO               0               0               0               0               0               0               
         A         99        THR         0.26921         0.53843               0               0          1.3461               0               
         A        100        ASP         0.78363         0.83327          1.2578         0.80729          2.2313               0               
         A        101        HIS               0               0               0               0               0               0               
         A        102        LEU               0               0               0               0               0               0               
         A        103        THR          1.6114           0.966               0               0          2.7512               0               
         A        104        PRO         0.94024         0.87926          1.2914         0.98384          2.3856               0               
         A        105        THR          1.2753           1.152               0               0          2.7067               0               
         A        106        PRO         0.76674         0.92629               0               0          2.3768               0               
         A        107        ILE          2.1434         0.89994           1.748          1.1355          2.9603               0               
         A        108        SER         0.44909         0.63833               0               0          1.4582               0               
         A        109        TYR         0.12151         0.40302               0               0          1.4582               0               
         A        110        THR           0.572         0.66256         0.47735         0.67508          1.4321               0               
         A        111        ALA          2.7258         0.42641          3.4935               0          3.4935          2.2487               
         A        112        GLY         0.36332         0.62929               0               0          1.4533               0               
         A        113        PHE         0.11232         0.35518               0               0          1.2355               0               
         A        114        TYR           2.035          1.0972          1.7625          1.2471          3.7974               0               
         A        115        ARG         0.38292         0.62859         0.21639         0.53005          1.5147               0               
         A        116        ILE          2.3385          1.0491           1.757          1.1445          3.4062               0               
         A        117        PRO          3.9849         0.43127          4.1011         0.51388          4.7006          3.4456               
         A        118        VAL          1.9391           1.367         0.50249         0.71062          3.6679               0               
         A        119        ILE          1.9178          1.3073          0.7558         0.75583          3.4839               0               
         A        120        GLY          3.6712         0.10318               0               0          3.8323           3.547               
         A        121        LEU          3.5887         0.44063          3.8556          0.3652          4.2976           2.861               
         A        122        THR         0.56783         0.93192               0               0          2.4548               0               
         A        123        THR         0.90804         0.83947         0.47742         0.67517          2.2585               0               
         A        124        ARG          1.0754          1.0705          0.7258         0.88388           2.808               0               
         A        125        MET          1.1993          1.2642               0               0          3.1107               0               
         A        126        SER          0.8983         0.95617         0.70867         0.70867          2.4489               0               
         A        127        ILE         0.48971         0.87569               0               0          2.3942               0               
         A        128        TYR          1.8091         0.96571          1.9549         0.91359          2.9398               0               
         A        129        SER         0.62897         0.91406               0               0          2.2515               0               
         A        130        ASP         0.44892         0.81108               0               0          2.2572               0               
         A        131        LYS         0.32737          0.6125         0.29771         0.59543          1.4886               0               
         A        132        SER         0.20585          0.4603               0               0          1.2351               0               
         A        133        ILE         0.37215          0.6448         0.38058         0.65918          1.5223               0               
         A        134        HIS         0.91125         0.78747         0.69856         0.70052          2.2514               0               
         A        135        LEU         0.24722         0.49444               0               0          1.2361               0               
         A        136        SER         0.44909         0.63835               0               0          1.4585               0               
         A        137        PHE         0.87499         0.66458         0.78986         0.68404          1.5305               0               
         A        138        LEU          1.7599          1.3409          2.8479         0.87809          3.8745               0               
         A        139        ARG          1.3627         0.98166          0.9416         0.86444          3.0399               0               
         A        140        THR          1.4928          1.0783          1.3101         0.99526          2.8972               0               
         A        141        VAL          1.3405         0.93423          1.3346          1.0248          2.4912               0               
         A        142        PRO          1.4607          1.0978         0.49804         0.70433          3.2056               0               
         A        143        PRO          1.9468         0.96964          0.9983         0.70592          2.9935               0               
         A        144        TYR         0.67706         0.84563         0.51816         0.66896          2.4566               0               
         A        145        SER         0.42851         0.60668               0               0           1.335               0               
         A        146        HIS          1.1853          1.0763         0.44571          0.6304          2.8988               0               
         A        147        GLN           1.967         0.86917           1.788          1.0351          2.9455               0               
         A        148        ALA          1.9956          1.2064          2.4512               0          3.5989               0               
         A        149        LEU          2.1019           1.353          1.0045          1.0624          3.7035               0               
         A        150        VAL          4.3129         0.47151          4.4732         0.58745          5.2703          3.6638               
         A        151        TRP            2.54          1.6531          1.9142          1.5285          4.7178               0               
         A        152        PHE          1.6925          1.7056         0.55557         0.92809          4.5669               0               
         A        153        GLU         0.57935          0.8719               0               0          2.4487               0               
         A        154        MET          1.9597          1.1982           1.138          1.1868          3.0885               0               
         A        155        MET         0.72054         0.96043         0.44755         0.77518          2.4514               0               
         A        156        ARG         0.12143           0.384               0               0          1.3357               0               
         A        157        LEU         0.34223         0.59644         0.37531         0.65006          1.5013               0               
         A        158        PHE         0.50927         0.67397         0.59238         0.68402          1.4553               0               
         A        159        ASN         0.15395         0.40732               0               0          1.2316               0               
         A        160        TRP         0.66284         0.80789         0.65887         0.85455          2.4167               0               
         A        161        ASN         0.15453         0.40884               0               0          1.2362               0               
         A        162        HIS         0.12351         0.37054               0               0          1.2351               0               
         A        163        VAL          1.5927          1.1898          2.8206         0.23436          3.0095               0               
         A        164        ILE          2.1409          1.5095          1.0078          1.0653          4.5036               0               
         A        165        LEU           4.241         0.44054          4.2223         0.34546          4.9248          3.4846               
         A        166        ILE          2.4804          1.1413          1.7591          1.1473          3.8108               0               
         A        167        VAL          2.2033          1.0199          1.3374          1.0263          3.0813               0               
         A        168        SER          0.8722         0.94808               0               0           2.467               0               
         A        169        ASP         0.33671         0.58599               0               0          1.4609               0               
         A        170        ASP         0.33783         0.58758         0.31114         0.53891          1.4581               0               
         A        171        HIS               0               0               0               0               0               0               
         A        172        GLU         0.27606         0.51647         0.24974         0.49948          1.2487               0               
         A        173        GLY         0.89661          0.9533               0               0          2.2512               0               
         A        174        ARG               0               0               0               0               0               0               
         A        175        ALA         0.24736         0.49471               0               0          1.2368               0               
         A        176        ALA          1.8981          1.0897               0               0           3.203               0               
         A        177        GLN          1.1539          1.1152         0.30333         0.60665          2.8375               0               
         A        178        LYS         0.24736         0.49473               0               0          1.2368               0               
         A        179        LYS         0.60513         0.88841         0.30464         0.60928          2.3997               0               
         A        180        LEU          3.9102          1.1475          4.9644         0.30114           5.283          2.4274               
         A        181        GLU         0.16223         0.45885               0               0            1.46               0               
         A        182        THR         0.19075         0.46723               0               0          1.3352               0               
         A        183        LEU         0.70285          0.7083         0.76237         0.76237          1.5284               0               
         A        184        LEU         0.68411         0.93008          1.0039          1.0618          2.4968               0               
         A        185        GLU               0               0               0               0               0               0               
         A        186        GLY               0               0               0               0               0               0               
         A        211        LYS               0               0               0               0               0               0               
         A        212        ALA         0.24706         0.49411               0               0          1.2353               0               
         A        213        ASP         0.18959          0.5016         0.37918         0.65675          1.5167               0               
         A        214        LYS         0.71831          0.9273               0               0          2.2592               0               
         A        215        VAL         0.20855         0.51085               0               0          1.4599               0               
         A        216        LEU         0.61458         0.83718               0               0          2.2558               0               
         A        217        GLN         0.16147          0.4567               0               0          1.4532               0               
         A        218        PHE         0.36338         0.59452         0.39483         0.62428          1.3833               0               
         A        219        GLU         0.78357         0.99826               0               0          2.3935               0               
         A        220        PRO         0.42741         0.67592               0               0          1.5204               0               
         A        221        GLY               0               0               0               0               0               0               
         A        222        THR               0               0               0               0               0               0               
         A        223        LYS               0               0               0               0               0               0               
         A        224        ASN         0.24662         0.49323               0               0          1.2331               0               
         A        225        LEU         0.78475         0.99986               0               0          2.3977               0               
         A        226        THR         0.56752         0.93089               0               0          2.4497               0               
         A        227        ALA               0               0               0               0               0               0               
         A        228        LEU          0.7842         0.99937               0               0          2.3972               0               
         A        229        LEU          2.1528         0.90804          1.6406          1.0305          3.0359               0               
         A        230        LEU         0.29171         0.58342               0               0          1.4585               0               
         A        231        GLU         0.13739         0.38858               0               0          1.2365               0               
         A        232        ALA         0.75565         0.95379               0               0          2.2538               0               
         A        233        LYS         0.26765          0.5353               0               0          1.3383               0               
         A        234        GLU               0               0               0               0               0               0               
         A        235        LEU          0.2668         0.53361               0               0           1.334               0               
         A        236        GLU               0               0               0               0               0               0               
         A        237        ALA               0               0               0               0               0               0               
         A        238        ARG         0.35495          0.7748               0               0          2.3806               0               
         A        239        VAL          2.4183          1.2836          1.3405          1.0289          4.1215               0               
         A        240        ILE          2.2005          1.4853          1.0093           1.067          4.1697               0               
         A        241        ILE          4.8474         0.55427          4.5441         0.54405          5.6391          3.6706               
         A        242        LEU          4.3179         0.70325          4.4386         0.54302          5.3321          3.3156               
         A        243        SER         0.65628           0.963               0               0          2.4137               0               
         A        244        ALA          1.2903         0.72916           1.532               0          2.2555               0               
         A        245        SER         0.84057         0.88818               0               0          2.2509               0               
         A        246        GLU         0.56045         0.82633               0               0           2.249               0               
         A        247        ASP         0.18232         0.48238               0               0          1.4586               0               
         A        248        ASP         0.67795         0.91022         0.37895         0.65636          2.3851               0               
         A        249        ALA          3.4097         0.85768          4.8851               0          4.8851          2.4537               
         A        250        THR         0.56782         0.93167               0               0          2.4531               0               
         A        251        ALA         0.24708         0.49416               0               0          1.2354               0               
         A        252        VAL          1.9943         0.89015          1.3395          1.0278          2.7461               0               
         A        253        TYR          1.2833          1.2399          1.7422           1.214          3.6418               0               
         A        254        LYS         0.26734         0.53468               0               0          1.3367               0               
         A        255        SER         0.88906         0.94101         0.71062         0.71062          2.3921               0               
         A        256        ALA          1.8307          1.0026               0               0          2.7542               0               
         A        257        ALA          0.2915           0.583               0               0          1.4575               0               
         A        258        MET               0               0               0               0               0               0               
         A        259        LEU         0.16626         0.43989               0               0          1.3301               0               
         A        260        ASP         0.26725         0.53449               0               0          1.3362               0               
         A        261        MET          1.3338          0.8575         0.82754         0.83322          2.4484               0               
         A        262        THR         0.20437         0.50061         0.47687         0.67439          1.4306               0               
         A        263        GLY               0               0               0               0               0               0               
         A        264        ALA               0               0               0               0               0               0               
         A        265        GLY         0.30884         0.53493               0               0          1.2354               0               
         A        266        TYR          1.1921          1.1344          1.0518          1.1869          3.2362               0               
         A        267        VAL         0.93766           0.857           0.506         0.71559          2.2573               0               
         A        268        TRP          1.7629          1.1247          2.1988         0.96037          3.4236               0               
         A        269        LEU          1.3542          1.1441          0.3793         0.65697          3.0111               0               
         A        270        VAL          3.5957         0.71132          4.2241         0.31793            4.61          2.4381               
         A        271        GLY          1.2586         0.80837               0               0          2.2526               0               
         A        272        GLU         0.86776         0.82032         0.55351         0.68327          2.2492               0               
         A        273        ARG         0.47593         0.81362         0.18934          0.4638           2.387               0               
         A        274        GLU          1.8451          1.4222         0.81288          1.0469          3.5219               0               
         A        275        ILE          1.2058          1.0673         0.75896         0.75896          2.9746               0               
         A        276        SER         0.44863         0.63765               0               0          1.4562               0               
         A        277        GLY               0               0               0               0               0               0               
         A        278        SER         0.20603         0.46071               0               0          1.2362               0               
         A        279        ALA          3.0866         0.62192          4.0852               0          4.0852          2.2545               
         A        280        LEU         0.65094         0.89744               0               0          2.4434               0               
         A        281        ARG         0.24743         0.49486               0               0          1.2372               0               
         A        282        TYR         0.12135         0.40246               0               0          1.4562               0               
         A        283        ALA          1.0699         0.95847          2.4938               0          2.4938               0               
         A        284        PRO          1.1344         0.77332          1.0073         0.71233          2.2523               0               
         A        285        ASP         0.15442         0.40856               0               0          1.2354               0               
         A        286        GLY         0.67127         0.67553               0               0          1.4497               0               
         A        287        ILE          1.6198          1.0731          1.7642          1.1544          3.0359               0               
         A        288        ILE          1.1116         0.91613         0.37877         0.65605          2.2605               0               
         A        289        GLY          1.6511          1.0642               0               0          2.7118               0               
         A        290        LEU          4.1468         0.49657          4.4664         0.16369          4.7036          3.4231               
         A        291        GLN         0.58226         0.87808               0               0          2.4738               0               
         A        292        LEU         0.18216         0.48195               0               0          1.4573               0               
         A        293        ILE          0.5113         0.66395         0.37984         0.65791          1.5194               0               
         A        294        ASN         0.15408         0.40766               0               0          1.2327               0               
         A        295        GLY               0               0               0               0               0               0               
         A        296        LYS               0               0               0               0               0               0               
         A        297        ASN          0.4481         0.80938               0               0          2.2516               0               
         A        298        GLU          1.1115         0.85222         0.99147         0.86694          2.2519               0               
         A        299        SER         0.24351          0.5445               0               0           1.461               0               
         A        300        ALA         0.78438         0.99978               0               0          2.3988               0               
         A        301        HIS          2.4909          1.2986          1.7772          1.1069          4.3042               0               
         A        302        ILE          3.8065         0.59636          4.2793         0.37767          4.5926          2.9971               
         A        303        SER          0.6617         0.97295               0               0          2.4465               0               
         A        304        ASP          1.8439         0.85924          1.4558          0.9435           2.743               0               
         A        305        ALA          1.3816         0.77311          1.5282               0          2.3976               0               
         A        306        VAL          1.7843         0.84932          1.3403          1.0287          2.5005               0               
         A        307        ALA         0.24742         0.49483               0               0          1.2371               0               
         A        308        VAL         0.76966         0.93268               0               0           2.406               0               
         A        309        VAL          2.0998         0.95332          1.3385          1.0267          2.8923               0               
         A        310        ALA          1.0412         0.93974               0               0          2.4476               0               
         A        311        GLN         0.13744         0.38873               0               0          1.2369               0               
         A        312        ALA          3.1934         0.67864          4.1918               0          4.1918          2.2513               
         A        313        ILE           3.582         0.62366          4.0244         0.23251          4.3211          2.4229               
         A        314        HIS         0.40163         0.61555         0.22013         0.49223           1.459               0               
         A        315        GLU         0.30566         0.57567         0.30323         0.60646          1.5161               0               
         A        316        LEU          3.4147         0.88226          4.2711         0.20469           4.571          2.2533               
         A        317        PHE         0.60042         0.83438         0.73548         0.90366          2.3832               0               
         A        318        GLU         0.14791         0.41835               0               0          1.3312               0               
         A        319        MET         0.16639         0.44024               0               0          1.3311               0               
         A        320        GLU         0.24687         0.49373               0               0          1.2343               0               
         A        321        ASN               0               0               0               0               0               0               
         A        322        ILE         0.15458         0.40899               0               0          1.2367               0               
         A        323        THR         0.72102         0.87476               0               0          2.2577               0               
         A        324        ASP         0.33628         0.58501               0               0          1.4542               0               
         A        325        PRO          0.8201         0.71529         0.49535         0.70053          1.5379               0               
         A        326        PRO         0.38886         0.61869         0.49668         0.70241            1.49               0               
         A        327        ARG          0.2924         0.58479               0               0           1.462               0               
         A        328        GLY          1.2284         0.80277               0               0           2.252               0               
         A        329        CYS          0.2428         0.54291               0               0          1.4568               0               
         A        330        VAL               0               0               0               0               0               0               
         A        331        GLY               0               0               0               0               0               0               
         A        332        ASN         0.15445         0.40863               0               0          1.2356               0               
         A        333        THR         0.17647         0.43225               0               0          1.2353               0               
         A        334        ASN               0               0               0               0               0               0               
         A        335        ILE         0.37217         0.64481         0.38015         0.65844          1.5206               0               
         A        336        TRP          2.0791          1.3161           2.418          1.3281          4.3742               0               
         A        337        LYS               0               0               0               0               0               0               
         A        338        THR         0.95419          0.8855         0.47773         0.67561          2.3891               0               
         A        339        GLY          1.3015          0.8758               0               0          2.4516               0               
         A        340        PRO         0.19132         0.46864               0               0          1.3393               0               
         A        341        LEU         0.67985         0.91377         0.37853         0.65563          2.4001               0               
         A        342        PHE            4.28         0.84517          4.7714         0.52571          5.4544          2.4453               
         A        343        LYS          1.1871          1.1282         0.30457         0.60913           2.752               0               
         A        344        ARG         0.48959         0.83046               0               0          2.4023               0               
         A        345        VAL          1.3442         0.93741          1.3404          1.0285          2.4996               0               
         A        346        LEU          3.8441         0.85562          4.5857         0.35991          5.0015          2.4425               
         A        347        MET         0.68612         0.92574         0.37863          0.6558           2.451               0               
         A        348        SER               0               0               0               0               0               0               
         A        349        SER          0.4579         0.64809         0.70923         0.70923          1.4185               0               
         A        350        LYS         0.53853         0.66333               0               0          1.4579               0               
         A        351        TYR         0.55791         0.82632         0.34597         0.59924          2.4037               0               
         A        352        PRO         0.42714         0.67549               0               0          1.5191               0               
         A        353        ASP               0               0               0               0               0               0               
         A        354        GLY          0.6396         0.64055               0               0          1.3284               0               
         A        355        VAL               0               0               0               0               0               0               
         A        356        THR         0.61223         0.70867          0.9839         0.69662          1.5191               0               
         A        357        GLY         0.89683         0.95459               0               0          2.2561               0               
         A        358        ARG         0.75577          1.0657         0.21697         0.53146          2.8921               0               
         A        359        ILE          2.5978          1.2734          3.5315         0.40834          3.9603               0               
         A        360        GLU         0.81821         0.95592               0               0          2.2526               0               
         A        361        PHE          1.1545         0.96845          1.4302          1.0017          2.4596               0               
         A        362        ASN         0.47354         0.84064               0               0          2.2628               0               
         A        363        GLU               0               0               0               0               0               0               
         A        364        ASP         0.32128         0.55701               0               0           1.334               0               
         A        365        GLY          1.2505         0.81116               0               0          2.2498               0               
         A        366        ASP          1.9529          0.9648          1.4568         0.94441          3.0245               0               
         A        367        ARG          1.1976          1.0355         0.95611         0.90965          2.8403               0               
         A        368        LYS         0.56115         0.82838               0               0          2.2613               0               
         A        369        PHE         0.58005         0.81555         0.73521         0.90323          2.3817               0               
         A        370        ALA         0.24695         0.49391               0               0          1.2348               0               
         A        371        GLN         0.29897         0.56173               0               0          1.4557               0               
         A        372        TYR           2.188          1.2224          1.7641          1.2483          3.7998               0               
         A        373        SER          1.5906          1.2085               0               0          3.0318               0               
         A        374        ILE          1.9307          1.3184         0.75557         0.75559          3.4485               0               
         A        375        MET          2.0916          1.3105          1.1426           1.193          3.6622               0               
         A        376        ASN          1.8929          0.9038          2.4426            0.54          2.8564               0               
         A        377        LEU          1.2597           1.062          1.0035          1.0616           2.497               0               
         A        378        GLN         0.60469          0.6815         0.54915         0.67855           1.515               0               
         A        379        ASN               0               0               0               0               0               0               
         A        380        ARG         0.12129         0.38356               0               0          1.3342               0               
         A        381        LYS         0.98466         0.87232               0               0          2.2591               0               
         A        382        LEU         0.33668         0.58582               0               0          1.4586               0               
         A        383        VAL         0.93867         0.85795          0.5069         0.71686          2.2601               0               
         A        384        GLN         0.46765         0.66506         0.30295          0.6059          1.5147               0               
         A        385        VAL         0.93292         0.85688         0.50586          0.7154          2.2504               0               
         A        386        GLY          1.3408         0.86141               0               0          2.4037               0               
         A        387        ILE           1.573          1.2992         0.38233         0.66221          3.1877               0               
         A        388        PHE          2.2045          1.3222          1.6231          1.2694          3.8104               0               
         A        389        ASN         0.52786          0.6857         0.38176         0.66123           1.527               0               
         A        390        GLY         0.36243         0.62774               0               0          1.4497               0               
         A        391        SER         0.20607         0.46078               0               0          1.2364               0               
         A        392        TYR         0.41968         0.75494               0               0          2.2505               0               
         A        393        ILE          0.3709         0.64253         0.37701         0.65299           1.508               0               
         A        394        ILE         0.51092         0.66357          0.3803         0.65869          1.5212               0               
         A        395        GLN         0.29186         0.58373               0               0          1.4593               0               
         A        396        ASN         0.32025         0.55523         0.30809         0.53362          1.3297               0               
         A        397        ASP               0               0               0               0               0               0               
         A        398        ARG               0               0               0               0               0               0               
         A        399        LYS         0.24703         0.49407               0               0          1.2352               0               
         A        400        ILE          1.8826          1.1865          1.0099          1.0679          3.2567               0               
         A        401        ILE          1.6452          1.3597         0.38058         0.65918          3.2143               0               
         A        402        TRP         0.56933         0.80723         0.27629         0.55263          2.4476               0               
         A        403        PRO         0.42153         0.66651         0.49409         0.69875          1.4823               0               
         A        404        GLY               0               0               0               0               0               0               
         A        405        GLY               0               0               0               0               0               0               
         A        406        GLU               0               0               0               0               0               0               
         A        407        THR         0.29124         0.58247               0               0          1.4562               0               
         A        408        GLU               0               0               0               0               0               0               
         A        409        GLY               0               0               0               0               0               0               
         A        410        THR          0.3852         0.61194               0               0          1.4592               0               
         A        411        LEU               0               0               0               0               0               0               
         A        412        VAL               0               0               0               0               0               0               
