pdb_id: 
analysis type: unbound
radii_file: F:\psiafrombintisolah\PSAIA-1.0\amac_data\chothia.radii
CX_sRadius: 9
CX_vAtom: 20.1

  chain id|    res id|  res name|     average CX|       s_avg CX|    s-ch avg CX|  s-ch s_avg CX|         max CX|         min CX|               
         A          6        THR          3.5519         0.64336          3.1863         0.42923          4.8431          2.7054               
         A          7        ARG          3.0058          1.0556          3.6538         0.62935          4.6267          1.3373               
         A          8        VAL         0.67794         0.21697         0.46661        0.040784          1.0811         0.41983               
         A          9        PHE         0.70907         0.19831         0.82312          0.1472           1.053         0.36866               
         A         10        LYS          1.0066         0.51676          1.3098         0.51992          2.1004         0.53456               
         A         11        LYS         0.68472         0.25436         0.85384         0.20553          1.1397         0.28747               
         A         12        ALA         0.55423        0.078954         0.66947               0         0.66947         0.44687               
         A         13        SER         0.42522         0.16639         0.25091        0.025739         0.70699         0.22518               
         A         14        PRO         0.99354         0.34149         0.85147         0.22257          1.6193         0.55022               
         A         15        ASN         0.70473         0.20604         0.55861         0.18744         0.97301         0.41983               
         A         16        GLY         0.50264         0.12093               0               0         0.66947         0.38111               
         A         17        LYS         0.15483        0.066648         0.21537               0         0.23514        0.055012               
         A         18        LEU        0.053935        0.050113         0.01014        0.017563         0.12535               0               
         A         19        THR         0.24782         0.12975         0.38498        0.074474         0.48943         0.11707               
         A         20        VAL        0.057192        0.057973         0.01352         0.01912         0.16863               0               
         A         21        TYR         0.25311          0.1858         0.33184         0.17526         0.65132               0               
         A         22        LEU        0.096343         0.10293        0.013753        0.023821         0.29848               0               
         A         23        GLY          0.4564         0.15389               0               0         0.66947         0.24526               
         A         24        LYS         0.48302         0.14238         0.57693        0.083275         0.72638         0.20573               
         A         25        ARG         0.37511         0.16322         0.44918         0.14533         0.70699         0.13374               
         A         26        ASP         0.28001        0.052384         0.31214        0.057892         0.40668         0.23514               
         A         27        PHE         0.12055        0.063017         0.13154        0.066378         0.23514        0.033482               
         A         28        VAL         0.23027        0.052993         0.28772        0.017823         0.30967         0.16863               
         A         29        ASP         0.11012        0.095968        0.027608        0.029489         0.25555               0               
         A         30        HIS         0.65858         0.13282         0.68748        0.067651         0.89902         0.39378               
         A         31        ILE         0.63832         0.13741          0.7257         0.12353          0.8527         0.44687               
         A         32        ASP           1.637          0.5491          2.1004         0.38895          2.7054         0.92306               
         A         33        LEU         0.90163         0.37398           1.183         0.29275          1.6653         0.43322               
         A         34        VAL         0.16807         0.13496        0.020372        0.024621         0.34444               0               
         A         35        ASP         0.42424         0.18409         0.56137         0.15433         0.78732         0.16863               
         A         36        PRO         0.46203         0.13548         0.59374        0.015872         0.61619         0.23514               
         A         37        VAL          0.1015        0.089821        0.011161        0.015783         0.22518               0               
         A         38        ASP         0.18855        0.079222         0.25304        0.057769         0.33265        0.092963               
         A         39        GLY        0.048943        0.036096               0               0         0.10892        0.012812               
         A         40        VAL        0.013458        0.020989               0               0         0.06239               0               
         A         41        VAL       0.0028013       0.0068618               0               0        0.019609               0               
         A         42        LEU         0.19858         0.10129         0.27862        0.077555         0.39378         0.07746               
         A         43        VAL         0.14315        0.072086        0.079033        0.041442         0.24526        0.033482               
         A         44        ASP         0.66432         0.23616         0.84863         0.17699         0.99897         0.30967               
         A         45        PRO          1.0863         0.20946          1.0573         0.16244          1.3738         0.80859               
         A         46        GLU          2.1433         0.71621          2.6041         0.64489          3.7476          1.3373               
         A         47        TYR          1.2582         0.48538          1.4607         0.46799          2.3026         0.70699               
         A         48        LEU         0.59015         0.27021         0.39043         0.11593          1.1397         0.26601               
         A         49        LYS          1.6165         0.48941           2.376               0           2.376         0.89902               
         A         50        GLU         0.83407         0.18148         0.75748         0.16137          1.1397         0.53456               
         A         51        ARG         0.84429         0.22985          1.2341               0          1.2341         0.58252               
         A         52        ARG         0.69037         0.57456         0.95269         0.56527          1.9216         0.10892               
         A         53        VAL        0.014707        0.023975               0               0         0.06239               0               
         A         54        TYR         0.16635         0.15808         0.24024         0.14458          0.5662               0               
         A         55        VAL        0.036958         0.03581               0               0        0.092963               0               
         A         56        THR         0.17898        0.067567         0.24898        0.019571         0.27665         0.07746               
         A         57        LEU        0.068458        0.058198        0.024267        0.031737         0.15971               0               
         A         58        THR         0.10166        0.046555         0.13842         0.04554         0.18689         0.04056               
         A         59        CYS        0.055982        0.047389        0.006406        0.006406         0.13374               0               
         A         60        ALA        0.074573        0.057984         0.16863               0         0.16863               0               
         A         61        PHE         0.16665        0.091738         0.18222         0.10127         0.33265        0.055012               
         A         62        ARG         0.30531         0.13875         0.37516          0.1277         0.55022         0.13374               
         A         63        TYR         0.52708         0.19455         0.61595         0.17829         0.94772         0.27665               
         A         64        GLY         0.51857         0.14821               0               0         0.70699         0.34444               
         A         65        ARG          1.1476         0.37923          1.3424           0.336          1.7622         0.61619               
         A         66        GLU          3.2984            1.61          4.2443          1.5925          6.9959          1.6653               
         A         67        ASP          2.4923         0.31343          2.5873         0.33223          2.8954          1.9789               
         A         68        LEU          1.4353         0.21389          1.3448          0.2539          1.7622          1.0811               
         A         69        ASP          2.5811         0.60275          3.4683               0          3.4683          1.8664               
         A         70        VAL          1.9137         0.45137          2.2501         0.23442          2.4528          1.0811               
         A         71        LEU          1.8897         0.18719          2.1004               0          2.1004          1.6653               
         A         72        GLY          1.1515         0.16029               0               0          1.3738         0.99897               
         A         73        LEU         0.94504         0.34554          1.2584         0.13636          1.4905         0.39378               
         A         74        THR         0.54492         0.12871         0.46015        0.075607         0.78732         0.35644               
         A         75        PHE         0.73958         0.26509         0.89487         0.19576          1.2341         0.32106               
         A         76        ARG         0.38352         0.18569         0.26174        0.089192         0.74623         0.15092               
         A         77        LYS         0.94934         0.64028          1.3282         0.63382          2.4528         0.28747               
         A         78        ASP         0.84004         0.16756         0.89225         0.20019          1.1397         0.58252               
         A         79        LEU         0.39825         0.20816         0.23236        0.094858         0.78732         0.11707               
         A         80        PHE         0.49662         0.13511         0.44953         0.13592         0.66947         0.27665               
         A         81        VAL          0.8734        0.091717         0.91021        0.078251         0.99897         0.76653               
         A         82        ALA         0.63219         0.11891          0.5662               0         0.76653         0.43322               
         A         83        ASN          0.8284         0.23517          1.0111         0.19612          1.3018         0.55022               
         A         84        VAL         0.32924          0.1028          0.3401        0.069578         0.46079         0.15092               
         A         85        GLN         0.39817         0.13683         0.49356         0.10398         0.66947         0.22518               
         A         86        SER         0.12907        0.094974        0.016211       0.0033987         0.28747        0.012812               
         A         87        PHE         0.35961         0.15555         0.41254         0.16638         0.63357         0.13374               
         A         88        PRO         0.66755         0.15415         0.78516         0.14325         0.94772         0.47497               
         A         89        PRO         0.94176         0.15168         0.99991          0.1358          1.1397         0.76653               
         A         90        ALA          1.0684         0.17861         0.97301               0          1.3373         0.80859               
         A         91        PRO          2.1094         0.32995          2.0826         0.26302          2.6172          1.6193               
         A         92        GLU          2.8129          0.6653          3.3008         0.49918          4.0641          2.0384               
         A         93        ASP           1.545         0.28733          1.3482         0.27435          1.8664            1.11               
         A         94        LYS          2.5113         0.81186          2.8818         0.87943          4.4258          1.7129               
         A         95        LYS          1.8598         0.33744          1.7476          0.4012          2.4528          1.2675               
         A         96        PRO          2.2019         0.65186           2.863        0.045908          2.8954          1.1703               
         A         97        LEU         0.96651         0.27844         0.76654         0.13441          1.4504         0.61619               
         A         98        THR         0.67777          0.1162         0.58794        0.091099          0.8527         0.46079               
         A         99        ARG          1.2196         0.32627          1.8134               0          1.8134         0.87558               
         A        100        LEU         0.43322         0.20966         0.33272        0.090094         0.89902         0.22518               
         A        101        GLN         0.21994        0.066796         0.20013        0.049474         0.36866         0.14227               
         A        102        GLU         0.92247         0.40305          1.2219          0.2973          1.6653         0.46079               
         A        103        ARG          1.1647         0.51418          1.4415          0.4508           2.165         0.59918               
         A        104        LEU         0.14238         0.10444        0.048101        0.046915         0.28747               0               
         A        105        ILE          0.4584           0.237         0.33993         0.13455         0.89902         0.19623               
         A        106        LYS          1.6354         0.52187           1.927         0.43884          2.5331         0.74623               
         A        107        LYS          1.2344         0.15934           1.218         0.14597           1.532         0.99897               
         A        108        LEU         0.58902         0.26983         0.34798         0.09058          1.0811         0.19623               
         A        109        GLY         0.89958         0.24209               0               0          1.2675         0.59918               
         A        110        GLU          1.3074         0.46431           2.165               0           2.165          0.8527               
         A        111        HIS          0.8737         0.38019          1.1256         0.23386          1.4905         0.23514               
         A        112        ALA         0.22226         0.10745        0.092963               0         0.41983        0.092963               
         A        113        TYR         0.30562         0.22747         0.42338         0.18706         0.78732               0               
         A        114        PRO         0.19836        0.050282          0.2296        0.036705         0.25555         0.11707               
         A        115        PHE        0.071378        0.072321        0.021871        0.033707         0.18689               0               
         A        116        THR         0.33123        0.069063         0.35248        0.073432         0.43322         0.23514               
         A        117        PHE         0.23313          0.1238         0.15259        0.044449         0.48943         0.10088               
         A        118        GLU         0.86224          0.2375           1.065        0.041719            1.11         0.51922               
         A        119        ILE         0.21264          0.1636        0.055086        0.042964         0.41983               0               
         A        120        PRO         0.74506         0.20269         0.85936         0.23591          1.1703         0.48943               
         A        121        PRO         0.83576         0.16832         0.95976         0.15265          1.1397         0.63357               
         A        122        ASN         0.78807         0.32056          1.0489         0.26235          1.4905         0.50418               
         A        123        LEU         0.28741         0.11998         0.36156         0.05315         0.43322        0.055012               
         A        124        PRO        0.082383        0.023973        0.077785        0.018728         0.10892         0.04056               
         A        125        CYS        0.049384        0.021589        0.048534        0.028925         0.07746        0.019609               
         A        126        SER        0.057089        0.029963        0.052383        0.032773        0.092963        0.019609               
         A        127        VAL        0.048107        0.019709         0.04069        0.011641         0.07746        0.019609               
         A        128        THR        0.063794        0.038754        0.026624        0.011329         0.11707        0.012812               
         A        129        LEU         0.21777        0.066185         0.22219         0.04837         0.32106         0.11707               
         A        130        GLN         0.24473        0.091997         0.18369        0.024179         0.46079         0.14227               
         A        131        PRO         0.38819         0.16618         0.27317        0.095692         0.63357         0.15971               
         A        132        GLY          1.1628         0.12632               0               0          1.2675         0.94772               
         A        133        PRO          2.0432         0.55577           1.872         0.42442          2.8954          1.4115               
         A        134        GLU          2.2761         0.43151          2.8954               0          2.8954          1.7129               
         A        135        ASP          1.1415         0.26434         0.95463         0.16646          1.6193         0.80859               
         A        136        THR          1.6805         0.43942          2.1399         0.24098          2.4528          1.1397               
         A        137        GLY         0.83323        0.072958               0               0         0.94772         0.74623               
         A        138        LYS         0.75774         0.29665         0.96025         0.20691          1.2675         0.32106               
         A        139        ALA         0.19655        0.071062         0.15971               0         0.32106         0.10892               
         A        140        CYS         0.17238         0.05024         0.20098        0.004747         0.21537         0.07746               
         A        141        GLY         0.13608        0.070768               0               0         0.22518         0.04056               
         A        142        VAL        0.029393        0.028067        0.036627        0.029006         0.07746               0               
         A        143        ASP        0.013367        0.017293        0.021831        0.019562        0.047737               0               
         A        144        TYR        0.053783        0.061097        0.015367        0.023575         0.17769               0               
         A        145        GLU         0.22479         0.12845         0.32645        0.063384         0.39378        0.026499               
         A        146        VAL          0.0489        0.045331               0               0         0.11707               0               
         A        147        LYS         0.24769         0.17162         0.36679         0.13955         0.63357        0.026499               
         A        148        ALA        0.043869        0.021802        0.026499               0         0.07746        0.026499               
         A        149        PHE         0.11466        0.053889         0.14757        0.020913         0.18689               0               
         A        150        CYS         0.04939        0.040969        0.040756        0.014257         0.12535               0               
         A        151        ALA          0.1966         0.07026         0.17769               0         0.28747         0.10088               
         A        152        GLU         0.80062         0.22365          1.2018               0          1.2018         0.51922               
         A        153        ASN         0.87965         0.29938          1.4504               0          1.4504         0.65132               
         A        154        LEU          0.9947         0.31965         0.84649         0.34853          1.4115         0.46079               
         A        155        GLU          2.8161          1.1022          3.6689         0.72373          4.6267          1.4504               
         A        156        GLU          1.3322         0.40231          1.4565         0.48126          2.1004          0.8527               
         A        157        LYS          1.5678          0.5612          2.6172               0          2.6172          1.0811               
         A        158        ILE         0.64323         0.21457         0.44876        0.052976         0.99897         0.39378               
         A        159        HIS          1.1673         0.48639          1.4837         0.35177          1.9216         0.43322               
         A        160        LYS          1.2213         0.57933           1.651         0.41015          2.0384         0.50418               
         A        161        ARG          1.4511         0.83686          1.9553         0.61704           2.798         0.38111               
         A        162        ASN         0.27001         0.16067         0.36322         0.15614         0.63357        0.069872               
         A        163        SER         0.13376        0.080955         0.23177        0.044882         0.27665        0.019609               
         A        164        VAL         0.11918        0.083359         0.15069         0.11656         0.30967        0.033482               
         A        165        ARG         0.65654         0.25773         0.80921         0.19688           1.053         0.30967               
         A        166        LEU         0.28407        0.088927         0.23942        0.047797         0.41983         0.16863               
         A        167        VAL         0.25661        0.057267         0.23681        0.045216         0.36866         0.17769               
         A        168        ILE         0.06482         0.04949        0.056734        0.040722         0.15092               0               
         A        169        ARG         0.17951         0.11331         0.22988          0.1139         0.41983         0.07746               
         A        170        LYS        0.052249        0.022552        0.043769        0.019239        0.085156        0.019609               
         A        171        VAL         0.16406        0.045477          0.1936        0.024289         0.21537        0.092963               
         A        172        GLN         0.15023        0.059833         0.18292        0.042724         0.23514         0.04056               
         A        173        TYR         0.26333        0.091304         0.32203        0.036067         0.39378         0.10088               
         A        174        ALA          0.2924         0.14871         0.20573               0         0.55022         0.15971               
         A        175        PRO         0.71667         0.26429         0.68242         0.32548            1.11         0.32106               
         A        176        GLU          1.9499         0.34706          1.9621         0.34982           2.376          1.4905               
         A        177        ARG           2.227         0.55051          2.8954               0          2.8954          1.4115               
         A        178        PRO            1.44         0.23738          1.5125         0.28734          1.7622            1.11               
         A        179        GLY          1.2638         0.10249               0               0          1.3738            1.11               
         A        180        PRO          1.6951         0.54873          2.2363         0.11255           2.376         0.74623               
         A        181        GLN         0.96832         0.22132           1.056         0.21073          1.4504         0.63357               
         A        182        PRO         0.31263         0.12772         0.19278         0.05727         0.46079         0.11707               
         A        183        THR         0.79075         0.20171         0.99787         0.12544          1.1703         0.58252               
         A        184        ALA          0.5152        0.085888         0.48943               0         0.61619         0.36866               
         A        185        GLU          1.1775         0.48205          1.5128         0.40289           2.165         0.68802               
         A        186        THR         0.60845         0.14658         0.60388         0.15583         0.76653         0.39378               
         A        187        THR         0.81316         0.11845         0.92569        0.070566         0.99897         0.65132               
         A        188        ARG         0.64883         0.25166         0.75633         0.23913          1.0256         0.23514               
         A        189        GLN          1.1554         0.47933          1.5006         0.37689          1.9789         0.65132               
         A        190        PHE         0.36676         0.28696         0.17778         0.08887         0.97301         0.06239               
         A        191        LEU          1.7289          0.5012          2.0468         0.40071          2.6172         0.94772               
         A        192        MET          1.5026         0.39295          1.7237         0.44527           2.376          1.1397               
         A        193        SER         0.79883         0.14351         0.62488       0.0086892         0.99897         0.61619               
         A        194        ASP          1.3934         0.26358          1.8664               0          1.8664          1.0811               
         A        195        LYS         0.76192         0.26594         0.92306               0          1.0256         0.36866               
         A        196        PRO         0.49872         0.16092         0.63231        0.085637         0.72638         0.27665               
         A        197        LEU        0.062424        0.068943               0               0         0.15971               0               
         A        198        HIS         0.41065         0.25139         0.58145         0.17713         0.78732         0.10088               
         A        199        LEU         0.09823        0.059441        0.046793        0.027016         0.18689               0               
         A        200        GLU         0.47785          0.3394         0.72917         0.25219          1.0811         0.10088               
         A        201        ALA          0.1548        0.048257         0.06239               0         0.18689         0.06239               
         A        202        SER         0.27915         0.13308         0.46092        0.014047         0.47497         0.15092               
         A        203        LEU         0.13248         0.14172        0.017468        0.030255         0.41983               0               
         A        204        ASP         0.55193         0.15273         0.53057         0.14912         0.78732         0.30967               
         A        205        LYS         0.44952         0.26614         0.60881          0.2354         0.99897        0.069872               
         A        206        GLU         0.34531         0.14984         0.46493        0.043286         0.50418         0.10088               
         A        207        ILE         0.19485        0.095014         0.25526        0.099746         0.41983         0.10892               
         A        208        TYR        0.098599        0.051523        0.099935        0.058627         0.21537         0.04056               
         A        209        TYR         0.53021         0.24269         0.64164         0.22532          1.0811         0.27665               
         A        210        HIS         0.33682         0.15698         0.25926        0.069377         0.74623         0.17769               
         A        211        GLY         0.86695         0.29442               0               0          1.2675         0.46079               
         A        212        GLU         0.60429          0.1298         0.61539          0.1236         0.80859         0.39378               
         A        213        PRO         0.74286         0.26235           1.009        0.050964          1.0811         0.36866               
         A        214        ILE         0.13016          0.1265         0.01014        0.017563         0.29848               0               
         A        215        SER         0.33748         0.14585         0.52471        0.091482         0.61619         0.19623               
         A        216        VAL         0.11161        0.096491       0.0085413       0.0060396         0.23514               0               
         A        217        ASN         0.44906         0.20176         0.63484         0.09603         0.76653         0.18689               
         A        218        VAL         0.12818         0.10599        0.017697        0.013736         0.28747               0               
         A        219        HIS         0.52925          0.3003         0.74127         0.19329         0.99897         0.17769               
         A        220        VAL         0.10155        0.081918        0.011161        0.015783         0.20573               0               
         A        221        THR         0.31117         0.18082          0.5008        0.097087         0.59918        0.092963               
         A        222        ASN         0.13249        0.076656        0.073126        0.038648         0.27665        0.026499               
         A        223        ASN         0.59852         0.23033         0.78751         0.16104         0.94772         0.28747               
         A        224        THR          0.2139         0.12345        0.088134        0.020695         0.41983        0.069872               
         A        225        ASN         0.90305         0.28004          1.1371          0.1013          1.2341         0.40668               
         A        226        LYS          0.2687        0.079098         0.21839        0.060181         0.38111         0.14227               
         A        227        THR         0.45885         0.22397         0.70883        0.055684         0.76653         0.19623               
         A        228        VAL         0.11677        0.093991        0.022353        0.016816         0.24526               0               
         A        229        LYS         0.84001         0.48347          1.1643          0.4227          1.8134         0.32106               
         A        230        LYS         0.55655         0.46385         0.84867         0.43462          1.6193        0.069872               
         A        231        ILE        0.051397        0.053014       0.0047291       0.0052904         0.13374               0               
         A        232        LYS          0.4944         0.46393         0.79358         0.42997           1.532         0.06239               
         A        233        ILE         0.09631        0.068121        0.040573        0.042095         0.19623               0               
         A        234        SER         0.14524        0.068944         0.19653        0.018843         0.21537        0.012812               
         A        235        VAL        0.050395         0.04069        0.037218        0.035581         0.12535               0               
         A        236        ARG         0.27453          0.2424         0.40457         0.21285         0.65132               0               
         A        237        GLN        0.024694        0.043377       0.0012209       0.0024418         0.11707               0               
         A        238        TYR         0.29264          0.1671          0.3728         0.14903          0.5662         0.10892               
         A        239        ALA         0.22351         0.10099         0.10892               0         0.35644         0.10892               
         A        240        ASP         0.48253         0.16022         0.60824         0.12385         0.80859         0.24526               
         A        241        ILE         0.38268        0.066237         0.32758         0.03192         0.48943         0.29848               
         A        242        CYS         0.47769         0.06328         0.55038         0.01582          0.5662         0.38111               
         A        243        LEU         0.57042         0.30411         0.30609        0.082069          1.0811         0.24526               
         A        244        PHE          2.0482         0.71092          1.7129               0           3.106          1.1397               
         A        245        ASN          3.0023          1.1002          3.9562         0.64542          4.6267          1.3373               
         A        246        THR          1.6159         0.26914          1.5275         0.30781          1.9216          1.1703               
         A        247        ALA          1.1158         0.15034          1.1397               0          1.2675         0.83038               
         A        248        GLN          1.2569         0.14763          1.2018               0          1.4504          1.0811               
         A        249        TYR         0.53943         0.28264         0.43136         0.24734         0.94772         0.11707               
         A        250        LYS         0.99463         0.45022          1.1695         0.53835          2.1004         0.61619               
         A        251        CYS         0.31725         0.10891         0.35172        0.042054         0.46079         0.12535               
         A        252        PRO         0.57007         0.20261         0.78119         0.12002         0.94772         0.35644               
         A        253        VAL          0.1145        0.060374        0.050295        0.012264         0.20573        0.033482               
         A        254        ALA         0.27673        0.053312         0.20573               0         0.35644         0.20573               
         A        255        MET         0.76937         0.33952         0.98363         0.34443           1.532         0.39378               
         A        256        GLU         0.64358         0.11242         0.69972        0.083835         0.83038         0.40668               
         A        257        GLU          1.0832         0.42484          1.3808         0.34574          1.8664         0.61619               
         A        258        ALA         0.49078         0.10093         0.43322               0         0.59918         0.32106               
         A        259        ASP          1.3959         0.54926          1.8656         0.39512          2.4528         0.80859               
         A        260        ASP         0.60697         0.16368         0.62494         0.17631         0.92306         0.35644               
         A        261        THR         0.72593         0.15408         0.89299        0.059515         0.97301         0.51922               
         A        262        VAL         0.19451        0.076449         0.13618        0.052923         0.27665         0.07746               
         A        263        ALA         0.66646         0.25102          1.1397               0          1.1397         0.40668               
         A        264        PRO         0.86692         0.11988         0.91626        0.049349           1.053         0.70699               
         A        265        SER          1.1635         0.25883          1.3555         0.01826          1.4504         0.70699               
         A        266        SER         0.74977         0.21175         0.82609         0.22691           1.053         0.40668               
         A        267        THR         0.88496         0.24588           1.126         0.18672          1.3738         0.63357               
         A        268        PHE         0.43359         0.12605         0.38304         0.12443         0.61619         0.24526               
         A        269        CYS         0.86027         0.14826          1.0545        0.055527            1.11         0.70699               
         A        270        LYS         0.78702         0.26304         0.94203         0.24061          1.3373         0.38111               
         A        271        VAL         0.87173         0.15941          1.0246         0.12887          1.2018         0.70699               
         A        272        TYR         0.27744         0.14579         0.18555        0.061285         0.55022        0.085156               
         A        273        THR         0.78898         0.20269          1.0172        0.033192           1.053         0.58252               
         A        274        LEU         0.28425         0.06651         0.24063        0.060331         0.38111         0.15092               
         A        275        THR          0.6253         0.20354         0.84401         0.10957         0.99897         0.43322               
         A        276        PRO          0.1755           0.103        0.070012        0.050475         0.30967               0               
         A        277        PHE          0.9452         0.45461          1.2368         0.29926          1.7129         0.38111               
         A        278        LEU         0.41058         0.13811         0.30462         0.11826         0.58252         0.10892               
         A        279        ALA          1.3982         0.24563          1.8134               0          1.8134           1.053               
         A        280        ASN         0.85562         0.16481         0.89623         0.17221          1.1703         0.65132               
         A        281        ASN         0.36771         0.14845         0.23436        0.046759         0.59918         0.18689               
         A        282        ARG         0.96053         0.33075          1.1628         0.23747          1.4504         0.55022               
         A        283        GLU          1.2622         0.32622          1.5073         0.20989          1.8664         0.76653               
         A        284        LYS          0.6178         0.15069         0.63391          0.1077         0.78732         0.33265               
         A        285        ARG          1.0982         0.42736          1.3195         0.38512          2.1004         0.65132               
         A        286        GLY         0.48795        0.090844               0               0          0.5662         0.34444               
         A        287        LEU         0.10123        0.098899         0.02995        0.041203         0.32106               0               
         A        288        ALA        0.023196        0.025607               0               0        0.069872               0               
         A        289        LEU        0.063908        0.040691        0.055535        0.051028         0.14227        0.012812               
         A        290        ASP         0.13043        0.065057        0.089512        0.067568         0.20573               0               
         A        291        GLY        0.094653         0.04328               0               0         0.15971         0.04056               
         A        292        LYS         0.19999        0.065732         0.24385        0.028365         0.29848         0.07746               
         A        293        LEU         0.50429        0.093213         0.56658        0.082194         0.65132         0.36866               
         A        294        LYS          1.3328         0.49246           1.723          0.2836          2.1004         0.70699               
         A        295        HIS          1.0007         0.17037         0.96683         0.16721          1.3018         0.72638               
         A        296        GLU          1.0328         0.24039          1.0142         0.23387          1.4115         0.70699               
         A        297        ASP          1.3085         0.38163          1.5566         0.35034          2.1004          0.8527               
         A        298        THR         0.37961         0.12367         0.32371        0.090285         0.59918         0.19623               
         A        299        ASN         0.36433          0.1456         0.45009        0.069716          0.5662        0.092963               
         A        300        LEU        0.073213          0.0392        0.039372        0.024735         0.11707       0.0061046               
         A        301        ALA        0.032623        0.021151               0               0        0.055012               0               
         A        302        SER        0.020278        0.022507        0.027506        0.027506        0.055012               0               
         A        303        SER         0.14555        0.046036         0.13381       0.0084613         0.22518        0.069872               
         A        304        THR          0.3654          0.1242          0.2764        0.063987         0.61619         0.18689               
         A        305        LEU         0.53238        0.092213         0.50642        0.094698         0.68802         0.38111               
         A        306        LEU          1.0695         0.32228         0.87546          0.2499          1.6653         0.53456               
         A        307        ARG          1.9727          0.5755          1.4905               0          2.7054          1.3373               
         A        308        GLU           5.397         0.99666          6.5961               0          6.5961          3.7476               
         A        312        ARG          3.4148          1.0645          5.3301               0          5.3301          2.3026               
         A        313        GLU          2.1207         0.49441          2.3026               0          2.9979          1.6193               
         A        314        ILE         0.61531         0.14125         0.56487         0.10301         0.87558         0.44687               
         A        315        LEU         0.56023         0.24812          0.7212          0.2338          1.0256         0.26601               
         A        316        GLY         0.14137        0.037505               0               0         0.18689        0.085156               
         A        317        ILE        0.066254        0.044173        0.031195        0.031195         0.12535               0               
         A        318        ILE         0.26933        0.089462         0.33704        0.077858         0.46079         0.15971               
         A        319        VAL         0.11887        0.083403        0.024874        0.022765         0.20573               0               
         A        320        SER         0.17475         0.11071         0.29579        0.060654         0.35644               0               
         A        321        TYR        0.041139          0.0539       0.0049138        0.009173         0.14227               0               
         A        322        LYS         0.37899           0.381         0.62265         0.35437          1.2018               0               
         A        323        VAL        0.034279        0.040849               0               0         0.10088               0               
         A        324        LYS         0.38079         0.29807         0.56158         0.29124          1.0811        0.092963               
         A        325        VAL        0.066488        0.064379               0               0         0.15971               0               
         A        326        LYS         0.48526          0.4067         0.72796         0.40166          1.4504         0.07746               
         A        327        LEU        0.090814        0.090112        0.003203       0.0055477         0.21537               0               
         A        328        VAL         0.29594           0.105         0.40367        0.043168         0.46079         0.15971               
         A        329        VAL         0.18975        0.098008         0.08893        0.035631         0.32106         0.04056               
         A        330        SER         0.49415         0.15155         0.65327         0.13405         0.78732         0.29848               
         A        331        ARG         0.81899         0.29465         0.94184         0.29425          1.4504         0.46079               
         A        332        GLY          1.0659          0.1625               0               0          1.2675          0.8527               
         A        333        GLY          1.8556        0.085424               0               0          1.9216          1.7129               
         A        334        LEU          2.3308         0.57281          2.7525         0.50659          3.4683          1.6193               
         A        335        LEU          1.3571         0.20367          1.4027         0.27694          1.8664          1.1397               
         A        336        GLY          1.2528         0.19992               0               0          1.4504         0.94772               
         A        337        ASP          1.6332         0.41024          1.8665         0.45847          2.6172          1.2018               
         A        338        LEU            2.17         0.55652          2.5891         0.44125           3.106          1.4115               
         A        339        ALA          1.0201         0.25297         0.94772               0          1.3738         0.66947               
         A        340        SER         0.91476         0.17704          1.0786         0.15554          1.2341         0.70699               
         A        341        SER         0.35742         0.12675         0.28206       0.0054095         0.59918         0.21537               
         A        342        ASP         0.54375         0.15084          0.6188         0.18161         0.89902         0.39378               
         A        343        VAL         0.21931        0.071523         0.17183        0.015256         0.36866         0.15092               
         A        344        ALA         0.50446        0.071419         0.63357               0         0.63357         0.43322               
         A        345        VAL          0.3146         0.11011         0.28939         0.14379         0.46079         0.10892               
         A        346        GLU         0.51948         0.16819         0.62594          0.1518         0.89902         0.32106               
         A        347        LEU          0.1747        0.075533         0.14592        0.065206         0.26601         0.06239               
         A        348        PRO         0.45147         0.17587         0.63842        0.090835         0.76653         0.24526               
         A        349        PHE        0.076809         0.07745        0.022721        0.031371         0.21537               0               
         A        350        THR           0.141        0.065318         0.19555        0.054345         0.26601        0.069872               
         A        351        LEU       0.0068766        0.018194               0               0        0.055012               0               
         A        352        MET         0.09802        0.072925         0.10861        0.077776         0.18689               0               
         A        353        HIS         0.34007         0.11771         0.38356         0.12417         0.59918         0.17769               
         A        354        PRO         0.69137         0.12394         0.78931         0.12386         0.89902         0.55022               
         A        355        LYS         0.96916         0.15887          1.0528         0.10479          1.1703         0.72638               
         A        356        PRO          1.1437         0.39929         0.83586          0.1977          1.8134         0.65132               
         A        357        LYS          3.2144         0.68248          3.4683               0          4.0641          1.9789               
         A        358        GLU          3.4708         0.36224          4.0641               0          4.0641          2.9979               
         A        359        GLU          2.6308         0.53713          3.3406               0          3.3406          1.9789               
         A        360        PRO          1.3854         0.37657          1.1234         0.16936           2.165         0.92306               
         A        361        PRO          1.9269         0.59504          1.3623         0.12819          2.8954          1.2341               
