pdb_id: 
analysis type: unbound
radii_file: F:\psiafrombintisolah\PSAIA-1.0\amac_data\chothia.radii
CX_sRadius: 9
CX_vAtom: 20.1

  chain id|    res id|  res name|     average CX|       s_avg CX|    s-ch avg CX|  s-ch s_avg CX|         max CX|         min CX|               
         A         13        ALA         0.90043         0.31314         0.78732               0          1.4504         0.50418               
         A         14        VAL          1.2278         0.16569          1.4005        0.065364          1.4905         0.97301               
         A         15        ILE         0.56414         0.23712         0.34331        0.099622          0.8527         0.18689               
         A         16        THR          1.6416         0.50051          2.1947         0.15264          2.3026          1.0256               
         A         17        ASP          1.1723         0.35896          1.5044        0.097004          1.6653         0.61619               
         A         18        TRP         0.21935         0.24553        0.085261         0.11805         0.70699               0               
         A         19        ARG          1.2232         0.92942          1.7299          0.8052          2.7054         0.27665               
         A         20        PRO         0.19509        0.058128         0.16941         0.06673         0.25555        0.092963               
         A         21        GLU          0.6633         0.20744         0.65247         0.16056          1.0256         0.33265               
         A         22        ASP         0.92715          0.2689          1.1595         0.15938          1.3373         0.53456               
         A         23        PRO          1.1691         0.33382          1.5352         0.08939          1.6193         0.70699               
         A         24        ALA          1.0629         0.28943          1.5749               0          1.5749         0.74623               
         A         25        PHE         0.25832         0.14475         0.20913        0.094205         0.63357         0.06239               
         A         26        TRP         0.18977         0.11424         0.16625         0.12633         0.39378               0               
         A         27        GLN          1.1933          0.4873          1.5537         0.34585          2.0384         0.53456               
         A         28        GLN          1.5292         0.77257          2.0696         0.63825           2.798         0.72638               
         A         29        ARG         0.55024         0.18755         0.66028         0.11852         0.78732         0.22518               
         A         30        GLY         0.03417        0.048528               0               0         0.11707               0               
         A         31        GLN         0.64272         0.46949          0.9708         0.38421           1.532        0.085156               
         A         32        ARG         0.93413         0.40233           1.195         0.25493          1.4504         0.39378               
         A         33        ILE         0.19301        0.094303         0.22062         0.11024         0.34444         0.07746               
         A         34        ALA        0.069327        0.050386               0               0         0.15092               0               
         A         35        SER         0.45662         0.17315         0.66877         0.11855         0.78732         0.26601               
         A         36        ARG          0.4946         0.16115         0.59098         0.11708         0.78732         0.26601               
         A         37        ASN        0.047233        0.074458       0.0066247        0.011474         0.23514               0               
         A         38        LEU         0.18038        0.067477         0.18767        0.080302         0.28747         0.10088               
         A         39        TRP          1.5957          1.1492          2.0267           1.093          4.4258         0.40668               
         A         40        ILE          0.2464        0.096337         0.23946         0.12173         0.40668        0.092963               
         A         41        SER         0.10796        0.056032        0.042578        0.042578         0.16863               0               
         A         42        VAL         0.21171         0.02433         0.22892        0.023111         0.24526         0.18689               
         A         43        PRO         0.34341         0.11421         0.43209         0.10819         0.58252         0.19623               
         A         44        CYS        0.038783        0.065287               0               0         0.17769               0               
         A         45        LEU       0.0057113        0.010809               0               0        0.033482               0               
         A         46        LEU         0.17796         0.12353         0.27435         0.10793         0.46079         0.06239               
         A         47        LEU        0.053678        0.037564        0.087413        0.018501         0.10892               0               
         A         48        ALA       0.0052997        0.010599               0               0        0.026499               0               
         A         49        PHE               0               0               0               0               0               0               
         A         50        CYS         0.03553         0.02664        0.058804        0.011068        0.069872               0               
         A         51        VAL       0.0057943        0.014193               0               0         0.04056               0               
         A         52        TRP       0.0013081       0.0025049      0.00061046       0.0018314       0.0061046               0               
         A         53        MET        0.010446        0.025408               0               0         0.07746               0               
         A         54        LEU        0.049348        0.039447         0.03059        0.022061         0.11707               0               
         A         55        PHE        0.028069        0.036724       0.0018303       0.0044833         0.10088               0               
         A         56        SER        0.059779        0.033956        0.023332        0.017228         0.10892       0.0061046               
         A         57        ALA        0.094033        0.033978         0.04056               0         0.13374         0.04056               
         A         58        VAL         0.12842        0.028239         0.12024        0.021942         0.18689         0.10088               
         A         59        ALA        0.084742          0.0544        0.019609               0         0.16863        0.019609               
         A         60        VAL         0.25897         0.11777         0.15619        0.051517         0.43322        0.085156               
         A         61        ASN         0.36859        0.062928         0.32928        0.055939         0.46079         0.23514               
         A         62        LEU         0.16482         0.13598        0.037743        0.050848         0.33265               0               
         A         63        PRO         0.57763         0.24171         0.43644         0.13035           1.053         0.26601               
         A         64        LYS          1.0551         0.24948         0.94217         0.23224          1.3738         0.61619               
         A         65        VAL         0.71503         0.18303         0.53689         0.13694         0.92306         0.35644               
         A         66        GLY         0.88152          0.1823               0               0          1.1397         0.65132               
         A         67        PHE         0.37583         0.24117         0.19965         0.02943         0.80859         0.15092               
         A         68        ASN          1.5782         0.51322          2.0747         0.13383          2.3026         0.92306               
         A         69        PHE         0.40809         0.22249         0.24989        0.086206         0.74623         0.10088               
         A         70        THR         0.89869         0.27238          1.1267         0.12057          1.2675         0.41983               
         A         71        THR         0.48396         0.16907         0.58925        0.044375         0.66947         0.16863               
         A         72        ASP         0.32805         0.11605         0.39889        0.087511         0.55022         0.17769               
         A         73        GLN          0.5983         0.36129           0.859         0.26053          1.3373        0.092963               
         A         74        LEU        0.091302        0.068513        0.098779        0.045651         0.22518               0               
         A         75        PHE       0.0017827       0.0056373               0               0        0.019609               0               
         A         76        MET         0.23816         0.22725          0.4181          0.1924         0.72638        0.033482               
         A         77        LEU       0.0049483        0.010968               0               0        0.033482               0               
         A         78        THR               0               0               0               0               0               0               
         A         79        ALA        0.018769        0.017912        0.047737               0        0.047737               0               
         A         80        LEU          0.1775          0.1312         0.27692         0.11822         0.44687        0.047737               
         A         81        PRO               0               0               0               0               0               0               
         A         82        SER        0.011161        0.015783               0               0        0.033482               0               
         A         83        VAL         0.38747         0.14912         0.51816         0.12011         0.68802         0.15971               
         A         84        SER         0.20098        0.062316         0.22645        0.039563         0.29848         0.12535               
         A         85        GLY       0.0083704        0.014498               0               0        0.033482               0               
         A         86        ALA         0.11506        0.037239         0.12535               0         0.15971        0.055012               
         A         87        LEU          0.9998         0.53257          1.4187         0.41534          2.1004         0.32106               
         A         88        LEU         0.28838         0.15347         0.37623         0.12381          0.5662        0.055012               
         A         89        ARG        0.019679        0.032105               0               0        0.092963               0               
         A         90        VAL         0.50702         0.21293         0.62782         0.22627         0.94772         0.19623               
         A         91        PRO         0.60876         0.12492         0.71114        0.085582         0.83038         0.43322               
         A         92        TYR        0.097392        0.081913        0.061564        0.045077         0.29848               0               
         A         93        SER         0.18879         0.10017         0.22691         0.14175         0.36866        0.085156               
         A         94        PHE          1.1465         0.53311          1.4955         0.31136          1.9216         0.33265               
         A         95        MET         0.36865         0.16775         0.45151         0.20301         0.68802         0.22518               
         A         96        VAL         0.11186        0.075694        0.036709        0.026638         0.21537               0               
         A         97        PRO         0.76985         0.22186         0.77784         0.20539           1.053         0.41983               
         A         98        ILE          1.1991         0.27709          1.4292         0.20682          1.7129         0.89902               
         A         99        PHE          0.7959         0.29992         0.92944         0.29176          1.3373         0.43322               
         A        100        GLY         0.16233         0.11694               0               0         0.33265        0.033482               
         A        101        GLY         0.01014        0.017563               0               0         0.04056               0               
         A        102        ARG         0.27043         0.21625          0.3805         0.19987         0.65132        0.055012               
         A        103        ARG         0.65465         0.53757         0.93584         0.48607          1.8664         0.11707               
         A        104        TRP        0.099256          0.1153         0.11223         0.13314         0.39378               0               
         A        105        THR        0.013462           0.019               0               0        0.055012               0               
         A        106        ALA         0.13248        0.049963         0.10892               0         0.22518        0.085156               
         A        107        PHE         0.68138         0.27415         0.82584         0.23771          1.1397         0.28747               
         A        108        SER         0.13843         0.11062        0.064942         0.05213         0.32106        0.012812               
         A        109        THR        0.062205        0.065497       0.0020349       0.0028777         0.18689               0               
         A        110        GLY         0.42981        0.097608               0               0          0.5662         0.29848               
         A        111        ILE         0.52895         0.14643         0.55791         0.15938         0.80859         0.35644               
         A        112        LEU         0.11656         0.09261         0.03059        0.022061         0.25555               0               
         A        113        ILE         0.45763        0.075491         0.45524        0.085135         0.58252         0.34444               
         A        114        ILE         0.78316         0.34665          1.0247         0.32688          1.4504         0.39378               
         A        115        PRO         0.14617        0.055744         0.11615         0.04532         0.24526        0.069872               
         A        116        CYS        0.084165        0.039024        0.054459        0.054459         0.11707               0               
         A        117        VAL         0.43189         0.14431         0.57188        0.096307         0.70699         0.22518               
         A        118        TRP         0.55292         0.22308         0.64488          0.1937         0.99897         0.22518               
         A        119        LEU        0.031348        0.036524       0.0047291       0.0052904         0.11707               0               
         A        120        GLY         0.25569        0.081452               0               0         0.35644         0.15092               
         A        121        PHE          1.0424         0.57423          1.3802         0.44811          2.0384         0.34444               
         A        122        ALA         0.21487        0.041856         0.17769               0         0.27665         0.15971               
         A        123        VAL         0.15143        0.070416        0.088564        0.029616         0.26601        0.047737               
         A        124        GLN         0.85869         0.28145          1.0169         0.23509          1.2675         0.40668               
         A        125        ASP          1.1546         0.37197          1.4711          0.2283          1.8134         0.63357               
         A        126        THR          1.0576         0.27113           1.243         0.30371          1.6193         0.74623               
         A        127        SER          1.8305          0.6335          2.7076         0.09043           2.798          1.2018               
         A        128        THR         0.58464         0.16271         0.45989        0.074123         0.87558         0.36866               
         A        129        PRO          1.0217         0.31952           1.342         0.10395          1.4504         0.55022               
         A        130        TYR          0.5175         0.16675         0.46165         0.17025         0.68802         0.21537               
         A        131        SER          1.1655         0.40539          1.6785         0.18796          1.8664         0.72638               
         A        132        VAL         0.51414          0.2116          0.6023          0.2052         0.87558         0.22518               
         A        133        PHE        0.063525          0.0658        0.025978        0.020136         0.22518               0               
         A        134        ILE         0.39534         0.18623         0.56205         0.11209         0.72638         0.18689               
         A        135        ILE         0.68894         0.33805         0.99352         0.17191          1.2675         0.25555               
         A        136        ILE        0.097546        0.061911        0.098844        0.045504         0.19623               0               
         A        137        SER        0.026327        0.027097        0.031195        0.031195         0.06239               0               
         A        138        LEU         0.34011         0.19391         0.47014         0.19773         0.80859         0.13374               
         A        139        LEU          0.3457         0.23925         0.55166          0.1588         0.74623        0.069872               
         A        140        CYS               0               0               0               0               0               0               
         A        141        GLY       0.0081508        0.010882               0               0        0.026499               0               
         A        142        PHE         0.34514         0.33705         0.52967          0.2907           1.053               0               
         A        143        ALA               0               0               0               0               0               0               
         A        144        GLY               0               0               0               0               0               0               
         A        145        ALA               0               0               0               0               0               0               
         A        146        ASN               0               0               0               0               0               0               
         A        147        PHE        0.030048        0.029402        0.025342        0.024709        0.092963               0               
         A        148        ALA        0.040635        0.038346        0.012812               0         0.10088               0               
         A        149        SER               0               0               0               0               0               0               
         A        150        SER        0.039215         0.03152        0.013249        0.013249         0.10088               0               
         A        151        MET          0.1441        0.029211         0.15115         0.01616         0.17769        0.092963               
         A        152        ALA         0.18782         0.03321         0.15092               0         0.22518         0.15092               
         A        153        ASN        0.073366        0.068182       0.0081508        0.010882         0.16863               0               
         A        154        ILE        0.038666        0.038991       0.0015261       0.0026434         0.10088               0               
         A        155        SER         0.16158        0.021332         0.18243        0.013803         0.19623         0.12535               
         A        156        PHE         0.40291         0.12104         0.47891        0.078887         0.65132         0.23514               
         A        157        PHE        0.022482        0.046141       0.0027024       0.0046336         0.15092               0               
         A        158        PHE        0.044671        0.045904        0.034906        0.035302         0.14227               0               
         A        159        PRO         0.23327        0.066921         0.20783        0.078584         0.28747         0.10088               
         A        160        LYS         0.39778        0.088546          0.3643        0.064842         0.55022         0.28747               
         A        161        GLN          1.1418         0.28612          1.1397               0          1.6193         0.72638               
         A        162        LYS          0.9846          0.2643          1.1371         0.26723          1.4504         0.72638               
         A        163        GLN         0.32809          0.1665          0.1944        0.084438          0.5662         0.10892               
         A        164        GLY          1.0754         0.17205               0               0          1.2341         0.78732               
         A        165        GLY          1.1761         0.17034               0               0          1.3738         0.94772               
         A        166        ALA         0.45673         0.17096         0.18689               0         0.70699         0.18689               
         A        167        LEU         0.28755         0.11016         0.19235        0.061832         0.46079         0.11707               
         A        168        GLY         0.59725        0.059668               0               0         0.66947         0.50418               
         A        169        LEU         0.84094         0.31647          1.0307         0.30517          1.4905         0.39378               
         A        170        ASN        0.086944         0.11785         0.01014        0.017563         0.35644               0               
         A        171        GLY         0.14091        0.029793               0               0         0.17769         0.10088               
         A        172        GLY         0.25094        0.062826               0               0         0.34444         0.16863               
         A        173        LEU         0.56184         0.29389         0.81095         0.21131          1.1397         0.22518               
         A        174        GLY         0.07919        0.063675               0               0         0.17769        0.019609               
         A        175        ASN        0.035166        0.027686        0.025793        0.030662         0.07746               0               
         A        176        MET         0.28486         0.19297         0.44713         0.14213         0.65132        0.085156               
         A        177        GLY        0.045438         0.03697               0               0        0.092963       0.0061046               
         A        178        VAL               0               0               0               0               0               0               
         A        179        SER        0.087967          0.0535         0.11335        0.020391         0.14227               0               
         A        180        VAL         0.29519         0.10076         0.37704        0.076773         0.47497         0.14227               
         A        181        MET        0.061761        0.046289        0.023893        0.024433         0.14227               0               
         A        182        GLN        0.042145        0.070938               0               0         0.21537               0               
         A        183        LEU         0.55442         0.24455         0.70966         0.21411          1.0256         0.18689               
         A        184        VAL         0.45578        0.066493         0.47764        0.063593          0.5662         0.38111               
         A        185        ALA         0.14571        0.085584               0               0         0.24526               0               
         A        186        PRO         0.41609         0.19186         0.26185        0.059578         0.74623         0.18689               
         A        187        LEU          1.1335          0.2807            1.24         0.23103          1.6193         0.63357               
         A        188        VAL         0.68814         0.19201         0.48324         0.10827         0.87558         0.33265               
         A        189        VAL         0.92734         0.23654         0.77417         0.15764          1.3373          0.5662               
         A        190        SER          2.4348         0.42097          2.7076         0.09043          2.8954          1.6193               
         A        211        TYR         0.95207         0.30217          1.1703               0          1.3373          0.5662               
         A        212        LEU         0.20656         0.11679         0.15937        0.066771         0.47497        0.047737               
         A        213        ALA         0.31388         0.11857         0.48943               0         0.48943         0.12535               
         A        214        ASN          0.5667         0.27168         0.78928         0.20233          1.0811         0.24526               
         A        215        ALA        0.049425        0.041334         0.04056               0         0.12535               0               
         A        216        SER        0.055818         0.04583        0.027506        0.027506         0.14227               0               
         A        217        TRP         0.50239         0.21196         0.56309         0.21975         0.92306         0.25555               
         A        218        ILE         0.51375         0.14198         0.54758         0.15712         0.70699         0.30967               
         A        219        TRP         0.12698        0.082003         0.08229        0.043744         0.28747        0.012812               
         A        220        VAL         0.47399         0.13268         0.52277         0.17048         0.74623         0.32106               
         A        221        PRO         0.89884         0.16331          1.0284         0.15261          1.2018         0.74623               
         A        222        PHE         0.79194         0.37916         0.97185         0.35055          1.4905         0.30967               
         A        223        LEU        0.074862         0.06413        0.017468        0.030255         0.17769               0               
         A        224        ALA         0.59265         0.16538         0.87558               0         0.87558         0.35644               
         A        225        ILE         0.92543         0.29303          1.1683         0.21718          1.4905         0.58252               
         A        226        PHE         0.37859         0.21547         0.47851          0.2007         0.74623         0.07746               
         A        227        THR         0.19816        0.047785         0.20872        0.059103         0.25555         0.12535               
         A        228        ILE         0.87009         0.33796          1.1824         0.16645          1.4504         0.46079               
         A        229        ALA         0.39571         0.11422         0.51922               0         0.51922         0.24526               
         A        230        ALA        0.047961        0.040458               0               0         0.10892               0               
         A        231        TRP         0.76637         0.41849          0.9367          0.3735           1.532         0.19623               
         A        232        PHE          1.3393         0.56978          1.7047         0.37504          2.3026         0.63357               
         A        233        GLY         0.43851        0.052291               0               0         0.50418         0.38111               
         A        234        MET         0.07092        0.078596        0.003203       0.0055477         0.21537               0               
         A        235        ASN         0.14281        0.077162         0.18349        0.084931         0.32106         0.06239               
         A        236        ASP         0.29125        0.088545         0.25089        0.099031         0.41983         0.10088               
         A        237        LEU           0.265         0.15502          0.1609        0.037768          0.5662         0.13374               
         A        238        ALA          1.4124         0.36905          1.8664               0          1.8664         0.83038               
         A        256        LEU          1.0473         0.38447          1.2613         0.41147          1.9216          0.5662               
         A        257        TRP          1.7206         0.72332          2.0509          0.5689          2.9979         0.55022               
         A        258        ILE         0.68156         0.24796         0.81856         0.18648          1.0256         0.26601               
         A        259        MET         0.21761        0.083114         0.22142        0.037269         0.35644        0.055012               
         A        260        SER         0.17273         0.08107         0.27187        0.026608         0.29848        0.047737               
         A        261        LEU         0.38572         0.18093          0.5344         0.13761         0.76653         0.16863               
         A        262        LEU        0.039401        0.037009        0.035975        0.024719         0.10892               0               
         A        263        TYR       0.0016341       0.0054197               0               0        0.019609               0               
         A        264        LEU         0.13535         0.14194         0.23467         0.14106         0.47497               0               
         A        265        ALA        0.050819        0.039749        0.092963               0        0.092963               0               
         A        266        THR               0               0               0               0               0               0               
         A        267        PHE               0               0               0               0               0               0               
         A        268        GLY               0               0               0               0               0               0               
         A        269        SER       0.0055803        0.012478               0               0        0.033482               0               
         A        270        PHE       0.0011647       0.0036832               0               0        0.012812               0               
         A        271        ILE       0.0056654       0.0082881       0.0064285       0.0080077        0.019609               0               
         A        272        GLY        0.013273         0.01415               0               0        0.033482               0               
         A        273        PHE       0.0042423        0.011617       0.0057943        0.014193         0.04056               0               
         A        274        SER        0.017551        0.011412       0.0098047       0.0098047        0.033482               0               
         A        275        ALA               0               0               0               0               0               0               
         A        276        GLY        0.013343        0.016561               0               0         0.04056               0               
         A        277        PHE        0.021181        0.026137       0.0028013       0.0068618        0.069872               0               
         A        278        ALA        0.079804        0.029654         0.04056               0         0.11707         0.04056               
         A        279        MET        0.067916        0.053372        0.035696        0.047515         0.15092               0               
         A        280        LEU        0.094168         0.05889         0.04689        0.031749         0.17769       0.0061046               
         A        281        SER        0.079681        0.060305        0.006406        0.006406         0.15092               0               
         A        282        LYS         0.36644         0.14978         0.36443         0.13826         0.61619         0.18689               
         A        283        THR         0.40963        0.096361         0.34958        0.081621         0.58252         0.23514               
         A        284        GLN         0.21361         0.07757         0.17915         0.04178         0.38111         0.12535               
         A        285        PHE         0.24136         0.14796         0.15204        0.082104         0.53456        0.019609               
         A        286        PRO         0.99297         0.20254          1.0644         0.20874          1.3373         0.72638               
         A        287        ASP          1.5814         0.45409          1.8092         0.47745          2.4528         0.97301               
         A        288        VAL         0.63036         0.17632         0.48827         0.11151         0.92306         0.34444               
         A        289        GLN           1.094         0.40168           1.432         0.17509          1.6653         0.58252               
         A        290        ILE         0.17037        0.079673         0.10508        0.014492         0.34444        0.085156               
         A        291        LEU           0.224        0.068832         0.24178        0.090742         0.36866         0.11707               
         A        292        GLN          1.1738         0.74669           1.667         0.67259          2.5331         0.46079               
         A        293        TYR          0.8366         0.54706          1.1033         0.48023          2.0384         0.19623               
         A        294        ALA        0.070192        0.072618       0.0061046               0         0.19623               0               
         A        295        PHE         0.26245         0.18777         0.36722         0.15548         0.61619         0.04056               
         A        296        PHE         0.66593         0.44264          0.9154         0.36817           1.532         0.16863               
         A        297        GLY        0.018994         0.02948               0               0        0.069872               0               
         A        298        PRO       0.0028013       0.0068618               0               0        0.019609               0               
         A        299        PHE          0.4658         0.34059         0.65445         0.28357          1.0811        0.026499               
         A        300        ILE         0.31692         0.18993         0.44975         0.17862         0.74623         0.10088               
         A        301        GLY       0.0049023       0.0084911               0               0        0.019609               0               
         A        302        ALA        0.088011         0.05395         0.10088               0         0.15971               0               
         A        303        LEU         0.81776         0.36333          1.1272         0.22268          1.4115         0.29848               
         A        304        ALA         0.27213         0.04908         0.20573               0         0.34444         0.20573               
         A        305        ARG         0.12299         0.11222        0.046636        0.031979         0.36866       0.0061046               
         A        306        SER         0.65407         0.13673         0.66728          0.1631         0.83038         0.44687               
         A        307        ALA         0.74595         0.18301         0.97301               0         0.97301         0.50418               
         A        308        GLY           0.218           0.112               0               0         0.39378        0.085156               
         A        309        GLY         0.36546         0.12909               0               0         0.53456         0.23514               
         A        310        ALA         0.94764         0.19521          1.2341               0          1.2341         0.66947               
         A        311        LEU         0.69688         0.21303         0.77426         0.27095          1.2018         0.50418               
         A        312        SER         0.29809         0.14897         0.10088               0         0.48943         0.10088               
         A        313        ASP          1.0846         0.25447          1.1176         0.12711           1.532         0.65132               
         A        314        ARG          2.3372          1.1693          2.8385          1.1953          5.3301          1.2018               
         A        315        LEU          1.1234         0.21345           1.212         0.26579           1.532         0.80859               
         A        316        GLY          0.5796         0.20191               0               0          0.8527         0.34444               
         A        317        GLY         0.23604         0.11815               0               0         0.41983        0.092963               
         A        318        THR         0.38059         0.11308         0.46948         0.11614         0.63357         0.26601               
         A        319        ARG          2.0481          1.9432          2.9045          1.9783          6.9959         0.48943               
         A        320        VAL         0.19377         0.11199         0.13618        0.052923         0.43322         0.07746               
         A        321        THR        0.043797        0.047424        0.011161        0.015783         0.14227               0               
         A        322        LEU         0.27808         0.11224          0.2816         0.13246         0.48943         0.14227               
         A        323        VAL         0.72957          0.2578          1.0004         0.14021          1.1397         0.44687               
         A        324        ASN         0.13429         0.12505        0.087489        0.083474         0.35644               0               
         A        325        PHE        0.036133        0.050718       0.0037855       0.0092726         0.14227               0               
         A        326        ILE         0.57232         0.22952          0.7769         0.13697         0.97301         0.28747               
         A        327        LEU         0.50716         0.22389         0.65938         0.21858          1.0256         0.27665               
         A        328        MET        0.036513        0.064086               0               0         0.19623               0               
         A        329        ALA         0.18877        0.079743         0.20573               0         0.27665        0.055012               
         A        330        ILE         0.85462          0.3639          1.1776         0.22187          1.4905         0.39378               
         A        331        PHE          0.3346         0.17833         0.40329         0.16123         0.63357         0.06239               
         A        332        SER        0.086629        0.066066         0.02028         0.02028         0.19623               0               
         A        333        GLY          0.4898         0.14611               0               0         0.66947         0.27665               
         A        334        LEU         0.76136         0.31173          1.0041          0.2676          1.3373         0.43322               
         A        335        LEU         0.14347         0.12461        0.025221        0.043683         0.29848               0               
         A        336        PHE         0.55424         0.12585         0.51725         0.10621         0.76653         0.40668               
         A        337        LEU           1.339         0.64605          1.8725         0.51139          2.4528         0.70699               
         A        338        THR         0.30852         0.10236         0.21784        0.083296         0.44687         0.11707               
         A        339        LEU         0.28426         0.12807         0.20817        0.053601          0.5662         0.12535               
         A        340        PRO         0.46654         0.11605         0.39752         0.13154         0.58252         0.24526               
         A        341        THR          1.4846         0.37978          1.7072          0.3436           2.165         0.94772               
         A        342        ASP          2.5832         0.75848          2.8158         0.59575          3.7476          1.3738               
         A        343        GLY          2.5912         0.36676               0               0           3.106          2.1004               
         A        344        GLN          1.5018          0.3199          1.3838         0.30503          1.9216         0.99897               
         A        345        GLY          1.4766         0.20342               0               0          1.7622          1.2675               
         A        346        GLY         0.95872         0.18696               0               0          1.2341         0.76653               
         A        347        SER         0.78239         0.23778          1.0671        0.014062          1.0811         0.40668               
         A        348        PHE         0.41247         0.18085         0.31949         0.15219         0.68802        0.092963               
         A        349        MET          1.9178          1.2551          2.9279          1.0457          4.4258         0.72638               
         A        350        ALA         0.59202           0.244         0.78732               0         0.89902         0.26601               
         A        351        PHE        0.066858        0.089188       0.0068195        0.016704         0.27665               0               
         A        352        PHE         0.24247         0.10301         0.21418         0.11461         0.36866         0.04056               
         A        353        ALA         0.63554         0.20217         0.99897               0         0.99897         0.43322               
         A        354        VAL         0.18697        0.089255          0.1754        0.066397         0.33265         0.06239               
         A        355        PHE        0.054348        0.051998        0.026592        0.029828         0.15092               0               
         A        356        LEU          0.2839         0.17977         0.39887         0.19454         0.72638         0.14227               
         A        357        ALA         0.30118        0.096991         0.43322               0         0.43322         0.18689               
         A        358        LEU         0.02175        0.045855       0.0047291       0.0052904         0.14227               0               
         A        359        PHE               0               0               0               0               0               0               
         A        360        LEU         0.34421          0.2717         0.57729         0.19131          0.8527        0.033482               
         A        361        THR        0.049751        0.054983        0.032356        0.032882         0.14227               0               
         A        362        ALA               0               0               0               0               0               0               
         A        363        GLY        0.006406        0.006406               0               0        0.012812               0               
         A        364        LEU         0.14077         0.12693         0.24576        0.098094         0.35644       0.0061046               
         A        365        GLY               0               0               0               0               0               0               
         A        366        SER         0.02991        0.045149               0               0         0.11707               0               
         A        367        GLY        0.065493        0.036837               0               0         0.12535        0.026499               
         A        368        SER       0.0044164       0.0098754               0               0        0.026499               0               
         A        369        THR        0.025477        0.040767               0               0         0.10088               0               
         A        370        PHE         0.20829        0.056269         0.19509        0.043282         0.29848         0.14227               
         A        371        GLN         0.26471        0.065563         0.24349        0.075185         0.38111         0.15971               
         A        372        MET         0.16136        0.074445         0.09968        0.055311         0.25555        0.026499               
         A        373        ILE         0.12989        0.083681        0.060605        0.060675         0.24526               0               
         A        374        SER          0.3927        0.085223         0.47622        0.042997         0.51922         0.25555               
         A        375        VAL         0.53704        0.061268         0.56763        0.046926         0.61619         0.44687               
         A        376        ILE         0.46009        0.064793          0.4993        0.061813         0.58252         0.36866               
         A        377        PHE         0.25453        0.090398         0.28052         0.08479         0.43322        0.085156               
         A        378        ARG         0.59269         0.40419         0.78786         0.38667          1.4504         0.18689               
         A        379        LYS          1.1151         0.50041          1.4926         0.35153          2.0384         0.48943               
         A        380        LEU         0.68643         0.20824         0.84675         0.17536            1.11         0.41983               
         A        381        THR         0.13077        0.081205        0.090893        0.024559         0.29848        0.055012               
         A        382        MET         0.41237         0.12037         0.50687        0.064946         0.61619         0.19623               
         A        383        ASP           1.062         0.29614          1.2993         0.22986          1.6193         0.70699               
         A        384        ARG         0.87866         0.25408         0.99075         0.25156          1.3738          0.5662               
         A        385        VAL         0.36627         0.13685         0.24083        0.054032         0.61619         0.17769               
         A        386        LYS          1.1975         0.43205           1.366         0.41876          1.9789         0.50418               
         A        387        ALA          1.6653         0.31361          1.6653               0           2.165          1.2018               
         A        388        GLU           1.458         0.36174          1.1961         0.16791           2.165         0.92306               
         A        389        GLY           1.716         0.09295               0               0          1.8664          1.6193               
         A        390        GLY         0.90807        0.077263               0               0          1.0256         0.80859               
         A        391        SER         0.94739         0.35778          1.3761        0.074253          1.4504         0.40668               
         A        392        ASP          1.0613         0.40288          1.4141         0.23855          1.8134         0.51922               
         A        393        GLU          1.4767         0.72143          2.0021         0.51829           2.798         0.51922               
         A        394        ARG         0.66676         0.22968         0.78572         0.15641          1.0811         0.26601               
         A        395        ALA         0.13635        0.056085         0.11707               0         0.24526        0.085156               
         A        396        MET         0.49242         0.30666         0.73767          0.2559          1.1397         0.16863               
         A        397        ARG         0.68579         0.31955         0.86233         0.27047          1.3373         0.32106               
         A        398        GLU         0.42277         0.13252         0.49461         0.12928         0.70699         0.22518               
         A        399        ALA         0.12818        0.036141        0.085156               0         0.16863        0.085156               
         A        400        ALA           0.226        0.032216         0.19623               0         0.28747         0.19623               
         A        401        THR         0.65618         0.17165         0.76181         0.16644         0.97301         0.38111               
         A        402        ASP          0.5749         0.10355         0.54494         0.13165         0.76653         0.43322               
         A        403        THR          0.2733         0.10481         0.15385       0.0041416         0.39378         0.15092               
         A        404        ALA          0.3997        0.033207         0.40668               0         0.44687         0.35644               
         A        405        ALA         0.75333         0.14538          1.0256               0          1.0256         0.61619               
         A        406        ALA         0.61583         0.12518         0.58252               0         0.78732         0.41983               
         A        407        LEU         0.21214        0.099743          0.1856        0.034849         0.43322        0.085156               
         A        408        GLY         0.17197        0.062359               0               0         0.25555        0.085156               
         A        409        PHE         0.59238         0.20237         0.72131         0.12387         0.92306         0.27665               
         A        410        ILE        0.082429        0.057908         0.05243        0.030736         0.20573               0               
         A        411        SER        0.034777        0.034037        0.030559        0.024454        0.085156               0               
         A        412        ALA          0.1192        0.049599         0.20573               0         0.20573        0.069872               
         A        413        ILE         0.26244         0.15612         0.35094         0.17921         0.65132         0.14227               
         A        414        GLY        0.045257        0.031907               0               0        0.085156               0               
         A        415        ALA        0.013412        0.017017               0               0         0.04056               0               
         A        416        ILE         0.38721          0.2503         0.60072         0.17604         0.87558         0.07746               
         A        417        GLY        0.032825        0.031647               0               0         0.07746               0               
         A        418        GLY               0               0               0               0               0               0               
         A        419        PHE         0.30056         0.21961         0.42958         0.17119         0.68802         0.04056               
         A        420        PHE         0.55577         0.21435         0.66828         0.18144         0.92306         0.28747               
         A        421        ILE        0.042125         0.03995        0.021904        0.021487         0.10892               0               
         A        422        PRO       0.0018303       0.0044833               0               0        0.012812               0               
         A        423        LYS         0.30771         0.15812         0.42723         0.10072         0.53456        0.069872               
         A        424        ALA         0.19895        0.073093         0.27665               0         0.27665        0.085156               
         A        425        PHE         0.01187        0.024505      0.00087209       0.0021362        0.085156               0               
         A        426        GLY         0.19111        0.071067               0               0         0.28747         0.10088               
         A        427        SER         0.68631         0.27206          1.0229         0.14737          1.1703         0.35644               
         A        428        SER         0.37582         0.17172         0.22526       0.0098811         0.70699         0.21537               
         A        429        LEU         0.36524         0.23299         0.21204         0.04209         0.89902         0.14227               
         A        430        ALA          1.0138         0.37229         0.76653               0          1.5749         0.55022               
         A        431        LEU           1.921         0.44828          2.1785         0.43031          2.7054          1.2341               
         A        432        THR          1.3198         0.16726          1.2929         0.23527           1.532         0.97301               
         A        433        GLY          1.0071         0.17237               0               0          1.2341         0.80859               
         A        434        SER         0.53579         0.11699         0.61912        0.068899         0.68802         0.38111               
         A        435        PRO         0.16933        0.047355          0.1301        0.047758         0.21537        0.085156               
         A        436        VAL         0.49008         0.11461         0.63357               0         0.63357         0.28747               
         A        437        GLY         0.46018        0.064958               0               0         0.55022         0.36866               
         A        438        ALA         0.21487        0.041856         0.15971               0         0.27665         0.15971               
         A        439        MET         0.15272        0.067347         0.10737        0.052285         0.26601        0.033482               
         A        440        LYS          1.1475         0.63332          1.5976         0.50836           2.376         0.41983               
         A        441        VAL         0.65711         0.13353         0.78293        0.067111         0.83038         0.44687               
         A        442        PHE          0.1327        0.081777        0.085641        0.054022         0.29848       0.0061046               
         A        443        LEU         0.36351         0.12364         0.41056         0.14455         0.65132         0.24526               
         A        444        ILE         0.96162         0.32412           1.266         0.12393          1.4115         0.50418               
         A        445        PHE          0.3655         0.13725         0.34289         0.12604         0.63357         0.15971               
         A        446        TYR        0.060352        0.080118       0.0076396        0.018016         0.23514               0               
         A        447        ILE         0.66215         0.27534         0.88477         0.19778            1.11         0.26601               
         A        448        ALA         0.62594         0.10377         0.80859               0         0.80859         0.53456               
         A        449        CYS          0.1474        0.079537        0.098067        0.035677         0.30967         0.06239               
         A        450        VAL         0.28982         0.10486         0.30764         0.10844         0.43322         0.14227               
         A        451        VAL         0.85827         0.26355          1.1502        0.028419          1.1703         0.48943               
         A        452        ILE         0.56787         0.24832         0.67759         0.30487          1.1397         0.30967               
         A        453        THR         0.16104         0.12119        0.036811        0.028648         0.34444               0               
         A        454        TRP          1.6461         0.92466           2.015         0.83495          3.4683         0.38111               
         A        455        ALA          1.2654         0.16098          1.2341               0           1.532          1.0256               
         A        456        VAL          1.0634          0.1162          1.0496         0.10716          1.2675         0.89902               
         A        457        TYR          0.7289         0.29432         0.55758          0.1218          1.4115         0.40668               
         A        458        GLY           1.112         0.21794               0               0          1.4115         0.89902               
