pdb_id: 
analysis type: unbound
radii_file: F:\psiafrombintisolah\PSAIA-1.0\amac_data\chothia.radii
CX_sRadius: 9
CX_vAtom: 20.1

  chain id|    res id|  res name|     average CX|       s_avg CX|    s-ch avg CX|  s-ch s_avg CX|         max CX|         min CX|               
         A         21        HIS          3.7493          1.9131          5.0764          1.2436          6.5961          1.2675               
         A         22        THR         0.52741         0.21063         0.44311        0.089424         0.97301         0.34444               
         A         23        ARG          0.3155         0.19108         0.41243         0.16663         0.72638        0.055012               
         A         24        PRO         0.04046        0.053367        0.058102        0.055992         0.13374               0               
         A         25        VAL        0.028435        0.028724        0.017697        0.013736         0.07746               0               
         A         26        ILE        0.048891         0.04423         0.01014        0.017563         0.12535               0               
         A         27        LEU        0.058571        0.041988        0.044732        0.024765         0.13374               0               
         A         28        VAL       0.0057943        0.014193               0               0         0.04056               0               
         A         29        PRO      0.00087209       0.0021362               0               0       0.0061046               0               
         A         30        GLY         0.15194        0.059867               0               0         0.21537         0.06239               
         A         31        CYS         0.34131        0.061157         0.39425        0.025583         0.41983         0.25555               
         A         32        LEU         0.36868         0.21308         0.51953         0.21277         0.87558         0.21537               
         A         33        GLY        0.024267        0.031737               0               0         0.07746               0               
         A         34        ASN               0               0               0               0               0               0               
         A         35        GLN        0.046248        0.071521        0.083246        0.078279         0.20573               0               
         A         36        LEU        0.019378        0.035259       0.0066247        0.011474         0.10892               0               
         A         37        GLU         0.28817         0.18703          0.4232         0.14083         0.61619         0.06239               
         A         38        ALA         0.10907        0.043873         0.04056               0         0.15971         0.04056               
         A         39        LYS         0.39776          0.3575         0.61389         0.35326          1.2018         0.11707               
         A         40        LEU         0.17049          0.1021         0.11249        0.062226         0.36866        0.019609               
         A         41        ASP         0.78364         0.35369            1.02         0.33492           1.532         0.34444               
         A         42        LYS         0.29756         0.22567         0.11687        0.059943         0.70699        0.055012               
         A         43        PRO          1.3221         0.35381          1.2784         0.30283          1.9216          0.8527               
         A         44        ASP          1.3559         0.61974          1.9094         0.27961           2.165         0.39378               
         A         45        VAL         0.66556         0.23904          0.4888         0.11352          1.1397         0.33265               
         A         46        VAL         0.75363         0.19751         0.71612           0.201           1.053         0.51922               
         A         47        ASN         0.72399         0.11437         0.72536         0.12511         0.92306         0.58252               
         A         48        TRP           1.975         0.64555          2.3341         0.35979          2.8954         0.94772               
         A         49        MET         0.94851         0.21399          1.0609          0.2375          1.3738         0.66947               
         A         50        CYS         0.37159         0.10985         0.23064        0.024912         0.50418         0.20573               
         A         51        TYR           1.657          1.2214          2.2537          1.0772          4.4258         0.25555               
         A         52        ARG         0.91753         0.48107           1.151         0.46138          2.0384         0.46079               
         A         53        LYS          1.1513         0.59535          1.5276         0.55691          2.4528         0.55022               
         A         54        THR         0.59342         0.13096         0.46325        0.059344         0.78732         0.38111               
         A         55        GLU           1.861          0.6057           2.376         0.22522          2.7054          1.0256               
         A         56        ASP          1.5382         0.82371          2.2577         0.52374          2.8954         0.53456               
         A         57        PHE         0.59107         0.19949         0.56482         0.22271         0.92306         0.28747               
         A         58        PHE          0.4367         0.16214         0.43181         0.18538         0.74623         0.18689               
         A         59        THR          0.4154        0.098621         0.37967        0.095042         0.59918         0.24526               
         A         60        ILE        0.094717        0.063099        0.039848        0.031149         0.19623               0               
         A         61        TRP         0.17556         0.10168         0.21142        0.098292         0.41983         0.04056               
         A         62        LEU         0.22064         0.10771         0.28934         0.11233         0.41983         0.10088               
         A         63        ASP         0.50014         0.19462         0.65082         0.14192         0.78732         0.18689               
         A         64        LEU         0.85808         0.26504         0.76639         0.13321          1.3373         0.50418               
         A         65        ASN          1.5652          0.5106          2.0307         0.25145          2.3026         0.92306               
         A         66        MET         0.39162         0.15185         0.25394        0.065814         0.63357         0.15092               
         A         67        PHE          1.0185         0.19338         0.95775         0.11397          1.4504         0.80859               
         A         68        LEU          1.4864         0.38697          1.8072         0.23844           2.165          0.8527               
         A         69        PRO          1.7227         0.68255          2.3977         0.39787          2.8954         0.78732               
         A         70        LEU         0.80048            0.25         0.95198         0.17636          1.1397         0.36866               
         A         71        GLY         0.39987         0.14938               0               0         0.61619         0.21537               
         A         72        VAL         0.40743        0.091489         0.48016        0.024294         0.50418         0.23514               
         A         73        ASP         0.58706         0.25617         0.81476         0.13932         0.92306         0.26601               
         A         74        CYS         0.15964         0.04089         0.14738        0.030308         0.23514         0.11707               
         A         75        TRP          0.1205        0.094506        0.067084        0.044332         0.30967        0.033482               
         A         76        ILE         0.14713        0.025056         0.14923        0.023618         0.18689         0.10088               
         A         77        ASP         0.24017        0.081694         0.29251        0.082141         0.41983         0.14227               
         A         78        ASN        0.038609        0.050114        0.024492        0.035413         0.15092               0               
         A         79        THR        0.023041        0.018588        0.024264        0.008585        0.055012               0               
         A         80        ARG         0.30049         0.24244          0.4244         0.22335         0.78732        0.047737               
         A         81        VAL         0.15324         0.05192         0.11538        0.033831         0.24526        0.069872               
         A         82        VAL         0.61267         0.18302         0.80977        0.045847          0.8527         0.36866               
         A         83        TYR          0.3208         0.18325         0.19514        0.039155         0.63357         0.15092               
         A         84        ASN         0.99563         0.31181          1.2681         0.20754          1.6193         0.66947               
         A         85        ARG         0.96389         0.27123          1.0319         0.30571           1.532         0.63357               
         A         86        SER          2.3552         0.88718          3.4311         0.63301          4.0641          1.3018               
         A         87        SER          1.4795         0.15329          1.3378        0.035966          1.7129          1.3018               
         A         88        GLY         0.65113         0.15216               0               0         0.89902         0.48943               
         A         89        LEU         0.94947         0.34835          1.2281         0.29185          1.7129         0.61619               
         A         90        VAL         0.37784         0.18497         0.18194         0.03749         0.61619         0.13374               
         A         91        SER         0.71164         0.18377         0.89902               0         0.89902         0.43322               
         A         92        ASN         0.44301         0.09963         0.40142        0.041404         0.66947         0.33265               
         A         93        ALA         0.31558        0.042233         0.24526               0         0.36866         0.24526               
         A         94        PRO         0.70169         0.22131         0.88087         0.19494            1.11         0.43322               
         A         95        GLY         0.59218         0.14723               0               0         0.74623         0.40668               
         A         96        VAL         0.25942         0.14701         0.10391        0.019868         0.44687         0.07746               
         A         97        GLN         0.64191         0.36013         0.93035         0.18275          1.2341         0.10892               
         A         98        ILE         0.25704         0.17792         0.10986        0.074214          0.5662       0.0061046               
         A         99        ARG         0.70627         0.36026         0.91908         0.26908          1.3373         0.15092               
         A        100        VAL         0.29005         0.13759         0.15878        0.076007         0.51922        0.069872               
         A        101        PRO         0.27706        0.092758         0.27523         0.11172         0.43322         0.17769               
         A        102        GLY         0.34187        0.023145               0               0         0.38111         0.32106               
         A        103        PHE         0.36221         0.13823         0.30279         0.12473         0.61619         0.16863               
         A        104        GLY         0.24091          0.0303               0               0         0.28747         0.20573               
         A        105        LYS         0.57073         0.36738         0.85581         0.23255          1.2018         0.10088               
         A        106        THR        0.086972        0.074584        0.073598         0.06167         0.22518               0               
         A        107        TYR          0.5053         0.27337         0.66995         0.16655         0.94772        0.085156               
         A        108        SER        0.056587        0.052898        0.063691        0.037192         0.14227               0               
         A        109        VAL       0.0057943        0.014193               0               0         0.04056               0               
         A        110        GLU        0.083121        0.066202         0.12778        0.053363         0.22518               0               
         A        111        TYR         0.29679          0.2467         0.42514         0.20313         0.83038               0               
         A        112        LEU        0.057017        0.065404          0.1061        0.060895         0.20573               0               
         A        113        ASP         0.37905         0.16774         0.50515         0.10986         0.63357        0.092963               
         A        114        SER         0.99696         0.27663          1.1166         0.11759          1.3738         0.53456               
         A        115        SER          1.2252         0.22938          1.1257        0.044595          1.6193         0.87558               
         A        116        LYS         0.98486         0.19371         0.98293          0.2352          1.4115         0.78732               
         A        117        LEU          1.5125          0.4699          1.8828         0.38103          2.2324         0.99897               
         A        118        ALA         0.60345         0.20003         0.70699               0         0.80859         0.26601               
         A        119        GLY         0.42958        0.095031               0               0         0.53456         0.29848               
         A        120        TYR         0.16781        0.050594         0.14219        0.033571         0.26601        0.092963               
         A        121        LEU         0.04505        0.041121         0.01014        0.017563         0.11707               0               
         A        122        HIS         0.42414         0.24434         0.58791          0.1784         0.80859         0.13374               
         A        123        THR         0.33661        0.087979         0.42236        0.059687         0.48943         0.21537               
         A        124        LEU        0.089086          0.0476        0.070186        0.018207         0.19623        0.033482               
         A        125        VAL        0.068999        0.050097        0.015078       0.0032043         0.13374        0.012812               
         A        126        GLN         0.61318         0.25179         0.82049         0.11672         0.99897         0.24526               
         A        127        ASN         0.30687        0.074969         0.24069         0.02532         0.44687         0.21537               
         A        128        LEU         0.10535         0.11528       0.0062553       0.0045322         0.30967               0               
         A        129        VAL         0.48433         0.18658         0.45298         0.19132         0.72638         0.24526               
         A        130        ASN          1.2119         0.21274          1.2523        0.060209          1.5749         0.76653               
         A        131        ASN         0.72879         0.13061          0.6596        0.080281         0.92306          0.5662               
         A        132        GLY         0.77353        0.057261               0               0         0.83038         0.70699               
         A        133        TYR         0.18261         0.12647        0.097487        0.025342         0.41983        0.055012               
         A        134        VAL         0.65113         0.34034           1.012          0.1608          1.2018         0.24526               
         A        135        ARG         0.41532        0.096878         0.39375        0.070714         0.65132         0.27665               
         A        136        ASP          0.5514         0.12103         0.62571          0.1232         0.78732         0.39378               
         A        137        GLU         0.94081         0.63838          1.4247         0.43692          2.1004         0.16863               
         A        138        THR         0.19965        0.099203          0.2631        0.027178         0.28747         0.04056               
         A        139        VAL       0.0018303       0.0044833               0               0        0.012812               0               
         A        140        ARG         0.12919         0.14234         0.18834         0.14778         0.44687               0               
         A        141        ALA       0.0063637       0.0071634               0               0        0.019609               0               
         A        142        ALA       0.0050042       0.0047638               0               0        0.012812               0               
         A        143        PRO       0.0046316       0.0075452       0.0042707       0.0060396        0.019609               0               
         A        144        TYR      0.00050872       0.0016872               0               0       0.0061046               0               
         A        145        ASP          0.1592         0.05735         0.20481        0.041756         0.25555         0.07746               
         A        146        TRP        0.056418        0.030997        0.047314        0.017635         0.13374        0.019609               
         A        147        ARG         0.10373        0.027044        0.094643        0.024639         0.15092        0.055012               
         A        148        LEU         0.19336        0.071816         0.24558        0.060841         0.34444         0.10088               
         A        149        GLU         0.14743        0.062423         0.10447        0.020839         0.26601        0.085156               
         A        150        PRO         0.17731         0.08672         0.11262        0.033238         0.33265        0.069872               
         A        151        GLY          0.5376          0.1453               0               0         0.70699         0.30967               
         A        152        GLN          0.6039         0.13012         0.68494         0.11414         0.80859         0.44687               
         A        153        GLN         0.19468        0.085947         0.14476        0.029672         0.39378         0.10892               
         A        154        GLU         0.68024         0.16602         0.76062         0.18276          1.0256         0.50418               
         A        155        GLU          1.2752         0.57043          1.7266         0.33894          2.2324         0.59918               
         A        156        TYR         0.10006         0.12977        0.019796        0.027144         0.43322               0               
         A        157        TYR        0.085553        0.090915        0.030037        0.039221         0.27665               0               
         A        158        ARG          1.1994         0.68818          1.6419         0.45192          2.1004         0.35644               
         A        159        LYS         0.50052         0.16713         0.60783         0.11629         0.72638         0.23514               
         A        160        LEU        0.091443        0.088255       0.0083704        0.014498         0.20573               0               
         A        161        ALA          0.2967        0.056967         0.33265               0         0.34444         0.18689               
         A        162        GLY         0.53619         0.04963               0               0         0.59918         0.46079               
         A        163        LEU         0.19358        0.099869         0.12472        0.039975         0.39378         0.06239               
         A        164        VAL        0.043458        0.054847       0.0020349       0.0028777         0.15092               0               
         A        165        GLU         0.52906         0.21849         0.68853         0.16029         0.89902         0.23514               
         A        166        GLU          0.7774         0.19925         0.92677         0.12694           1.053         0.50418               
         A        167        MET         0.11846         0.10272          0.0205        0.025476         0.25555               0               
         A        168        HIS         0.42793         0.20083           0.484         0.20372         0.78732         0.13374               
         A        169        ALA          1.0564         0.35557          1.0811               0          1.5749         0.46079               
         A        170        ALA          1.1394         0.20446         0.99897               0           1.532         0.97301               
         A        171        TYR         0.61914         0.25901          0.4565         0.13558           1.053         0.25555               
         A        172        GLY          1.1927         0.12335               0               0          1.3738           1.053               
         A        173        LYS         0.67855         0.40232         0.92247           0.358          1.4115         0.15092               
         A        174        PRO          0.2119         0.13714         0.34305        0.058204         0.40668        0.026499               
         A        175        VAL        0.012381        0.015394               0               0         0.04056               0               
         A        176        PHE        0.018604        0.025355        0.009785        0.021579        0.069872               0               
         A        177        LEU        0.017004         0.02205               0               0        0.047737               0               
         A        178        ILE        0.055303        0.034521        0.051098        0.038655         0.10892               0               
         A        179        GLY         0.01851        0.018679               0               0         0.04056               0               
         A        180        HIS        0.090333        0.048254         0.10884        0.053831         0.18689        0.033482               
         A        181        SER         0.13508         0.08114         0.24119        0.035463         0.27665        0.047737               
         A        182        LEU        0.088761        0.052176        0.096864        0.045545         0.15092               0               
         A        183        GLY        0.011527        0.011782               0               0        0.026499               0               
         A        184        CYS               0               0               0               0               0               0               
         A        185        LEU        0.054928         0.06179        0.096514        0.062474         0.17769               0               
         A        186        HIS               0               0               0               0               0               0               
         A        187        LEU       0.0049138        0.009173               0               0        0.026499               0               
         A        188        LEU        0.034087        0.025188        0.037501        0.022544         0.07746       0.0061046               
         A        189        TYR         0.21577         0.16557         0.27051         0.17096         0.65132               0               
         A        190        PHE        0.050325        0.069143       0.0037855       0.0092726         0.20573               0               
         A        191        LEU        0.073435        0.076672        0.015598        0.027016         0.20573               0               
         A        192        LEU         0.35207           0.124         0.29577        0.061285         0.61619         0.21537               
         A        193        ARG          0.8123         0.23353         0.89771         0.22529          1.3018         0.43322               
         A        194        GLN         0.36661         0.15783         0.23431        0.062202         0.59918         0.14227               
         A        195        PRO         0.96169         0.28896          1.2048         0.16952          1.3738         0.44687               
         A        196        GLN         0.80031         0.27654          0.7957         0.35481          1.3018         0.41983               
         A        197        ALA          1.0326         0.26477          1.4504               0          1.4504         0.74623               
         A        198        TRP         0.28532         0.19269         0.21704         0.15646         0.68802        0.012812               
         A        199        LYS         0.18287        0.069766          0.1474         0.06236         0.30967         0.06239               
         A        200        ASP         0.81532         0.31504          1.0669          0.2521          1.4905         0.41983               
         A        201        ARG          1.0877         0.57902          1.4058         0.48409          2.0384         0.38111               
         A        202        PHE         0.24084         0.15858         0.30373         0.14922         0.55022       0.0061046               
         A        203        ILE        0.057516        0.066734               0               0         0.17769               0               
         A        204        ASP         0.22132        0.096417         0.29069        0.088093         0.41983         0.10892               
         A        205        GLY        0.050691        0.032148               0               0        0.085156               0               
         A        206        PHE        0.011125        0.019896               0               0         0.06239               0               
         A        207        ILE        0.017792        0.022167        0.013753        0.023821        0.055012               0               
         A        208        SER        0.011416        0.022905               0               0         0.06239               0               
         A        209        LEU        0.045989        0.042421        0.067883        0.040872         0.10892               0               
         A        210        GLY        0.003203       0.0055477               0               0        0.012812               0               
         A        211        ALA               0               0               0               0               0               0               
         A        212        PRO        0.068431        0.042488         0.11184        0.015491         0.13374               0               
         A        213        TRP        0.020547        0.026503        0.013182        0.026826        0.085156               0               
         A        214        GLY        0.039534        0.028255               0               0        0.085156        0.012812               
         A        215        GLY        0.054571           0.036               0               0         0.10088               0               
         A        216        SER        0.084032        0.040636         0.11551         0.05312         0.16863        0.047737               
         A        217        ILE        0.011947        0.021005               0               0        0.055012               0               
         A        218        LYS         0.46005         0.29572         0.63421         0.29117          1.1703         0.11707               
         A        219        PRO         0.23979        0.072667         0.28423        0.022212         0.30967         0.07746               
         A        220        MET        0.053842        0.058555       0.0015261       0.0026434         0.14227               0               
         A        221        LEU         0.18791        0.084965         0.22834         0.10082         0.38111        0.092963               
         A        222        VAL         0.25569        0.046108         0.28609        0.054004         0.35644         0.21537               
         A        223        LEU        0.057513         0.04175        0.032243        0.023266         0.15092       0.0061046               
         A        224        ALA        0.036057        0.033402               0               0        0.092963               0               
         A        225        SER         0.15016        0.097664         0.12004        0.057649         0.33265        0.033482               
         A        226        GLY         0.36493         0.17839               0               0         0.59918         0.13374               
         A        227        ASP          0.9427         0.23447          1.0021         0.17474          1.2018         0.47497               
         A        228        ASN          1.5866          0.2937          1.8578         0.11798          2.0384          1.2018               
         A        229        GLN         0.64222         0.19321         0.70255         0.18027         0.99897         0.35644               
         A        230        GLY         0.44168        0.048998               0               0         0.50418         0.39378               
         A        231        ILE         0.61425         0.10472         0.69248         0.08666         0.78732         0.46079               
         A        232        PRO         0.52434         0.19812         0.71114        0.085582         0.83038         0.23514               
         A        233        ILE         0.30737        0.096481         0.35348        0.062695         0.39378         0.14227               
         A        234        MET         0.19633        0.084309         0.12499        0.044018         0.33265         0.06239               
         A        235        SER         0.61547         0.17109          0.6727        0.073525          0.8527         0.32106               
         A        243        GLN          1.2379         0.37046          1.0089         0.19686          1.9789         0.68802               
         A        244        ARG         0.50849          0.3053         0.34413         0.23985          1.0256        0.085156               
         A        245        ILE         0.47255           0.123          0.5109         0.06797         0.68802         0.32106               
         A        246        THR         0.17317        0.062007         0.16895        0.019236         0.28747        0.069872               
         A        247        THR         0.12127        0.044957         0.08129         0.03757         0.17769        0.047737               
         A        248        THR         0.19774         0.01359         0.19341        0.019188         0.21537         0.16863               
         A        249        SER         0.15568        0.046371         0.13142        0.046266         0.23514        0.085156               
         A        250        PRO        0.077428        0.058519        0.022608        0.023503         0.16863               0               
         A        251        TRP         0.13649        0.061389         0.13372        0.068651         0.23514        0.033482               
         A        252        MET         0.20014        0.043748         0.22918        0.043341         0.28747         0.15092               
         A        253        PHE        0.042184        0.039526        0.021433        0.025338         0.11707               0               
         A        254        PRO        0.043894        0.034391        0.023291        0.032938        0.092963               0               
         A        255        SER         0.16034        0.049105         0.16974        0.035992         0.22518         0.07746               
         A        256        ARG         0.97078         0.31785          1.1147         0.25046          1.4905         0.38111               
         A        257        MET         0.63281        0.099155         0.70163        0.085327         0.83038         0.51922               
         A        258        ALA         0.38935         0.11755         0.17769               0         0.51922         0.17769               
         A        259        TRP         0.13167         0.15519        0.037451        0.041696         0.44687               0               
         A        260        PRO         0.73091         0.28436            1.02         0.15386          1.1703         0.32106               
         A        261        GLU         0.69091          0.2109         0.81453         0.20834          1.1703         0.47497               
         A        262        ASP          1.3197         0.60249          1.8493          0.3999          2.5331         0.72638               
         A        263        HIS         0.31115          0.1335         0.28462        0.087964         0.61619         0.15971               
         A        264        VAL         0.30493         0.15913         0.44335         0.14666         0.63357         0.14227               
         A        265        PHE       0.0089061        0.024389               0               0        0.085156               0               
         A        266        ILE        0.017468        0.030255               0               0        0.069872               0               
         A        267        SER         0.24647         0.15017          0.4395        0.095061         0.53456        0.092963               
         A        268        THR         0.33012         0.16021         0.22158         0.10629         0.61619        0.085156               
         A        269        PRO          1.1681          0.5043         0.95039         0.31479           2.165          0.5662               
         A        270        SER          1.3026         0.23222           1.379         0.11152          1.6653         0.92306               
         A        271        PHE         0.64019         0.20347         0.61565         0.19428         0.94772         0.34444               
         A        272        ASN         0.58133         0.28138         0.76379         0.25676          1.2018         0.23514               
         A        273        TYR         0.04302        0.043211        0.043901        0.049286         0.14227               0               
         A        274        THR         0.19733         0.13413         0.34005        0.067225         0.39378         0.04056               
         A        275        GLY         0.16738        0.079964               0               0         0.26601         0.07746               
         A        276        ARG          1.0321          0.4085          1.3008         0.23867          1.7622         0.40668               
         A        277        ASP         0.29839         0.14684         0.37489         0.15325         0.63357         0.11707               
         A        278        PHE        0.040134        0.045771        0.016372         0.02118         0.11707               0               
         A        279        GLN         0.59504         0.39972          0.8928          0.2966          1.2341         0.20573               
         A        280        ARG         0.71007         0.44869         0.96417         0.37062          1.5749         0.19623               
         A        281        PHE        0.020317        0.041669               0               0         0.14227               0               
         A        282        PHE        0.028707        0.044963               0               0         0.12535               0               
         A        283        ALA         0.39347         0.11368         0.44687               0         0.53456         0.19623               
         A        284        ASP         0.47075         0.11269         0.54202         0.10843         0.70699         0.32106               
         A        285        LEU         0.13182        0.097249        0.042509        0.043871         0.25555               0               
         A        286        HIS         0.83244         0.33255          1.0808         0.16569          1.3018         0.40668               
         A        287        PHE        0.076063        0.079044        0.045914        0.033865         0.26601               0               
         A        288        GLU         0.47204         0.35216         0.71092         0.30752          1.0811         0.14227               
         A        289        GLU         0.34372          0.1791         0.46347         0.15202         0.66947         0.11707               
         A        290        GLY        0.027608        0.029489               0               0        0.069872               0               
         A        291        TRP          0.2495         0.21633         0.34114          0.1895         0.66947               0               
         A        292        TYR         0.52127         0.38851         0.70873         0.34624          1.4115        0.085156               
         A        293        MET        0.040207        0.049272        0.018655        0.022465         0.15971               0               
         A        294        TRP        0.066794        0.049185        0.062819        0.044775         0.14227               0               
         A        295        LEU         0.52545         0.16193         0.60955         0.13366         0.83038         0.22518               
         A        296        GLN         0.47953        0.096143         0.45812        0.066751         0.65132         0.33265               
         A        297        SER         0.22935        0.071637         0.14233        0.008589         0.33265         0.13374               
         A        298        ARG         0.62476         0.36515         0.79833         0.35292          1.2018         0.22518               
         A        299        ASP          1.1189          0.3149          1.2885         0.28945          1.6653          0.5662               
         A        300        LEU         0.51113         0.12542         0.40838         0.08399         0.70699         0.29848               
         A        301        LEU         0.34284         0.21484         0.14857        0.082423         0.68802        0.012812               
         A        302        ALA          1.2006         0.16075          1.2341               0          1.4504          1.0256               
         A        303        GLY          1.0061         0.11954               0               0          1.1397         0.87558               
         A        304        LEU         0.32152         0.18046          0.1808        0.082544         0.68802         0.11707               
         A        305        PRO         0.58285         0.22935         0.78311        0.069606          0.8527         0.16863               
         A        306        ALA         0.28284        0.072474         0.19623               0         0.38111         0.19623               
         A        307        PRO        0.063549        0.046673        0.020797        0.029411         0.14227               0               
         A        308        GLY         0.16976        0.036232               0               0         0.21537         0.11707               
         A        309        VAL          0.0415        0.029948        0.013195        0.014559        0.085156               0               
         A        310        GLU         0.16882         0.10221         0.24946        0.052047         0.33265               0               
         A        311        VAL        0.010657        0.021287               0               0         0.06239               0               
         A        312        TYR        0.014338         0.02536        0.014631        0.026091         0.07746               0               
         A        313        CYS       0.0088329        0.012492               0               0        0.026499               0               
         A        314        LEU         0.01577        0.014981       0.0098965        0.013843        0.033482               0               
         A        315        TYR        0.095815         0.13406         0.14041         0.14466         0.43322               0               
         A        316        GLY               0               0               0               0               0               0               
         A        317        VAL         0.27374          0.1268         0.32531         0.12885         0.50418         0.10892               
         A        318        GLY         0.74826          0.1947               0               0          1.0256         0.47497               
         A        319        LEU         0.44162         0.13595         0.50764         0.15246         0.74623         0.25555               
         A        320        PRO          0.6974         0.25326          0.9644         0.12963          1.1397         0.40668               
         A        321        THR         0.11165        0.094156         0.04954        0.041205         0.32106               0               
         A        322        PRO        0.091251        0.072779         0.16095        0.038481         0.21537               0               
         A        323        ARG         0.52766         0.54231         0.80273         0.50385          1.6193        0.026499               
         A        324        THR          0.1324        0.050609         0.17513        0.023548         0.19623         0.06239               
         A        325        TYR        0.068381        0.061398        0.064953         0.06888         0.19623               0               
         A        326        ILE         0.41175         0.15826         0.54306         0.11903         0.74623         0.24526               
         A        327        TYR        0.087691         0.10552        0.019589        0.024278         0.28747               0               
         A        328        ASP         0.65167         0.18019         0.79742        0.094786         0.94772         0.34444               
         A        329        HIS          2.0186         0.89799          2.7191         0.32687            3.22          0.8527               
         A        330        GLY         0.81386         0.09779               0               0         0.92306         0.70699               
         A        331        PHE         0.17946         0.19441        0.038156        0.040001         0.51922               0               
         A        332        PRO         0.37472        0.092393         0.38567         0.11157         0.53456         0.26601               
         A        333        TYR          1.3068         0.48425          1.6257         0.20782          1.9216          0.5662               
         A        334        THR         0.50442         0.17803         0.65558          0.1659         0.87558         0.27665               
         A        335        ASP         0.64177         0.22789         0.79908         0.22574          1.1397         0.40668               
         A        336        PRO         0.49455         0.23132         0.33661        0.073363         0.92306         0.25555               
         A        337        VAL          1.0864         0.31435         0.94292        0.082966          1.7622         0.72638               
         A        338        GLY         0.74872         0.21634               0               0         0.97301         0.47497               
         A        339        VAL         0.65299         0.12516         0.55896        0.072478          0.8527         0.46079               
         A        340        LEU         0.74197          0.2901         0.93447         0.28905          1.3738         0.39378               
         A        341        TYR         0.81547         0.20856         0.88357         0.22554          1.3373         0.63357               
         A        342        GLU         0.26633         0.10662         0.22337         0.11987         0.39378        0.047737               
         A        343        ASP         0.43698         0.17773         0.57399        0.078552         0.70699         0.11707               
         A        344        GLY         0.10498        0.069658               0               0         0.22518        0.055012               
         A        345        ASP        0.037445        0.048438        0.011354       0.0098483         0.14227               0               
         A        346        ASP         0.30396         0.13413         0.42068         0.07518         0.48943         0.10088               
         A        347        THR          0.3132         0.15167         0.47117        0.092982         0.59918         0.15971               
         A        348        VAL        0.014765         0.02529        0.023291        0.032938        0.069872               0               
         A        349        ALA               0               0               0               0               0               0               
         A        350        THR         0.22403         0.10557         0.31624        0.092017         0.41983        0.085156               
         A        351        ARG          0.4134         0.19719          0.4974         0.19858          0.8527         0.17769               
         A        352        SER        0.056061        0.033219        0.016211       0.0033987        0.092963        0.012812               
         A        353        THR        0.020559        0.025883               0               0        0.069872               0               
         A        354        GLU         0.44536         0.23366         0.61608         0.16895         0.89902         0.12535               
         A        355        LEU         0.18588        0.068682         0.19811        0.092284         0.35644         0.12535               
         A        356        CYS         0.05619        0.048499               0               0         0.13374               0               
         A        357        GLY         0.51576         0.15199               0               0         0.72638         0.30967               
         A        358        LEU         0.63881         0.14435         0.72913           0.148         0.94772         0.47497               
         A        359        TRP          0.1202         0.12679        0.044355        0.047921         0.32106               0               
         A        360        GLN          0.8952         0.28031         0.97627         0.21646          1.3018         0.43322               
         A        361        GLY          1.3141         0.37427               0               0          1.9216         0.89902               
         A        362        ARG          1.4281         0.74577           1.789         0.71531            3.22         0.70699               
         A        363        GLN         0.48388         0.25573         0.26722        0.085169          0.8527         0.18689               
         A        364        PRO          1.3937         0.24737          1.5448         0.25518          1.8134          1.0256               
         A        365        GLN         0.55638        0.082934         0.54951        0.062986         0.66947         0.41983               
         A        366        PRO         0.53276         0.20152         0.70996         0.07082         0.78732         0.20573               
         A        367        VAL         0.18656         0.11801        0.070608         0.02794         0.38111        0.033482               
         A        368        HIS         0.38928         0.15137          0.4847         0.10321         0.61619         0.11707               
         A        369        LEU         0.39218         0.10198         0.36991         0.11464         0.55022         0.17769               
         A        370        LEU         0.32797         0.13667         0.30919         0.16225          0.5662         0.11707               
         A        371        PRO         0.55168         0.12915         0.67372        0.085094         0.78732         0.38111               
         A        372        LEU         0.18361          0.1223        0.067594        0.039241         0.33265       0.0061046               
         A        373        HIS          1.2021          0.3444          1.4449         0.18779          1.7129         0.59918               
         A        374        GLY         0.65173         0.12381               0               0         0.80859         0.48943               
         A        375        ILE         0.22663           0.115         0.24603         0.14547         0.47497         0.10088               
         A        376        GLN         0.73358         0.50835          1.0948         0.41067           1.532         0.23514               
         A        377        HIS         0.27904        0.066592         0.28638        0.074412         0.39378         0.18689               
         A        378        LEU         0.99208          0.4155          1.3171         0.36129          1.9216          0.5662               
         A        379        ASN         0.83897         0.33117          1.1351         0.19236          1.3373         0.46079               
         A        380        MET        0.099328        0.097587        0.015042        0.016767         0.29848               0               
         A        381        VAL         0.16796        0.072852         0.18079        0.086518         0.29848        0.069872               
         A        382        PHE         0.58302         0.13779         0.65785        0.046837         0.70699         0.23514               
         A        383        SER         0.42387        0.050756          0.3939        0.012788         0.48943         0.34444               
         A        384        ASN          1.3742         0.70486          1.9547         0.55517          2.8954         0.66947               
         A        385        LEU         0.60765         0.14331         0.66454         0.12478         0.87558         0.39378               
         A        386        THR         0.14667        0.082735        0.074966       0.0072049         0.30967        0.069872               
         A        387        LEU         0.22149        0.065016         0.20946        0.083964         0.28747         0.07746               
         A        388        GLU         0.95241         0.40145          1.2639          0.2558          1.5749         0.47497               
         A        389        HIS         0.36104         0.12828         0.39498         0.12849         0.59918         0.20573               
         A        390        ILE         0.10858        0.071461        0.060101          0.0583         0.23514               0               
         A        391        ASN         0.36702         0.11997         0.31262        0.085123         0.55022         0.17769               
         A        392        ALA         0.56145        0.088202         0.66947               0         0.66947         0.48943               
         A        393        ILE         0.10247         0.10815       0.0015261       0.0026434         0.28747               0               
         A        394        LEU         0.13699         0.12493         0.02723        0.047163         0.32106               0               
         A        395        LEU         0.89496         0.43303          1.2299         0.36968          1.8664         0.35644               
         A        396        GLY         0.87878         0.13182               0               0          1.0811         0.72638               
         A        397        ALA          1.0478          0.3157         0.74623               0          1.6193         0.74623               
         A        398        TYR         0.78729          0.2903         0.61147         0.13756          1.3018         0.38111               
         A        399        ARG          1.3921          1.0687         0.68869         0.36638          3.6037         0.19623               
