pdb_id: 
analysis type: unbound
radii_file: F:\psiafrombintisolah\PSAIA-1.0\amac_data\chothia.radii
CX_sRadius: 9
CX_vAtom: 20.1

  chain id|    res id|  res name|     average CX|       s_avg CX|    s-ch avg CX|  s-ch s_avg CX|         max CX|         min CX|               
         A        219        GLY          4.3765         0.99185               0               0          5.6053            3.22               
         A        220        SER          2.2544         0.43516          2.7054               0          2.7054          1.5749               
         A        221        HIS          1.2356           0.138          1.1397               0          1.4905            1.11               
         A        222        HIS          2.6904         0.48153          3.0052         0.31207          3.3406          1.8664               
         A        223        HIS          2.2225         0.48707          2.5452         0.36475          2.9979          1.6653               
         A        224        HIS          1.4975         0.51015          1.1221         0.19098           2.376         0.87558               
         A        225        HIS          2.5541         0.39921          2.5935         0.45906            3.22          1.9789               
         A        226        HIS          2.6467         0.17017               0               0          2.8954          2.4528               
         A        227        GLY          2.9478          0.4585               0               0          3.6037           2.376               
         A        228        SER          2.5296         0.78068          2.8967         0.44393          3.6037          1.4504               
         A        229        GLY          1.3838         0.21877               0               0          1.7129          1.1703               
         A        230        THR          1.0413         0.38576          1.3294         0.35474          1.8134         0.47497               
         A        231        ASP         0.76958         0.16727         0.65969         0.11483          1.0811         0.47497               
         A        232        ILE         0.26445         0.13113         0.17063         0.10092         0.47497         0.06239               
         A        233        THR         0.38031        0.062015         0.38416        0.065818         0.47497         0.28747               
         A        234        ASN          1.3598         0.45291          1.6379         0.46076           2.376         0.76653               
         A        235        GLN          0.9089         0.16298         0.99086        0.067867          1.0811         0.61619               
         A        236        LEU         0.34974         0.14104           0.174         0.03173         0.53456         0.14227               
         A        237        THR         0.86925         0.24126          1.2341               0          1.2341         0.59918               
         A        238        ASN          1.5197         0.50749          1.8424         0.51496          2.7054         0.94772               
         A        239        VAL         0.57751         0.25616         0.32006        0.061877         0.94772         0.26601               
         A        240        THR         0.91083         0.46777          1.3688         0.32948          1.8134         0.33265               
         A        241        VAL         0.38402         0.15524         0.22983        0.040577         0.63357         0.17769               
         A        242        GLY         0.39545         0.12361               0               0         0.53456         0.22518               
         A        243        ILE         0.33051         0.17336         0.18531        0.029355         0.65132         0.14227               
         A        244        ASP         0.97682         0.32568          1.2507          0.1867          1.4504         0.53456               
         A        245        SER         0.69858         0.28232          0.3939        0.012788          1.1703         0.38111               
         A        246        GLY         0.98444         0.15129               0               0          1.2018         0.78732               
         A        247        THR          1.4496         0.61153          2.0319         0.41822          2.6172         0.65132               
         A        248        THR         0.79182         0.20425         0.88888         0.19962          1.1397         0.53456               
         A        249        VAL         0.16825         0.11256         0.11268        0.034599         0.40668         0.06239               
         A        250        TYR         0.59259         0.31717         0.74571          0.2791          1.3373         0.16863               
         A        251        PRO         0.16091         0.10785        0.051217        0.033226         0.30967       0.0061046               
         A        252        HIS         0.24561         0.15819         0.12931        0.036213          0.5662         0.06239               
         A        253        GLN          1.2309          0.3874           1.419         0.41927          2.2324         0.76653               
         A        254        ALA         0.75657         0.10658         0.92306               0         0.92306         0.63357               
         A        255        GLY         0.49401         0.11081               0               0         0.63357         0.35644               
         A        256        TYR           0.465         0.21627         0.56207         0.19689         0.94772         0.18689               
         A        257        VAL         0.13798        0.059005        0.091901        0.041735         0.24526         0.06239               
         A        258        LYS         0.52937         0.36103         0.74812         0.35575          1.3738         0.22518               
         A        259        LEU         0.10459        0.096943        0.011934        0.020671         0.23514               0               
         A        260        ASN         0.41402          0.1765         0.55397         0.13972         0.78732         0.20573               
         A        261        TYR         0.10479         0.12582        0.022962        0.024504         0.34444               0               
         A        262        GLY         0.35445        0.037049               0               0         0.39378         0.29848               
         A        263        PHE         0.17919         0.13663        0.084435        0.064951         0.36866        0.019609               
         A        264        SER         0.63539         0.19067         0.86583        0.057234         0.92306         0.36866               
         A        265        VAL         0.25499          0.1258         0.13326        0.050649         0.44687         0.06239               
         A        266        PRO         0.53192         0.12985         0.57288         0.16661         0.78732         0.38111               
         A        267        ASN          1.0544         0.11191          1.2018               0          1.2018         0.92306               
         A        268        SER           1.335         0.35949          1.7991         0.17976          1.9789         0.94772               
         A        269        ALA         0.35763         0.10727         0.19623               0         0.53456         0.19623               
         A        270        VAL         0.63728         0.30999         0.95805         0.19704          1.2341         0.29848               
         A        271        LYS         0.65407         0.10563          0.8527               0          0.8527         0.55022               
         A        272        GLY         0.49162        0.056876               0               0          0.5662         0.40668               
         A        273        ASP         0.32134          0.1089         0.37043         0.10397         0.51922         0.15971               
         A        274        THR         0.28247        0.073273         0.34163        0.039422         0.39378         0.15092               
         A        275        PHE        0.040237        0.047105       0.0074854        0.011528         0.13374               0               
         A        276        LYS         0.45378         0.36842          0.6696          0.3713          1.3373         0.12535               
         A        277        ILE        0.091939        0.071861        0.027532        0.028015         0.21537               0               
         A        278        THR         0.35463          0.1102          0.4687        0.069789          0.5662         0.23514               
         A        279        VAL         0.24959          0.1034         0.13728        0.028575         0.38111         0.11707               
         A        280        PRO         0.36987         0.10716         0.35979         0.12727         0.53456         0.23514               
         A        281        LYS          1.4653          1.0663          2.1765         0.94924          3.7476         0.44687               
         A        282        GLU         0.46906         0.21845         0.60552         0.19535         0.92306         0.19623               
         A        283        LEU         0.13739        0.093789        0.051059        0.037922         0.27665               0               
         A        284        ASN         0.29825        0.069584         0.35088        0.025232         0.39378         0.15092               
         A        285        LEU         0.20444        0.091152         0.13604        0.072557         0.34444         0.06239               
         A        286        ASN         0.44102        0.091875         0.49785        0.040744          0.5662         0.27665               
         A        287        GLY         0.26553        0.051859               0               0         0.32106         0.19623               
         A        288        VAL         0.27162        0.036591         0.28489        0.036369         0.32106         0.20573               
         A        289        THR         0.40401        0.081084         0.40724        0.027819         0.51922         0.27665               
         A        290        SER         0.62817         0.12386         0.51983        0.030397         0.83038         0.48943               
         A        291        THR         0.80751        0.076493          0.8527               0         0.92306         0.70699               
         A        292        ALA         0.87012        0.082299         0.72638               0         0.94772         0.72638               
         A        293        LYS          0.9329         0.34747           1.532               0           1.532         0.55022               
         A        294        VAL         0.45866         0.13255         0.35731        0.083199         0.66947         0.29848               
         A        295        PRO         0.37876        0.064399         0.34659        0.053539         0.47497         0.27665               
         A        296        PRO         0.58756         0.15184         0.75361        0.034043         0.78732         0.40668               
         A        297        ILE         0.17619         0.12283        0.063559        0.055431         0.34444               0               
         A        298        MET         0.94924         0.35489          1.2393         0.26725          1.6653         0.47497               
         A        302        GLN           2.091          0.7681          2.4182          0.3798           3.106          1.0256               
         A        303        VAL         0.88499         0.26938          1.0337         0.27466          1.4115          0.5662               
         A        304        LEU         0.18705         0.10096         0.10111        0.015958         0.39378        0.085156               
         A        305        ALA         0.22802        0.075489         0.10088               0         0.32106         0.10088               
         A        306        ASN         0.53563         0.26778         0.78024         0.12559         0.97301         0.16863               
         A        307        GLY         0.38249         0.07708               0               0         0.46079         0.25555               
         A        308        VAL         0.41299        0.060569         0.46661        0.040784         0.51922         0.32106               
         A        309        ILE         0.48821        0.097135         0.41021        0.019246         0.66947         0.38111               
         A        310        ASP         0.95182         0.25836         0.80531         0.11615          1.4115         0.65132               
         A        311        SER          2.5887          0.5192           3.163        0.057028            3.22          1.6653               
         A        312        ASP          1.8726         0.73454          2.3465         0.66967            3.22         0.99897               
         A        313        GLY         0.50693         0.21235               0               0         0.83038         0.26601               
         A        314        ASN         0.47267         0.14865          0.5805         0.13292         0.80859         0.30967               
         A        315        VAL        0.097813        0.053098        0.053711        0.034236         0.16863       0.0061046               
         A        316        ILE         0.23405        0.042253         0.26939        0.030435         0.30967         0.17769               
         A        317        TYR        0.072947        0.062321        0.037703        0.038062         0.17769               0               
         A        318        THR         0.27248         0.02267         0.28772        0.017823         0.30967         0.23514               
         A        319        PHE        0.078063         0.10066        0.010743        0.021543         0.29848               0               
         A        320        THR         0.42847        0.088518         0.47497               0         0.50418         0.25555               
         A        321        ASP           1.282          0.6978          1.8091          0.6418          2.8954         0.63357               
         A        322        TYR         0.53107         0.13061          0.4956         0.12783         0.70699         0.28747               
         A        323        VAL          0.2573         0.12998         0.12053        0.028459         0.40668        0.092963               
         A        324        ASN          1.0987         0.30134          1.2645         0.27333          1.7129         0.59918               
         A        325        THR          1.1974          0.2191          1.5749               0          1.5749         0.92306               
         A        326        LYS         0.60142        0.093074         0.63357               0         0.70699         0.44687               
         A        327        CYS         0.85459         0.24038          1.1774         0.12442          1.3018         0.65132               
         A        328        ASP         0.92176          0.1928          1.2675               0          1.2675         0.70699               
         A        329        VAL         0.38102          0.1007         0.22518               0         0.53456         0.22518               
         A        330        LYS            0.54         0.09517         0.72638               0         0.72638         0.46079               
         A        331        ALA          0.3446        0.095081         0.16863               0         0.43322         0.16863               
         A        332        THR         0.56068         0.21534         0.77671        0.076908         0.87558         0.23514               
         A        333        LEU         0.15909        0.095981        0.071957        0.044873         0.29848               0               
         A        334        THR         0.36631         0.10709         0.46473        0.076613          0.5662         0.21537               
         A        335        MET        0.082596        0.067639         0.06186        0.056839         0.21537               0               
         A        336        PRO          0.1798        0.062926         0.22663        0.041882         0.26601        0.069872               
         A        337        ALA         0.14629        0.025555         0.10088               0         0.17769         0.10088               
         A        338        TYR         0.13802        0.040972         0.15528        0.035951         0.23514         0.06239               
         A        339        ILE        0.041581        0.042501        0.003203       0.0055477         0.11707               0               
         A        340        ASP         0.31212         0.11214         0.41542         0.05448         0.44687         0.16863               
         A        341        PRO         0.17011         0.08087         0.11503        0.027447         0.30967         0.07746               
         A        342        GLU          1.0327         0.49969          1.3954         0.38405          1.9216         0.43322               
         A        343        ASN         0.67939         0.18673         0.81303         0.16963          1.0811         0.46079               
         A        344        VAL         0.13988        0.077961         0.10434        0.029657         0.30967        0.069872               
         A        345        LYS         0.43692         0.17924         0.56971         0.12566         0.72638         0.20573               
         A        346        LYS          1.0582         0.61578           1.515         0.45474          2.2324         0.39378               
         A        347        THR         0.59728         0.12519         0.57389         0.13957         0.78732         0.38111               
         A        348        GLY         0.64803         0.17075               0               0          0.8527         0.38111               
         A        349        ASN          1.2386         0.39749          1.5307         0.36775          2.1004          0.8527               
         A        350        VAL         0.48032         0.18005         0.29493         0.01371         0.72638         0.27665               
         A        351        THR         0.93304         0.24657          1.1957         0.10085          1.3373         0.61619               
         A        352        LEU         0.21084         0.16135         0.05966        0.053823         0.43322               0               
         A        353        ALA         0.38868         0.10765         0.59918               0         0.59918         0.29848               
         A        354        THR         0.15558        0.062856        0.096605          0.0336         0.26601         0.06239               
         A        355        GLY         0.19724        0.034864               0               0         0.24526         0.15971               
         A        356        ILE         0.13206         0.10562         0.03251        0.025904         0.28747               0               
         A        357        GLY         0.79531         0.26113               0               0            1.11         0.44687               
         A        358        SER          1.9138         0.43094          2.3827         0.15034          2.5331          1.2675               
         A        359        THR         0.88061         0.18151         0.87693        0.050873          1.1703         0.55022               
         A        360        THR         0.86203          0.1298          0.9437        0.090926           1.053         0.63357               
         A        361        ALA         0.61778         0.11573         0.50418               0         0.74623         0.46079               
         A        362        ASN          1.1784          0.3882          1.5031         0.29792          1.9789         0.78732               
         A        363        LYS          0.7263         0.24668         0.78897         0.30627          1.3373         0.48943               
         A        364        THR         0.87101         0.26461          1.1525         0.07502          1.2341         0.53456               
         A        365        VAL         0.34142        0.084731         0.24532       0.0083347         0.43322         0.23514               
         A        366        LEU         0.53108         0.23836         0.74119         0.13373         0.94772         0.23514               
         A        367        VAL         0.11183        0.065607        0.041628        0.030054         0.19623               0               
         A        368        ASP         0.41355         0.26008         0.64216         0.17412         0.92306         0.15971               
         A        369        TYR        0.084617        0.080098        0.040504        0.051355         0.22518               0               
         A        370        GLU         0.74273         0.25053          0.8719         0.24016          1.3018         0.34444               
         A        371        LYS          1.0005         0.34086          1.6653               0          1.6653         0.72638               
         A        372        TYR         0.56134         0.22233         0.58651         0.25908            1.11         0.28747               
         A        373        GLY         0.35532          0.1336               0               0         0.51922         0.15092               
         A        374        LYS         0.61919         0.15636          0.6317         0.12229         0.89902         0.40668               
         A        375        PHE         0.92043         0.42344          1.1544          0.3504          1.6653         0.30967               
         A        376        TYR           1.187         0.77348          1.4434         0.83221            3.22         0.48943               
         A        377        ASN         0.13193          0.1004         0.11915        0.085047         0.27665        0.026499               
         A        378        LEU          0.0118        0.018865       0.0015261       0.0026434        0.047737               0               
         A        379        SER        0.046045        0.042823         0.10111        0.015958         0.11707               0               
         A        380        ILE       0.0066715        0.013478        0.003203       0.0055477         0.04056               0               
         A        381        LYS        0.086337        0.055657         0.12964        0.032773         0.16863               0               
         A        382        GLY        0.085744        0.025406               0               0         0.12535        0.055012               
         A        383        THR         0.12386        0.031599         0.12039        0.025156         0.17769         0.07746               
         A        384        ILE         0.15215        0.038037         0.14446       0.0071265         0.22518         0.10088               
         A        385        ASP          0.2654         0.04982         0.27421         0.01729         0.33265         0.16863               
         A        386        GLN         0.53017         0.28845         0.72207         0.24746          1.1397         0.17769               
         A        387        ILE         0.16296        0.050943         0.12568        0.019207         0.27665        0.092963               
         A        388        ASP         0.59277         0.23916         0.78526         0.17821         0.94772         0.24526               
         A        389        LYS         0.84125           0.296         0.90869         0.35409          1.4504         0.41983               
         A        390        THR           1.735         0.43018          2.0767         0.41342          2.5331          1.1397               
         A        391        ASN          1.5576         0.55279          2.0343         0.33606           2.376          0.8527               
         A        392        ASN         0.49054         0.16888         0.57029         0.11677         0.76653         0.24526               
         A        393        THR         0.29768         0.13686         0.41621         0.11914         0.58252         0.13374               
         A        394        TYR        0.033482        0.046674       0.0024512       0.0064852         0.13374               0               
         A        395        ARG         0.37369         0.21968         0.50507         0.16537         0.80859         0.10892               
         A        396        GLN         0.04116        0.046367        0.012034        0.016159         0.13374               0               
         A        397        THR        0.043564        0.030308        0.062635        0.016199        0.085156               0               
         A        398        ILE        0.017513        0.032582               0               0         0.10088               0               
         A        399        TYR        0.028428        0.035837        0.033567        0.042288         0.13374               0               
         A        400        VAL       0.0057943        0.014193               0               0         0.04056               0               
         A        401        ASN        0.039044        0.043204        0.062491        0.043634         0.11707               0               
         A        402        PRO         0.15459         0.13262        0.090964        0.026028         0.43322        0.019609               
         A        403        SER          0.5515         0.22899         0.37772         0.11171         0.94772         0.26601               
         A        404        GLY         0.66488         0.20248               0               0         0.99897         0.46079               
         A        405        ASP         0.49222         0.11324         0.56026         0.12226         0.70699         0.36866               
         A        406        ASN          0.5535         0.19122         0.70734        0.092261         0.80859         0.25555               
         A        407        VAL        0.089181        0.080517               0               0         0.20573               0               
         A        408        ILE          0.2427        0.086974         0.33313        0.025552         0.36866         0.10892               
         A        409        ALA         0.24641        0.098834         0.43322               0         0.43322         0.14227               
         A        410        PRO        0.052927        0.046261        0.037898        0.044843         0.12535               0               
         A        411        VAL         0.19848         0.11079         0.31426        0.032735         0.35644         0.04056               
         A        412        LEU        0.057846        0.054345        0.022124        0.023397         0.16863               0               
         A        413        THR         0.16104        0.054651         0.21869       0.0091675         0.22518        0.069872               
         A        414        GLY          0.1049        0.046161               0               0         0.14227        0.026499               
         A        415        ASN         0.19655        0.099229         0.27366        0.055926         0.36866       0.0061046               
         A        416        LEU          0.2694        0.098087         0.32631        0.085004         0.46079         0.14227               
         A        417        LYS         0.55517         0.22556         0.64792         0.23277         0.99897         0.23514               
         A        418        PRO          1.0744         0.23041          1.1565         0.27857          1.4905         0.74623               
         A        419        ASN          2.7816         0.99824          3.6125         0.75375          4.8431          1.6653               
         A        420        THR         0.94289         0.22463         0.77567         0.06261          1.4115         0.68802               
         A        421        ASP          1.3362         0.68436          1.9226         0.45648           2.376         0.50418               
         A        422        SER          0.3546         0.14051         0.22597        0.083701         0.61619         0.14227               
         A        423        ASN         0.37261         0.17187         0.52029         0.11284         0.63357         0.15971               
         A        424        ALA         0.14696        0.072665        0.033482               0         0.23514        0.033482               
         A        425        LEU         0.32098          0.1647         0.45487         0.11078         0.63357         0.12535               
         A        426        ILE        0.064055        0.067906       0.0015261       0.0026434         0.17769               0               
         A        427        ASP          0.4154         0.15391         0.54305        0.086404         0.68802         0.16863               
         A        428        GLN          1.2969         0.52247          1.5727         0.52531           2.376         0.63357               
         A        429        GLN            2.13          1.1206          2.9217         0.90758          4.0641         0.92306               
         A        430        ASN         0.48784         0.15488         0.53371        0.067391         0.74623         0.25555               
         A        431        THR         0.20223         0.10873         0.08035        0.019032         0.34444        0.055012               
         A        432        SER          0.6281         0.28331          1.0021         0.07903          1.0811         0.36866               
         A        433        ILE         0.26692         0.13947         0.13492         0.03619         0.47497         0.07746               
         A        434        LYS         0.65538         0.51781          0.9711         0.49833          1.8134        0.092963               
         A        435        VAL        0.069247        0.070538               0               0         0.20573               0               
         A        436        TYR         0.13938         0.10089         0.18185        0.096296         0.35644               0               
         A        437        LYS         0.45029         0.32674         0.65256         0.31458          1.1397         0.14227               
         A        438        VAL         0.17008         0.10776        0.063828        0.063773         0.30967               0               
         A        439        ASP         0.99233         0.35194          1.1519         0.28536          1.6193         0.40668               
         A        440        ASN           1.538         0.66248          2.0968         0.47777           2.798         0.76653               
         A        441        ALA         0.79602         0.12628         0.65132               0         0.94772         0.65132               
         A        442        ALA           1.812         0.45318          2.7054               0          2.7054          1.4905               
         A        443        ASP          1.0066         0.34035          1.2189         0.19556          1.4905         0.39378               
         A        444        LEU         0.28013         0.17533         0.14163        0.080846         0.55022        0.033482               
         A        445        SER         0.20943        0.049946         0.15612        0.030771         0.25555         0.12535               
         A        446        GLU         0.41028         0.29311         0.60762         0.25175          1.0256        0.092963               
         A        447        SER        0.077073        0.031439         0.10233        0.039939         0.14227        0.047737               
         A        448        TYR        0.054113        0.030178         0.04614        0.032774        0.092963               0               
         A        449        PHE         0.49277         0.32334         0.67771         0.26439          1.0811         0.13374               
         A        450        VAL         0.23278         0.15897         0.10268        0.043928         0.53456         0.04056               
         A        451        ASN          1.0332         0.35714          1.3378         0.20661          1.6193         0.46079               
         A        452        PRO         0.75058           0.112          0.7048         0.13751         0.89902         0.59918               
         A        453        GLU           2.141         0.85334          2.7073          0.7379          4.0641          1.1703               
         A        454        ASN           0.974         0.31118           1.117         0.28723          1.5749         0.55022               
         A        455        PHE         0.24109         0.17831         0.12006        0.045898         0.59918         0.06239               
         A        456        GLU         0.92374         0.49287          1.2905         0.34253          1.8664         0.25555               
         A        457        ASP         0.69818         0.11518         0.75632        0.095408         0.89902         0.50418               
         A        458        VAL         0.43487         0.10974         0.39256         0.14336         0.53456         0.19623               
         A        459        THR         0.59068        0.098281         0.55362        0.073247         0.78732         0.47497               
         A        460        ASN          1.9426         0.68137          2.4868         0.52782          3.3406           1.053               
         A        461        SER         0.80902         0.20786          0.6799         0.21912           1.053         0.46079               
         A        462        VAL          0.4271         0.16219         0.25293        0.032462         0.65132         0.22518               
         A        463        ASN         0.75566         0.30019          1.0154         0.13938          1.2018         0.28747               
         A        464        ILE         0.45489         0.16978         0.31359        0.037861         0.80859         0.26601               
         A        465        THR         0.63062         0.24471         0.83992         0.17936          1.0811         0.25555               
         A        466        PHE          0.3912          0.1776         0.28838         0.11288         0.70699         0.11707               
         A        467        PRO         0.99148         0.41121         0.75234         0.35126          1.6653         0.40668               
         A        468        ASN          1.3741         0.60405          1.8138         0.53778          2.7054         0.58252               
         A        469        PRO          1.5584         0.75438          2.3314         0.42588          2.8954         0.65132               
         A        470        ASN         0.52464         0.25275         0.71743          0.1961           1.053         0.19623               
         A        471        GLN         0.32263         0.14766         0.42686         0.11837         0.61619         0.16863               
         A        472        TYR        0.021048        0.033963               0               0         0.10088               0               
         A        473        LYS         0.36415         0.29939         0.52535         0.31968          1.0811         0.13374               
         A        474        VAL        0.089986        0.063302        0.032123        0.028801         0.19623               0               
         A        475        GLU         0.49786         0.24433         0.67338         0.19039         0.89902         0.22518               
         A        476        PHE        0.084532        0.092903        0.019671        0.027682         0.25555               0               
         A        477        ASN         0.76973         0.35093          1.0391         0.24768          1.3018         0.25555               
         A        478        THR         0.73665         0.33557          0.4984         0.11385          1.2341         0.34444               
         A        479        PRO          2.2538         0.39447          2.3587         0.49031          2.7054          1.6653               
         A        480        ASP          1.5879         0.33958          1.5754         0.32783          1.9789            1.11               
         A        481        ASP         0.75899         0.20857         0.79038         0.17779           1.053         0.46079               
         A        482        GLN         0.54282         0.24022         0.76694         0.18759         0.97301         0.28747               
         A        483        ILE         0.13328         0.11809        0.029505         0.03226         0.32106               0               
         A        484        THR         0.72028         0.24811         0.99965        0.036726          1.0256         0.41983               
         A        485        THR         0.32214         0.17987          0.4931         0.11506         0.65132         0.07746               
         A        486        PRO        0.075734        0.051877         0.11723        0.013416         0.13374               0               
         A        487        TYR        0.054939        0.043066        0.069841        0.044701         0.14227               0               
         A        488        ILE       0.0041852        0.011073               0               0        0.033482               0               
         A        489        VAL        0.044488        0.030161        0.019701       0.0096138        0.085156       0.0061046               
         A        490        VAL         0.16346        0.037853         0.17361        0.048328         0.23514         0.11707               
         A        491        VAL         0.12687        0.066634        0.067944        0.024938         0.22518         0.04056               
         A        492        ASN         0.41568         0.11522         0.51866         0.07118         0.63357         0.28747               
         A        493        GLY         0.16327        0.039619               0               0         0.21537         0.11707               
         A        494        HIS         0.37036           0.232         0.52024         0.18078         0.80859         0.10088               
         A        495        ILE        0.079036        0.065339        0.029596        0.028611         0.21537       0.0061046               
         A        496        ASP         0.70028         0.28063         0.91271         0.21309          1.1397         0.23514               
         A        497        PRO          1.0621         0.20363          1.1146         0.16903          1.2675         0.74623               
         A        498        ASN          2.5117         0.79618          3.2574         0.38118          3.6037          1.6653               
         A        499        SER          1.0505         0.25663         0.75761         0.14142          1.4115         0.61619               
         A        500        LYS          1.9287         0.98761          2.6232         0.81111          3.6037         0.89902               
         A        501        GLY         0.40679         0.12271               0               0         0.61619         0.30967               
         A        502        ASP         0.69875         0.37653          1.0294         0.21129          1.2675         0.20573               
         A        503        LEU         0.11186        0.086975        0.038165        0.055369         0.24526               0               
         A        504        ALA         0.12604        0.052802         0.22518               0         0.22518         0.07746               
         A        505        LEU        0.044442        0.046173       0.0098047       0.0098047         0.14227               0               
         A        506        ARG         0.45887         0.36324         0.66585          0.2974           1.053         0.04056               
         A        507        SER        0.020214        0.020982               0               0        0.055012               0               
         A        508        THR         0.18182         0.12572          0.3182        0.035962         0.36866        0.026499               
         A        509        LEU        0.035776        0.046734               0               0         0.12535               0               
         A        510        TYR         0.39942         0.27488         0.55605           0.198          0.8527         0.04056               
         A        511        GLY        0.058286        0.036616               0               0         0.10088               0               
         A        512        TYR         0.52648         0.43485         0.75252         0.35922          1.4504               0               
         A        513        ASN         0.43752         0.17843          0.5086          0.1528         0.72638         0.16863               
         A        514        SER          1.5118         0.46613          1.9003         0.13811          2.0384         0.68802               
         A        515        ASN          2.0133         0.58975          2.4997         0.45704          2.9979          1.4115               
         A        516        ILE           1.168         0.14376          1.2813         0.11068          1.4504         0.97301               
         A        517        ILE         0.85318         0.31826          1.0981         0.22568          1.3738         0.32106               
         A        518        TRP         0.69458         0.22409         0.72194           0.253          1.2018         0.39378               
         A        519        ARG         0.55395         0.37987         0.74269          0.3555          1.4504         0.14227               
         A        520        SER         0.41449         0.12289         0.54227         0.10905         0.65132         0.28747               
         A        521        MET         0.28623          0.1467         0.37446         0.15941         0.59918         0.12535               
         A        522        SER         0.41361          0.1527         0.60362        0.084401         0.68802         0.24526               
         A        523        TRP         0.30984         0.11839         0.33279         0.12497         0.50418         0.12535               
         A        524        ASP         0.45343         0.11344         0.54104         0.10027         0.68802         0.34444               
         A        525        ASN         0.21539        0.077895         0.14932         0.02583         0.35644         0.12535               
         A        526        GLU         0.77893         0.29602         0.96672         0.27575          1.4905         0.48943               
         A        527        VAL         0.73245          0.2704          0.4994        0.085904          1.2341         0.38111               
         A        528        ALA          1.1445         0.22177          1.2675               0          1.4905         0.83038               
         A        529        PHE           1.047         0.29732         0.93382         0.25701          1.6653         0.61619               
         A        530        ASN         0.80432         0.18822         0.67656         0.14239          1.1397         0.50418               
         A        531        ASN          1.6215         0.68666          2.2143         0.48371          2.9979         0.92306               
         A        532        GLY         0.69741         0.15591               0               0         0.92306         0.50418               
         A        533        SER         0.69647            0.24          1.0021         0.07903          1.0811         0.35644               
         A        534        GLY         0.55184        0.050103               0               0         0.61619         0.48943               
         A        535        SER         0.95009         0.32598          1.3623         0.12819          1.4905         0.59918               
         A        536        GLY         0.76157        0.096409               0               0         0.89902         0.63357               
         A        537        ASP          1.4108         0.48461          1.8274         0.28743          2.3026         0.68802               
         A        538        GLY          1.3524         0.12039               0               0           1.532          1.2018               
         A        539        ILE          1.5473         0.19908          1.8664               0          1.8664          1.3018               
         A        540        ASP          2.6191         0.42304          2.9979               0           3.106          1.9216               
         A        541        CYS           3.255         0.76478          2.5331               0          4.4258          2.5331               
