pdb_id: 
analysis type: unbound
radii_file: F:\psiafrombintisolah\PSAIA-1.0\amac_data\chothia.radii
CX_sRadius: 9
CX_vAtom: 20.1

  chain id|    res id|  res name|     average CX|       s_avg CX|    s-ch avg CX|  s-ch s_avg CX|         max CX|         min CX|               
         A        229        ARG          1.5763         0.50472          1.6129         0.48754          2.6172          0.8527               
         A        230        PRO          1.3501         0.60984           1.955         0.39354          2.4528         0.68802               
         A        231        PHE         0.15233         0.16954        0.039976        0.048842         0.50418               0               
         A        232        THR         0.45334         0.20824         0.66201        0.089666         0.78732         0.16863               
         A        233        LEU         0.21335         0.12664         0.10103        0.067221         0.39378       0.0061046               
         A        234        PRO         0.37094         0.10194         0.29763        0.059928         0.53456         0.21537               
         A        235        ASN          1.3123         0.48306          1.5677         0.50041           2.376         0.76653               
         A        236        LEU         0.73165         0.39738          1.0026         0.37429          1.6193         0.21537               
         A        237        PRO         0.46396         0.18737         0.63845         0.12965         0.76653         0.24526               
         A        238        LEU        0.065174        0.053171        0.018655        0.022465         0.14227               0               
         A        239        SER         0.59479         0.15011         0.71712        0.029104         0.74623         0.33265               
         A        240        SER         0.86062         0.16715          1.0165        0.093482            1.11         0.58252               
         A        241        LEU         0.26843         0.11614         0.23424         0.12315         0.46079         0.10088               
         A        242        SER         0.13749         0.10844         0.26096        0.015697         0.27665               0               
         A        243        ASN               0               0               0               0               0               0               
         A        244        SER               0               0               0               0               0               0               
         A        245        ARG               0               0               0               0               0               0               
         A        246        ALA        0.076635        0.049345         0.04056               0         0.15092        0.019609               
         A        247        PRO         0.44735         0.19488         0.40193        0.073463          0.8527         0.20573               
         A        248        LEU         0.36389         0.11905         0.34389         0.12468         0.53456         0.18689               
         A        249        PRO          0.6223         0.22027         0.84829        0.074726         0.92306         0.32106               
         A        250        ILE         0.13332         0.11897        0.035361        0.041294         0.34444               0               
         A        251        SER         0.55207         0.15099         0.69325        0.094069         0.78732         0.30967               
         A        252        SER         0.33285         0.12276         0.46092        0.014047         0.47497         0.13374               
         A        253        MET         0.12246         0.11084        0.031429        0.035162         0.34444               0               
         A        254        GLY         0.23637        0.067219               0               0         0.32106         0.13374               
         A        255        ILE         0.37851         0.09365         0.36178          0.1222         0.51922         0.17769               
         A        256        SER         0.46069         0.17991         0.29933        0.033316         0.74623         0.26601               
         A        257        PRO          1.1737         0.28593          1.1495         0.32114           1.532         0.74623               
         A        258        ASP          2.4227         0.69206          2.8879         0.70931          4.0641          1.7622               
         A        259        ASN          1.9605         0.39702          2.1409         0.40723          2.6172          1.4905               
         A        260        VAL         0.65737         0.19432         0.54309        0.071029          1.0256         0.44687               
         A        261        GLN          1.7845          1.0209            2.57         0.69347          3.4683         0.68802               
         A        262        SER          0.5538         0.25855         0.88788        0.035178         0.92306         0.20573               
         A        263        VAL         0.14635          0.1074        0.031824        0.022503         0.28747               0               
         A        264        GLN         0.40757         0.29433         0.61894         0.22927         0.92306        0.047737               
         A        265        PHE               0               0               0               0               0               0               
         A        266        GLN        0.017596        0.026337        0.031673        0.028332        0.069872               0               
         A        267        ASN               0               0               0               0               0               0               
         A        268        GLY               0               0               0               0               0               0               
         A        269        ARG        0.038879        0.052993        0.052365        0.060071         0.13374               0               
         A        270        CYS        0.024591        0.037039       0.0030523       0.0030523         0.10088               0               
         A        271        THR         0.27263         0.17184         0.45428        0.063179         0.51922         0.04056               
         A        272        LEU        0.065829        0.052019        0.036027        0.025842         0.17769               0               
         A        273        ASP         0.46543         0.20399         0.59132         0.19441         0.92306         0.23514               
         A        274        GLY         0.30756         0.09014               0               0         0.40668         0.18689               
         A        275        ARG          1.0339         0.47046          1.3495         0.25441          1.8134         0.34444               
         A        276        LEU           0.491         0.18506         0.40389         0.13408         0.89902         0.20573               
         A        277        VAL         0.26048        0.065113         0.29248        0.041622         0.33265         0.15971               
         A        278        GLY        0.097717        0.055399               0               0         0.16863        0.033482               
         A        279        THR        0.012368        0.014909        0.017697        0.013736        0.033482               0               
         A        280        THR         0.10727        0.069537         0.05299        0.020854         0.25555        0.026499               
         A        281        PRO         0.10245        0.074151         0.10937        0.096692         0.23514               0               
         A        282        VAL         0.59911          0.1978         0.82398        0.040622          0.8527         0.39378               
         A        283        SER         0.75504         0.35499          1.2346        0.032862          1.2675         0.32106               
         A        284        LEU         0.38639         0.10392         0.34842         0.11188         0.50418         0.16863               
         A        285        SER          1.1169         0.42411          1.6908        0.071437          1.7622         0.68802               
         A        286        HIS         0.48527         0.28495         0.63923         0.22931         0.99897        0.047737               
         A        287        VAL        0.035831        0.056829               0               0         0.13374               0               
         A        288        ALA        0.023307        0.027743               0               0        0.069872               0               
         A        289        LYS          0.2607          0.2504         0.42511         0.22778         0.72638         0.04056               
         A        290        ILE       0.0075212        0.014041               0               0         0.04056               0               
         A        291        ARG         0.35984         0.28273          0.5254         0.22123         0.83038        0.019609               
         A        292        GLY         0.21561        0.057902               0               0         0.30967         0.15971               
         A        293        THR         0.47885         0.22345         0.71971         0.10291         0.83038         0.23514               
         A        294        SER         0.31134         0.14357         0.18372        0.041453          0.5662         0.14227               
         A        295        ASN          1.0263         0.31392          1.1845         0.28836          1.6193          0.5662               
         A        296        GLY         0.86247        0.085955               0               0         0.94772         0.72638               
         A        297        THR            1.18         0.65504          1.8731         0.34798          2.3026         0.47497               
         A        298        VAL         0.46822         0.18678          0.6467         0.10984         0.78732         0.21537               
         A        299        ILE        0.086238        0.091666               0               0         0.24526               0               
         A        300        ASN         0.67085         0.28099          0.9431        0.055247         0.99897         0.27665               
         A        301        LEU          0.1076         0.10552        0.018559         0.02002         0.27665               0               
         A        302        THR         0.24073         0.11947         0.35951        0.064246         0.43322         0.07746               
         A        303        GLU         0.31677        0.089433         0.33757         0.11338         0.47497         0.18689               
         A        304        LEU         0.25497         0.16278         0.12942        0.069631         0.55022         0.06239               
         A        305        ASP           1.359          0.3236          1.5526         0.22816          1.8664         0.72638               
         A        306        GLY         0.98572         0.11154               0               0            1.11          0.8527               
         A        307        THR          1.3432         0.43666          1.7072          0.3436           2.165         0.65132               
         A        308        PRO          1.3135         0.39089          1.7206         0.14682          1.9216          0.8527               
         A        309        PHE         0.23512         0.19194         0.10321        0.051445         0.63357         0.04056               
         A        310        HIS          1.2425         0.60088          1.7087         0.23086          2.0384         0.46079               
         A        311        PRO         0.50593        0.096971         0.56792         0.10453         0.68802         0.39378               
         A        312        PHE          1.6297         0.58664          2.0025         0.37243          2.5331         0.74623               
         A        313        GLU         0.53988        0.089226         0.59918               0         0.63357         0.40668               
         A        314        GLY         0.13523        0.065611               0               0         0.24526        0.085156               
         A        315        PRO        0.011324        0.014756       0.0040697       0.0028777         0.04056               0               
         A        316        ALA               0               0               0               0               0               0               
         A        317        PRO       0.0076916        0.016483               0               0        0.047737               0               
         A        318        ILE         0.22958         0.12081         0.34567         0.04084         0.40668         0.07746               
         A        319        GLY       0.0066247        0.011474               0               0        0.026499               0               
         A        320        PHE               0               0               0               0               0               0               
         A        321        PRO       0.0047831        0.011716        0.011161        0.015783        0.033482               0               
         A        322        ASP       0.0033123       0.0087636               0               0        0.026499               0               
         A        323        LEU         0.01008        0.017825        0.003203       0.0055477        0.055012               0               
         A        324        GLY         0.14466        0.016627               0               0         0.16863         0.12535               
         A        325        GLY         0.13876        0.029384               0               0         0.16863        0.092963               
         A        326        CYS       0.0044164       0.0098754        0.013249        0.013249        0.026499               0               
         A        327        ASP         0.14935         0.12176         0.25504        0.078018         0.38111               0               
         A        328        TRP       0.0068211        0.018046       0.0012812       0.0038436        0.069872               0               
         A        329        HIS         0.18083        0.091648         0.23799        0.075604         0.34444        0.085156               
         A        330        ILE        0.030295          0.0321       0.0049023       0.0084911        0.085156               0               
         A        331        ASN         0.42714         0.23871         0.64421         0.13203         0.83038         0.13374               
         A        332        MET          0.1749         0.13722        0.051484        0.061648         0.35644               0               
         A        333        THR         0.37945         0.13368         0.51731        0.070154         0.61619         0.20573               
         A        334        GLN         0.53252         0.15996         0.45496        0.061908         0.87558         0.38111               
         A        335        PHE          1.4346         0.30206          1.4947          0.2976          2.0384         0.89902               
         A        336        GLY          2.5812         0.42052               0               0            3.22          2.0384               
         A        337        HIS           1.714         0.30633          1.6224         0.33749          2.2324          1.2675               
         A        338        SER          2.4219         0.88668          3.6207         0.28004          3.9007           1.532               
         A        339        SER          1.6756         0.63984          2.3809         0.51449          2.8954         0.89902               
         A        340        GLN          1.5486         0.46873            1.86         0.39563          2.4528         0.99897               
         A        341        THR         0.56792         0.12786         0.61952         0.07249         0.72638         0.34444               
         A        342        GLN         0.61603         0.22709         0.74712         0.21846          1.0256         0.35644               
         A        343        TYR        0.077406        0.068204        0.044642        0.047326         0.17769               0               
         A        344        ASP         0.42139         0.20825         0.59657         0.15552          0.8527         0.19623               
         A        345        VAL         0.06754        0.030572        0.041189        0.025801         0.10892        0.019609               
         A        346        ASP         0.30139         0.17801          0.4634        0.096567         0.61619         0.07746               
         A        347        THR         0.07414        0.067621        0.013104         0.01082         0.16863               0               
         A        348        THR         0.50732         0.11324         0.54191        0.057886         0.61619         0.25555               
         A        349        PRO         0.67901         0.19151         0.74554         0.24478          1.0811         0.44687               
         A        350        ASP          1.3969         0.60967          1.9554         0.30719          2.2324         0.65132               
         A        351        THR         0.61697         0.29984         0.81379         0.30512          1.2341         0.20573               
         A        352        PHE        0.061082        0.072141        0.019894        0.031975         0.24526               0               
         A        353        VAL         0.15446        0.051193         0.20894       0.0045471         0.21537         0.07746               
         A        354        PRO        0.018162        0.016745               0               0         0.04056               0               
         A        355        HIS         0.12529        0.073963          0.1472        0.063574         0.24526        0.012812               
         A        356        LEU         0.57551         0.19522          0.7233         0.10567         0.83038         0.24526               
         A        357        GLY         0.26185        0.037355               0               0         0.32106         0.22518               
         A        358        SER         0.30113         0.11638         0.45463          0.0348         0.48943         0.15971               
         A        359        ILE        0.072222        0.065977        0.013753        0.023821         0.17769               0               
         A        360        GLN         0.18121        0.041491         0.20806        0.022383         0.24526         0.10892               
         A        361        ALA         0.28036        0.044853         0.34444               0         0.34444         0.23514               
         A        362        ASN         0.79077          0.2185         0.90721         0.19714          1.2018         0.41983               
         A        363        GLY         0.99064         0.14931               0               0          1.1397         0.83038               
         A        364        ILE         0.30133         0.12493         0.19232         0.08311         0.43322         0.11707               
         A        365        GLY         0.75727         0.17142               0               0          1.0256         0.55022               
         A        366        SER            1.17         0.28554          1.5549         0.06441          1.6193         0.87558               
         A        367        GLY          0.6703         0.15488               0               0          0.8527         0.47497               
         A        368        ASN         0.46897         0.12246          0.5178        0.099801         0.68802         0.29848               
         A        369        TYR         0.18712         0.10994         0.18975         0.12529         0.46079        0.055012               
         A        370        VAL         0.24322        0.068686         0.31759        0.021295         0.33265         0.15971               
         A        371        GLY         0.20206        0.036214               0               0         0.24526         0.15092               
         A        372        VAL         0.30914         0.11495         0.40664         0.11293          0.5662         0.18689               
         A        373        LEU         0.09761         0.10972        0.003203       0.0055477         0.30967               0               
         A        374        SER         0.40546         0.14015           0.529         0.12232         0.65132         0.18689               
         A        375        TRP         0.45216         0.18374         0.55052          0.1041         0.74623         0.10892               
         A        376        ILE         0.06163        0.070194               0               0         0.17769               0               
         A        377        SER         0.19942        0.096723             0.3        0.044444         0.34444        0.069872               
         A        378        PRO          0.3494         0.10847         0.46355        0.063167         0.53456         0.22518               
         A        379        PRO          0.3129         0.14417         0.23081        0.053151         0.59918         0.15971               
         A        380        SER         0.72875         0.26962         0.63357               0          1.2675         0.38111               
         A        381        HIS          1.3836         0.67768          1.8489         0.46505          2.4528          0.5662               
         A        382        PRO          1.5288         0.36066          1.7308         0.40298          2.1004            1.11               
         A        383        SER          2.1105         0.31552          2.5331               0          2.5331          1.7129               
         A        384        GLY          1.7435         0.12754               0               0          1.8664           1.532               
         A        385        SER          0.9671          0.1737         0.81502         0.10804          1.2341         0.70699               
         A        386        GLN          1.6373         0.82621          2.2809         0.50395           3.106         0.53456               
         A        387        VAL         0.33294         0.15415         0.17218        0.063549         0.53456        0.085156               
         A        388        ASP          0.5825         0.22152         0.77931         0.11923         0.97301         0.28747               
         A        389        LEU        0.088641        0.076999        0.039408        0.047799         0.23514               0               
         A        390        TRP         0.21365         0.09962         0.23295         0.10958         0.43322        0.069872               
         A        391        LYS         0.64015         0.50329          1.0009          0.3983          1.5749         0.10088               
         A        392        ILE         0.22196        0.070954         0.21622        0.082421         0.32106         0.10088               
         A        393        PRO         0.18325         0.10634        0.083454        0.030507         0.32106         0.04056               
         A        394        ASN         0.45238         0.19939         0.58723         0.18084         0.83038         0.18689               
         A        395        TYR        0.045363        0.066387       0.0068766        0.018194         0.21537               0               
         A        396        GLY         0.19695        0.029612               0               0         0.24526         0.16863               
         A        397        SER         0.65525         0.21141         0.76962         0.15344         0.92306         0.34444               
         A        398        SER          1.7629         0.51307          1.8172         0.10434          2.6172         0.97301               
         A        399        ILE          2.7836         0.55912          3.1414         0.51314          3.9007          1.9789               
         A        400        THR          1.2565         0.35219          1.4128         0.32101          1.8664         0.70699               
         A        401        GLU          1.6922         0.97853          2.3886         0.76679          3.4683          0.5662               
         A        402        ALA         0.35394         0.12639         0.17769               0         0.53456         0.17769               
         A        403        THR         0.64431          0.2158         0.83433         0.14252         0.99897         0.32106               
         A        404        HIS         0.97886         0.45412          1.2421         0.37936          1.7622         0.32106               
         A        405        LEU         0.36182         0.13154         0.29272         0.11442         0.61619         0.11707               
         A        406        ALA         0.40824         0.16804         0.21537               0         0.61619         0.21537               
         A        407        PRO          0.6951         0.21842         0.85705         0.18265         0.99897         0.35644               
         A        408        SER         0.73619         0.15135         0.92306               0         0.92306          0.5662               
         A        409        VAL         0.24853         0.14117        0.097084        0.039969         0.43322         0.04056               
         A        410        TYR          1.0305          0.4681          1.3088         0.29877          1.8664         0.33265               
         A        411        PRO         0.46641        0.093021         0.47645        0.046852         0.65132         0.36866               
         A        412        PRO         0.42114         0.22522         0.19916        0.058189         0.78732         0.11707               
         A        413        GLY         0.91009          0.2521               0               0          1.2341         0.55022               
         A        414        PHE         0.91253         0.33078         0.78044         0.27224          1.4905         0.44687               
         A        415        GLY         0.72248         0.20969               0               0          1.0256         0.46079               
         A        416        GLU         0.21729          0.1742        0.074552        0.057148         0.47497               0               
         A        417        VAL         0.23073         0.10834            0.32        0.061297         0.40668        0.055012               
         A        418        LEU        0.054964        0.030211        0.061344        0.029231         0.10088        0.012812               
         A        419        VAL        0.011396        0.014624        0.011161        0.015783        0.033482               0               
         A        420        PHE        0.020975        0.023822        0.024396        0.025528         0.06239               0               
         A        421        PHE       0.0073746        0.015644        0.011589        0.018323         0.04056               0               
         A        422        MET         0.12471        0.063089         0.15813        0.057352         0.23514        0.026499               
         A        423        SER         0.13475        0.074735        0.062673        0.062673         0.23514               0               
         A        424        LYS          1.0847         0.94851          1.6207         0.98557          3.3406         0.35644               
         A        425        MET         0.25399         0.12062         0.14754        0.033016         0.44687         0.10088               
         A        426        PRO         0.58724          0.2015          0.7595         0.14828         0.87558         0.26601               
         A        427        GLY         0.72096        0.087295               0               0          0.8527         0.63357               
         A        428        PRO          1.1994         0.33278          1.1198         0.32197          1.7129         0.74623               
         A        429        GLY          1.2322         0.11922               0               0          1.4115            1.11               
         A        430        ALA          1.4444         0.43711          2.3026               0          2.3026            1.11               
         A        431        TYR          0.4371         0.11617         0.37804        0.047067         0.76653         0.30967               
         A        432        ASN         0.59484         0.34329         0.88357         0.25047          1.1703         0.19623               
         A        433        LEU         0.03399        0.057147        0.013753        0.023821         0.17769               0               
         A        434        PRO        0.028332        0.024951         0.04777       0.0059001        0.055012               0               
         A        435        CYS               0               0               0               0               0               0               
         A        436        LEU               0               0               0               0               0               0               
         A        437        LEU       0.0073994        0.011752        0.014799        0.012911        0.033482               0               
         A        438        PRO        0.031482        0.029951       0.0042707       0.0060396        0.092963               0               
         A        439        GLN        0.040626        0.040424        0.024649        0.027032         0.12535               0               
         A        440        GLU         0.29446        0.087985         0.33293        0.097426         0.44687         0.19623               
         A        441        TYR        0.074634        0.056417        0.044902        0.026929         0.18689               0               
         A        442        ILE         0.03967        0.040794       0.0049023       0.0084911         0.10892               0               
         A        443        SER         0.48526         0.13021         0.59918               0         0.59918         0.22518               
         A        444        HIS         0.37006        0.072366         0.39709        0.067194         0.48943         0.26601               
         A        445        LEU            0.07        0.085968        0.003203       0.0055477         0.23514               0               
         A        446        ALA         0.42112         0.19222         0.32106               0         0.72638         0.18689               
         A        447        SER           1.112         0.30872          1.4106         0.20879          1.6193         0.65132               
         A        448        GLU         0.58567         0.19188         0.60367         0.24384         0.94772         0.29848               
         A        449        GLN         0.95169         0.57482          1.3382         0.49441          1.9789         0.33265               
         A        450        ALA         0.25999        0.054474         0.17769               0         0.34444         0.17769               
         A        451        PRO         0.86775         0.26125          1.1257         0.17741          1.2675         0.59918               
         A        452        THR         0.57062         0.22869         0.38823        0.064339           1.053         0.32106               
         A        453        VAL          1.1288         0.29569          1.2149         0.16895          1.5749         0.59918               
         A        454        GLY          0.6902         0.10908               0               0          0.8527         0.58252               
         A        455        GLU         0.90985         0.58753          1.3032         0.50988          2.1004         0.26601               
         A        456        ALA        0.069527        0.078728        0.069872               0         0.21537               0               
         A        457        ALA               0               0               0               0               0               0               
         A        458        LEU         0.10788        0.084977         0.16755        0.082516         0.29848        0.026499               
         A        459        LEU        0.030251        0.031447       0.0083704        0.014498        0.092963               0               
         A        460        HIS         0.33313         0.21735         0.46843         0.18024         0.72638        0.092963               
         A        461        TYR        0.048902        0.041637        0.023726        0.022262         0.13374               0               
         A        462        VAL         0.17312         0.09007         0.26625        0.017234         0.28747        0.026499               
         A        463        ASP          0.5575         0.20977         0.70611         0.17749         0.97301         0.26601               
         A        464        PRO         0.74758         0.31934         0.55183         0.10242          1.3373         0.41983               
         A        465        ASP           2.212         0.43553          2.3961        0.062366           2.798          1.2341               
         A        466        THR          1.7473         0.19232           1.758         0.28129          2.1004          1.4115               
         A        467        GLY          1.0689         0.13682               0               0          1.2675         0.89902               
         A        468        ARG          1.4177         0.47123          1.7249         0.22404          1.9789         0.50418               
         A        469        ASN         0.71641         0.17263         0.66195         0.19076         0.97301         0.35644               
         A        470        LEU         0.32765        0.085658         0.33825         0.11026         0.51922         0.23514               
         A        471        GLY         0.15458        0.064821               0               0         0.23514        0.069872               
         A        472        GLU         0.20987         0.20561         0.34498         0.18272         0.65132               0               
         A        473        PHE       0.0029639       0.0076444       0.0046576        0.009162        0.026499               0               
         A        474        LYS       0.0043985        0.010457       0.0012209       0.0024418        0.033482               0               
         A        475        ALA        0.029509        0.036851               0               0        0.085156               0               
         A        476        TYR         0.10955         0.10244        0.058385        0.075089         0.28747               0               
         A        477        PRO         0.36126         0.04312         0.38699        0.047862         0.43322         0.30967               
         A        478        ASP         0.52434         0.24149         0.72403          0.1421         0.89902         0.17769               
         A        479        GLY         0.14382         0.06356               0               0         0.19623         0.04056               
         A        480        PHE         0.10615        0.078695         0.13019        0.084183         0.27665        0.019609               
         A        481        LEU       0.0040754       0.0087075       0.0015261       0.0026434        0.026499               0               
         A        482        THR        0.017148        0.017953        0.022608        0.023503        0.055012               0               
         A        483        CYS         0.03262        0.017858        0.030559        0.024454        0.055012       0.0061046               
         A        484        VAL         0.21097         0.10056         0.27393         0.10324         0.41983        0.055012               
         A        485        PRO         0.49751         0.16236         0.39595        0.055873         0.78732         0.34444               
         A        486        ASN          1.3832         0.34416          1.4738         0.23768          1.9216         0.83038               
         A        488        ALA          1.8884         0.31234          1.7129               0           2.376          1.4905               
         A        489        SER          2.1326         0.71018           3.109         0.11105            3.22          1.3738               
         A        490        SER         0.79574         0.17772         0.91104        0.012019         0.99897         0.48943               
         A        491        GLY         0.36984        0.078567               0               0         0.50418         0.30967               
         A        492        PRO         0.16554        0.091109        0.089721        0.045839         0.28747        0.026499               
         A        493        GLN         0.94866         0.38532           1.208         0.29685          1.7129         0.38111               
         A        494        GLN          1.0219         0.18562          1.2675               0          1.2675         0.72638               
         A        495        LEU         0.46661         0.18339         0.30001        0.072774         0.72638         0.17769               
         A        496        PRO         0.61018          0.1995         0.76376        0.085051         0.87558         0.22518               
         A        497        ILE         0.40125           0.171         0.40706         0.22744         0.74623         0.13374               
         A        498        ASN         0.63765         0.25686         0.85377         0.19003          1.1703         0.36866               
         A        499        GLY         0.13957        0.066205               0               0         0.24526        0.069872               
         A        500        VAL         0.13019        0.090747         0.22085        0.052303         0.28747               0               
         A        501        PHE        0.047509        0.056181        0.012381        0.015394         0.17769               0               
         A        502        VAL         0.28388         0.15287         0.43378         0.11949         0.59918         0.15092               
         A        503        PHE         0.38249          0.1293          0.3553          0.1121         0.65132         0.19623               
         A        504        VAL         0.72425         0.19425         0.68905         0.15388         0.99897         0.40668               
         A        505        SER         0.66423         0.30658           1.053               0           1.053         0.23514               
         A        506        TRP         0.37342         0.18965         0.29801         0.16738         0.68802         0.10892               
         A        507        VAL         0.36881         0.13296         0.33227         0.16947         0.51922         0.10892               
         A        508        SER         0.70154         0.30811          1.0956        0.014452            1.11         0.24526               
         A        509        ARG          1.2824         0.90923          1.7637         0.80401           3.106         0.18689               
         A        510        PHE          1.1897         0.60003          1.5101         0.52447           2.376         0.51922               
         A        511        TYR         0.56022         0.21883         0.60556         0.23507         0.89902         0.22518               
         A        512        GLN         0.82984         0.19639         0.97523         0.11929          1.1397         0.53456               
         A        513        LEU         0.19164         0.16566        0.033381        0.038177         0.41983               0               
         A        514        LYS         0.96792         0.56606          1.3535          0.4746           2.165         0.27665               
         A        515        PRO         0.69133         0.18227         0.88603        0.070524         0.94772         0.46079               
         A        516        VAL         0.30084         0.15644         0.15563        0.044954         0.58252        0.092963               
         A        517        GLY          1.3002         0.63091               0               0          2.2324         0.51922               
         A        518        THR          1.5989         0.28916          1.9067         0.19378          2.1004          1.2675               
