pdb_id: 
analysis type: unbound
radii_file: F:\psiafrombintisolah\PSAIA-1.0\amac_data\chothia.radii
CX_sRadius: 9
CX_vAtom: 20.1

  chain id|    res id|  res name|     average CX|       s_avg CX|    s-ch avg CX|  s-ch s_avg CX|         max CX|         min CX|               
         A         40        THR          2.5743         0.50855          2.9789         0.25577          3.3406          1.8134               
         A         41        ASP          1.1706         0.32511          1.2943        0.051748          1.6653         0.48943               
         A         42        ARG          1.4648         0.60591          1.8029         0.50297           2.798         0.68802               
         A         43        GLN          1.5395         0.69964          2.0551         0.52062           2.798         0.76653               
         A         44        LEU         0.46559         0.14294         0.48349        0.086801         0.72638         0.28747               
         A         45        ALA         0.19581        0.042035         0.17769               0         0.26601         0.14227               
         A         46        GLU         0.84521         0.44421          1.1602         0.36142          1.6653         0.39378               
         A         47        GLU         0.70142          0.2425         0.89123         0.14434            1.11         0.39378               
         A         48        TYR         0.09359         0.10298        0.037928        0.051459         0.34444               0               
         A         49        LEU        0.051176         0.03957         0.02237         0.02857         0.10892               0               
         A         50        TYR          1.0157         0.66772          1.3442         0.58612          2.6172         0.26601               
         A         51        ARG         0.34628         0.16344         0.40994          0.1433         0.74623        0.085156               
         A         52        TYR         0.05053        0.032377        0.055948        0.031556         0.10892        0.012812               
         A         53        GLY         0.16609        0.086228               0               0         0.28747        0.047737               
         A         54        TYR        0.067422         0.10461       0.0077988        0.020634         0.32106               0               
         A         55        THR         0.51021         0.24727         0.45142         0.14188         0.97301         0.23514               
         A         56        ARG          1.1903         0.45698          1.0617         0.35727          2.2324         0.53456               
         A         57        VAL          1.2226         0.25159          1.0553        0.068087          1.7622         0.97301               
         A         58        ALA          1.3901         0.48079         0.74623               0          2.1004         0.74623               
         A         66        SER          2.7802         0.76403          3.4493         0.45138          3.9007          1.6653               
         A         67        LEU         0.74994         0.28826         0.71374         0.14274          1.4115         0.39378               
         A         68        GLY         0.84882         0.20673               0               0            1.11         0.55022               
         A         69        PRO          1.0089         0.38181          1.3783         0.10192          1.4504         0.44687               
         A         70        ALA         0.24588         0.13011         0.24526               0         0.47497         0.10088               
         A         71        LEU         0.12329        0.068311         0.11833        0.059329         0.24526        0.019609               
         A         72        LEU         0.47073         0.22831         0.66949         0.15616         0.92306         0.24526               
         A         73        LEU         0.34794         0.15589         0.45661         0.15178         0.65132         0.16863               
         A         74        LEU        0.029727        0.035774               0               0        0.085156               0               
         A         75        GLN         0.13494        0.091709         0.10367        0.036654         0.34444        0.033482               
         A         76        LYS         0.94616         0.68436          1.3789         0.64503           2.376         0.28747               
         A         77        GLN         0.25871         0.10185         0.29584         0.10745         0.48943         0.12535               
         A         78        LEU         0.12097         0.11325        0.026191        0.034972         0.33265               0               
         A         79        SER         0.61058         0.16591         0.70945         0.14325          0.8527         0.36866               
         A         80        LEU          0.4128         0.17203         0.26814         0.11005         0.66947         0.10088               
         A         81        PRO          1.0157         0.37529          1.3628         0.17784          1.5749         0.39378               
         A         82        GLU         0.88438         0.14827         0.88603         0.10566          1.1703         0.65132               
         A         83        THR         0.87246         0.17792         0.82656         0.13647          1.2018         0.63357               
         A         84        GLY         0.57782        0.074251               0               0         0.65132         0.48943               
         A         85        GLU          1.5138         0.95272          2.2367         0.65826          2.9979         0.36866               
         A         86        LEU         0.47601         0.24621         0.28282         0.10193         0.92306         0.10892               
         A         87        ASP         0.75505         0.17868         0.64305         0.15278         0.97301         0.44687               
         A         88        SER          1.4541         0.50974          2.1121         0.19054          2.3026          0.8527               
         A         89        ALA         0.72886         0.20537         0.92306               0         0.92306         0.43322               
         A         90        THR         0.16044        0.091081        0.087876        0.053513         0.33265        0.012812               
         A         91        LEU         0.45646         0.11073         0.53436         0.10771         0.68802         0.33265               
         A         92        LYS          1.2597         0.64233          1.6939         0.55771          2.7054         0.61619               
         A         93        ALA         0.36745         0.12439         0.21537               0          0.5662         0.21537               
         A         94        MET         0.17049         0.12092        0.063487        0.072719         0.30967               0               
         A         95        ARG         0.91084         0.26169          1.0738         0.16199          1.2675         0.43322               
         A         96        THR         0.48832         0.13868         0.60258        0.074945         0.70699         0.26601               
         A         97        PRO          0.3567          0.1301         0.48764        0.066367         0.53456         0.18689               
         A         98        ARG        0.025194        0.031039        0.015732        0.025181        0.092963               0               
         A         99        CYS               0               0               0               0               0               0               
         A        100        GLY         0.03064        0.023275               0               0         0.06239               0               
         A        101        VAL        0.014639        0.024264       0.0020349       0.0028777        0.069872               0               
         A        102        PRO          0.1365         0.05691         0.17534         0.06489         0.23514         0.07746               
         A        103        ASP          0.1214         0.13205        0.021289        0.036873         0.36866               0               
         A        104        LEU         0.47105        0.099067         0.51486         0.10057         0.63357         0.30967               
         A        105        GLY         0.70562         0.17091               0               0         0.92306         0.46079               
         A        106        ARG         0.71202         0.31644          0.8036         0.36458          1.4504         0.44687               
         A        107        PHE         0.39963         0.31486         0.21454         0.14525          1.0811        0.019609               
         A        108        GLN         0.96265         0.21422         0.84715         0.21292          1.2675         0.68802               
         A        109        THR          1.6896         0.44277          2.1003         0.37122          2.6172          1.2018               
         A        110        PHE         0.49066         0.32233         0.26533        0.032415          1.1703         0.22518               
         A        111        GLU          1.7141          1.0561          2.4532          0.8756          3.7476         0.63357               
         A        112        GLY           1.033        0.035466               0               0          1.0811         0.99897               
         A        113        ASP          1.3053         0.49343          1.6897         0.41535           2.165         0.74623               
         A        114        LEU         0.38714         0.15697         0.51026        0.059906         0.59918         0.15971               
         A        115        LYS         0.58501         0.27495         0.78273         0.21365         0.99897         0.27665               
         A        116        TRP         0.11461         0.11728        0.049158        0.045791         0.35644               0               
         A        117        HIS          1.1907         0.27437          1.3095        0.065829           1.532         0.51922               
         A        118        HIS         0.70817         0.18168         0.76796         0.16264          1.0256         0.35644               
         A        119        HIS         0.73382         0.20202         0.86996         0.10344         0.99897         0.38111               
         A        120        ASN          0.9475         0.42812          1.3338         0.23873          1.7129         0.46079               
         A        121        ILE         0.13876         0.10615        0.058632        0.043901         0.36866        0.012812               
         A        122        THR         0.21026          0.1342         0.33572        0.098837         0.47497         0.04056               
         A        123        TYR         0.04923        0.058071         0.05516        0.062949         0.17769               0               
         A        124        TRP         0.29925         0.25788          0.4149         0.21487         0.74623               0               
         A        125        ILE        0.045815        0.060734        0.016765        0.017486         0.18689               0               
         A        126        GLN         0.72217         0.37795         0.91825         0.35389           1.532         0.18689               
         A        127        ASN         0.46388           0.184         0.56783         0.16137         0.74623         0.15092               
         A        128        TYR         0.38541          0.1095         0.41394         0.10346         0.58252         0.22518               
         A        129        SER         0.30478         0.14347         0.21191        0.086565         0.50418         0.12535               
         A        130        GLU          2.1715          1.1603          3.0719          0.7026          4.2387         0.61619               
         A        131        ASP         0.72397         0.17212         0.66755         0.21557          1.0256         0.46079               
         A        132        LEU         0.49581         0.16824         0.36464         0.13631         0.72638         0.15971               
         A        133        PRO          1.2181         0.44098          1.6598         0.26826          2.0384         0.61619               
         A        134        ARG          1.2929         0.67993          1.6398         0.61966          2.7054         0.50418               
         A        135        ALA          1.0896         0.28491          1.5749               0          1.5749         0.74623               
         A        136        VAL         0.70246         0.27035         0.86211         0.21491          1.1397         0.34444               
         A        137        ILE         0.10433        0.086912        0.058773        0.043399         0.29848               0               
         A        138        ASP         0.42049         0.14568         0.50314          0.1604         0.72638         0.26601               
         A        139        ASP         0.77532         0.34014          1.0925         0.15385          1.3018         0.38111               
         A        140        ALA         0.15967        0.091852         0.12535               0         0.30967        0.055012               
         A        141        PHE         0.02573        0.038813               0               0         0.11707               0               
         A        142        ALA           0.317        0.098394         0.47497               0         0.47497         0.16863               
         A        143        ARG         0.68028         0.27658         0.84179         0.20008          1.2018         0.25555               
         A        144        ALA        0.042827        0.048217               0               0         0.12535               0               
         A        145        PHE        0.058624        0.066414        0.012783        0.024269         0.18689               0               
         A        146        ALA         0.58814         0.15257         0.78732               0         0.78732         0.33265               
         A        147        LEU         0.32644        0.093481         0.25193        0.073018         0.44687         0.16863               
         A        148        TRP        0.071195          0.1089        0.004056        0.012168         0.27665               0               
         A        149        SER         0.57552         0.16795         0.55022               0         0.87558         0.33265               
         A        150        ALA          1.2303         0.31473          1.4905               0          1.6193         0.72638               
         A        151        VAL         0.58084         0.13632          0.5969         0.17168         0.74623         0.35644               
         A        152        THR         0.42589         0.21691         0.19945        0.008881         0.78732         0.18689               
         A        153        PRO         0.85429         0.25049          1.0244         0.26678          1.3738         0.59918               
         A        154        LEU         0.22789         0.15928        0.073711        0.043053         0.43322               0               
         A        155        THR         0.64235          0.2676         0.93992        0.030705         0.97301         0.29848               
         A        156        PHE         0.19216         0.21887        0.033871        0.047599         0.58252               0               
         A        157        THR         0.77811         0.32503          1.1159         0.11234          1.2675         0.30967               
         A        158        ARG         0.56298         0.15396         0.49044        0.038434         0.99897         0.43322               
         A        159        VAL         0.46823        0.085947         0.43696         0.10588         0.53456         0.28747               
         A        160        TYR          1.2165          0.2762          1.3507         0.14317           1.532         0.65132               
         A        161        SER          0.8712         0.34488          1.3003         0.19025          1.4905         0.41983               
         A        162        ARG          2.6375          1.8343          3.6588          1.5541          6.2344         0.76653               
         A        163        ASP          1.5545         0.93785           2.372         0.64249           3.106         0.59918               
         A        164        ALA         0.26845         0.11996         0.11707               0         0.47497         0.11707               
         A        165        ASP         0.20215          0.1087         0.27889        0.097194         0.40668         0.06239               
         A        166        ILE      0.00076307       0.0020189               0               0       0.0061046               0               
         A        167        VAL         0.04477        0.045231        0.093302        0.019271         0.11707               0               
         A        168        ILE        0.018134         0.02808               0               0        0.069872               0               
         A        169        GLN         0.19111         0.15644          0.3034         0.12166         0.47497               0               
         A        170        PHE        0.088294        0.087284        0.041522        0.042896         0.29848               0               
         A        171        GLY           0.128        0.071324               0               0         0.20573        0.012812               
         A        172        VAL         0.60207         0.21616         0.76907         0.20683           1.053         0.32106               
         A        173        ALA         0.62608         0.21939          1.0256               0          1.0256         0.36866               
         A        174        GLU           1.096         0.27048          1.2675         0.23671          1.5749         0.78732               
         A        175        HIS          0.3174         0.24284         0.12913        0.094825         0.65132               0               
         A        176        GLY          1.2166         0.22156               0               0          1.4905         0.89902               
         A        177        ASP         0.58966         0.35911         0.25427         0.13052            1.11         0.06239               
         A        178        GLY         0.93648          0.1198               0               0            1.11         0.78732               
         A        179        TYR         0.49258         0.19395          0.5397         0.19655         0.80859         0.15971               
         A        180        PRO         0.55455         0.20366         0.76909        0.067257          0.8527         0.28747               
         A        181        PHE         0.10029         0.16084       0.0037855       0.0092726         0.53456               0               
         A        182        ASP         0.54439         0.20942         0.46625         0.15629         0.94772         0.28747               
         A        183        GLY         0.51027        0.059217               0               0         0.58252         0.41983               
         A        184        LYS          1.5976          1.0176          2.1995          1.0214          4.0641         0.74623               
         A        185        ASP          0.7789         0.38713          1.0933         0.31088          1.6193         0.36866               
         A        186        GLY         0.29366         0.13929               0               0         0.50418         0.15092               
         A        187        LEU        0.070513        0.060243        0.095144        0.047654         0.15092               0               
         A        188        LEU       0.0033123       0.0087636       0.0066247        0.011474        0.026499               0               
         A        189        ALA               0               0               0               0               0               0               
         A        190        HIS               0               0               0               0               0               0               
         A        191        ALA               0               0               0               0               0               0               
         A        192        PHE        0.029826        0.035416         0.04687        0.034237        0.092963               0               
         A        193        PRO               0               0               0               0               0               0               
         A        194        PRO        0.036838        0.047914        0.027855        0.035164         0.13374               0               
         A        195        GLY         0.20923         0.10949               0               0         0.32106        0.033482               
         A        196        PRO          1.0429          0.3834          1.3597         0.35413          1.7129         0.55022               
         A        197        GLY         0.91738         0.31011               0               0          1.2675         0.47497               
         A        198        ILE         0.50114         0.20338         0.52186         0.14582         0.83038         0.16863               
         A        199        GLN         0.27723         0.11939         0.33392         0.12398          0.5662         0.15092               
         A        200        GLY        0.013753        0.023821               0               0        0.055012               0               
         A        201        ASP        0.069734        0.069806         0.13136        0.045587         0.19623               0               
         A        202        ALA               0               0               0               0               0               0               
         A        203        HIS        0.010295        0.021161        0.017158        0.025071         0.06239               0               
         A        204        PHE               0               0               0               0               0               0               
         A        205        ASP         0.01565        0.028106        0.031299        0.033016         0.07746               0               
         A        206        ASP          0.2641         0.10908          0.3063        0.082417         0.43322        0.055012               
         A        207        ASP         0.52782          0.2474         0.70955         0.21467          1.0256         0.21537               
         A        208        GLU         0.16658        0.094295         0.10566        0.072141         0.29848               0               
         A        209        LEU         0.62138         0.32341         0.89984         0.21882          1.2341         0.26601               
         A        210        TRP        0.085371         0.13469       0.0055012        0.016504         0.38111               0               
         A        211        SER         0.33688         0.12561         0.48943               0         0.48943         0.14227               
         A        212        LEU         0.42978          0.1103         0.47161         0.12535         0.63357         0.28747               
         A        213        GLY         0.75576        0.090381               0               0         0.89902         0.66947               
         A        214        LYS          1.9383          0.5927           2.419         0.30762           2.798          1.1703               
         A        215        GLY          1.8685         0.34297               0               0          2.2324          1.4115               
         A        391        GLN          2.8198          1.6683          4.0363          1.2427          5.9055         0.78732               
         A        392        GLY         0.53278         0.16936               0               0         0.80859         0.35644               
         A        393        TYR          0.1936         0.10266         0.22015         0.11039         0.43322         0.06239               
         A        394        SER          0.1261        0.048236         0.15612        0.030771         0.18689        0.033482               
         A        395        LEU        0.020876        0.031468         0.01014        0.017563        0.092963               0               
         A        396        PHE         0.13949        0.079932         0.19582        0.033094         0.24526        0.019609               
         A        397        LEU        0.073202        0.049884         0.11177        0.030589         0.15971               0               
         A        398        VAL       0.0057943        0.014193               0               0         0.04056               0               
         A        399        ALA               0               0               0               0               0               0               
         A        400        ALA               0               0               0               0               0               0               
         A        401        HIS       0.0025714       0.0059638               0               0        0.019609               0               
         A        402        GLU               0               0               0               0               0               0               
         A        403        PHE               0               0               0               0               0               0               
         A        404        GLY       0.0064285       0.0080077               0               0        0.019609               0               
         A        405        HIS       0.0012812       0.0038436               0               0        0.012812               0               
         A        406        ALA               0               0               0               0               0               0               
         A        407        LEU        0.008734        0.023108               0               0        0.069872               0               
         A        408        GLY         0.16385         0.10034               0               0         0.30967        0.033482               
         A        409        LEU          0.1445         0.07777        0.086124        0.053685         0.28747               0               
         A        410        ASP         0.52663         0.24756         0.70715         0.22606           1.053         0.24526               
         A        411        HIS         0.12046         0.13299        0.027322        0.041655         0.38111               0               
         A        412        SER         0.20144        0.024003         0.22075        0.024513         0.24526         0.16863               
         A        413        SER         0.45049        0.072709         0.54239       0.0078294         0.55022         0.35644               
         A        414        VAL         0.51344         0.17262         0.66936        0.098367         0.76653         0.25555               
         A        415        PRO         0.58556         0.14157         0.74638        0.016391         0.76653         0.41983               
         A        416        GLU          1.0946         0.58775          1.5876         0.25854          1.7622         0.34444               
         A        417        ALA          0.1692         0.09519         0.20573               0         0.30967        0.055012               
         A        418        LEU        0.021276        0.025232         0.03765        0.025789        0.069872               0               
         A        419        MET       0.0075212        0.014041       0.0049023       0.0084911         0.04056               0               
         A        420        TYR        0.099101        0.061672         0.13512        0.039877         0.21537               0               
         A        421        PRO       0.0056027       0.0088586       0.0065365       0.0092439        0.019609               0               
         A        422        MET          0.1855        0.083009         0.23036        0.082339         0.36866         0.06239               
         A        423        TYR          0.3109         0.13383         0.28505         0.10624         0.63357         0.16863               
         A        424        ARG         0.56274         0.14673          0.5629         0.12841         0.78732         0.30967               
         A        425        PHE         0.80646         0.27315         0.72711         0.25713          1.3373         0.36866               
         A        426        THR         0.74214         0.19949         0.80173         0.25635          1.1397         0.51922               
         A        427        GLU          1.8462          0.5099          2.1997         0.38265          2.7054            1.11               
         A        428        GLY          1.8282         0.41877               0               0           2.376          1.2018               
         A        429        PRO          1.8744         0.71957          2.5383         0.43794          2.8954         0.89902               
         A        430        PRO         0.45799          0.1901         0.49868         0.19467         0.76653         0.24526               
         A        431        LEU         0.36984         0.18617         0.21958        0.070325         0.72638         0.10892               
         A        432        HIS         0.59319          0.1872         0.68073          0.1859         0.97301         0.39378               
         A        433        LYS          2.0778          1.4536          3.0423          1.3031          4.6267         0.70699               
         A        434        ASP         0.47443         0.14043         0.49373        0.080903         0.68802         0.24526               
         A        435        ASP         0.13187        0.092512        0.059072        0.047103         0.26601               0               
         A        436        VAL         0.42822        0.062143         0.46817        0.061866         0.51922         0.34444               
         A        437        ASN         0.91753          0.2444          1.1275         0.15031          1.3738         0.55022               
         A        438        GLY         0.45044        0.099828               0               0          0.5662         0.30967               
         A        439        ILE         0.10727        0.084535         0.03251        0.025904         0.24526               0               
         A        440        ARG         0.89782         0.23044         0.99653         0.18617          1.3738         0.46079               
         A        441        HIS           1.631         0.37772          1.8851         0.23208          2.2324         0.97301               
         A        442        LEU         0.54467         0.19055         0.38396        0.088026          0.8527         0.23514               
         A        443        TYR         0.34429         0.32479         0.13818         0.13234         0.97301        0.012812               
