pdb_id: 
analysis type: unbound
radii_file: F:\psiafrombintisolah\PSAIA-1.0\amac_data\chothia.radii
CX_sRadius: 9
CX_vAtom: 20.1

  chain id|    res id|  res name|     average CX|       s_avg CX|    s-ch avg CX|  s-ch s_avg CX|         max CX|         min CX|               
         A         24        PRO          2.1472         0.44022          2.5033         0.41657          2.9979          1.7129               
         A         25        LYS          1.0068         0.26839         0.96391         0.15278           1.532         0.63357               
         A         26        ILE         0.73684         0.28473         0.94928         0.19989          1.2341         0.32106               
         A         27        VAL         0.12795        0.083597        0.071574        0.066244         0.28747               0               
         A         28        ASN         0.21169          0.1156         0.30667        0.082648         0.40668        0.055012               
         A         29        ILE         0.02794        0.035032               0               0        0.085156               0               
         A         30        GLY        0.051998        0.025754               0               0        0.085156        0.012812               
         A         31        ALA        0.038287        0.024652        0.019609               0        0.085156        0.019609               
         A         32        VAL         0.03553        0.030508         0.02717        0.022464        0.092963               0               
         A         33        LEU        0.043932        0.066031               0               0         0.16863               0               
         A         34        SER         0.39133         0.13711         0.41473        0.046061         0.53456         0.15092               
         A         35        THR          0.8969         0.30068          1.1374         0.23836          1.4115         0.43322               
         A         36        LYS         0.98863         0.23534          1.4115               0          1.4115         0.70699               
         A         37        LYS          0.9042         0.24947          1.2341               0          1.2341         0.59918               
         A         38        HIS         0.41087         0.19855         0.51284         0.13974         0.66947         0.07746               
         A         39        GLU         0.27419        0.097452          0.3118         0.10933         0.48943         0.17769               
         A         40        GLN          1.1832         0.58527          1.6359         0.38512          2.1004         0.51922               
         A         41        ILE           0.383         0.13627         0.47402         0.12135         0.65132         0.19623               
         A         42        PHE        0.034677        0.041256        0.013639        0.021565         0.11707               0               
         A         43        ARG         0.63477         0.30849         0.79208          0.2774          1.3373         0.22518               
         A         44        GLU         0.88505         0.38654          1.1699         0.28948           1.532         0.44687               
         A         45        ALA         0.24124        0.090062         0.16863               0         0.40668         0.16863               
         A         46        VAL         0.14473        0.073906        0.088399        0.058292         0.24526       0.0061046               
         A         47        ASN         0.90659         0.31145          1.1333         0.21424          1.3738         0.36866               
         A         48        GLN          1.1948         0.45802          1.5148         0.37944          1.9216         0.70699               
         A         49        ALA         0.35889         0.10892         0.15092               0         0.44687         0.15092               
         A         50        ASN         0.42216         0.14761         0.32078         0.10355         0.63357         0.16863               
         A         51        LYS          1.4166         0.32663          1.5749               0          1.8134         0.83038               
         A         52        ARG          1.4148         0.30522          1.7622               0          1.7622         0.92306               
         A         53        HIS          1.5087         0.35136          1.5749               0          1.9789          1.0256               
         A         54        PHE         0.87091         0.20106         0.55022               0          1.0811         0.55022               
         A         55        THR          1.7972         0.26554           2.165               0           2.165          1.4504               
         A         56        ARG          1.3239          0.1885          1.6193               0          1.6193          1.0811               
         A         57        LYS          1.2105         0.26877          1.4905               0          1.4905         0.87558               
         A         58        ILE         0.33953        0.097292         0.29194        0.075708         0.53456         0.18689               
         A         59        GLN         0.63942         0.31422         0.86571         0.24313          1.2341         0.27665               
         A         60        LEU         0.14247         0.11736        0.032362        0.022642         0.33265               0               
         A         61        GLN         0.70039         0.44414           1.026         0.33288          1.4905         0.15092               
         A         62        ALA         0.33862         0.11903         0.16863               0         0.50418         0.16863               
         A         63        THR         0.27226         0.10714         0.35933        0.063454         0.44687        0.092963               
         A         64        SER         0.27812        0.095404         0.21147        0.033786         0.44687         0.17769               
         A         65        VAL         0.30733         0.11597          0.3705         0.11477         0.48943         0.11707               
         A         66        THR         0.56904         0.12793         0.69363        0.099016         0.83038         0.43322               
         A         67        HIS         0.16274         0.15147        0.050404        0.052122         0.44687               0               
         A         68        ARG         0.58031         0.22846         0.70782         0.19172         0.94772         0.32106               
         A         69        PRO         0.74872         0.18699         0.95045        0.072375          1.0256         0.50418               
         A         70        ASN         0.96243         0.44133          1.3084         0.35001          1.8664         0.40668               
         A         71        ALA         0.43943        0.071397         0.47497               0         0.55022         0.35644               
         A         72        ILE          1.4331         0.58205          2.0004         0.13982          2.1004         0.72638               
         A         73        GLN         0.93671         0.40538          1.2158         0.29675          1.6653         0.35644               
         A         74        MET         0.10506         0.11059        0.037748        0.024863         0.33265               0               
         A         75        ALA         0.30166        0.063831         0.36866               0         0.36866         0.20573               
         A         76        LEU         0.82762         0.38999          1.1492         0.30731          1.4905         0.47497               
         A         77        SER         0.32269         0.06813         0.32746        0.028984         0.40668         0.22518               
         A         78        VAL         0.11725        0.063452        0.056721        0.043049         0.19623        0.019609               
         A         79        CYS         0.36659        0.052406         0.36387        0.042812         0.43322         0.28747               
         A         80        GLU          1.1136         0.43623          1.3724         0.41581          2.0384         0.58252               
         A         81        ASP         0.67778         0.23367          0.8307         0.23199          1.2018         0.41983               
         A         82        LEU         0.10977        0.082641        0.047737               0         0.26601         0.04056               
         A         83        ILE          0.1082        0.090587        0.050904        0.055688         0.26601               0               
         A         84        SER         0.59841         0.15364         0.68823        0.018758         0.78732         0.32106               
         A         85        SER         0.42021         0.12635         0.52471        0.091482         0.61619         0.24526               
         A         86        GLN         0.47099         0.34062         0.72309         0.24285         0.97301        0.069872               
         A         87        VAL        0.019947        0.032818        0.033022        0.042457        0.092963               0               
         A         88        TYR        0.037317        0.057584        0.055976        0.062685         0.19623               0               
         A         89        ALA        0.032661        0.024646       0.0061046               0         0.06239       0.0061046               
         A         90        ILE         0.04553        0.036129        0.017124        0.026253         0.10088               0               
         A         91        LEU        0.056393        0.047854        0.013343        0.016561         0.12535               0               
         A         92        VAL        0.024813        0.033339       0.0020349       0.0028777        0.092963               0               
         A         93        SER         0.09094        0.046586        0.069925       0.0075347         0.18689         0.04056               
         A         94        HIS         0.19952         0.14169         0.10154         0.04776         0.47497        0.047737               
         A         95        PRO         0.64036         0.20967         0.60485         0.21252         0.92306         0.35644               
         A         96        PRO          1.9838         0.45701           2.391         0.22929          2.7054          1.4115               
         A         97        ALA          1.5751         0.42347          1.4905               0           2.376          1.1397               
         A         98        PRO          0.9688         0.16086         0.84463         0.16722          1.1397         0.72638               
         A         99        THR         0.87007         0.15783          1.1397               0          1.1397         0.66947               
         A        100        ASP          0.3868         0.24719         0.16186        0.087323         0.72638         0.04056               
         A        101        HIS          1.4824          0.2724          1.6766        0.098558          1.8664         0.99897               
         A        102        LEU         0.61502         0.16508         0.89902               0         0.89902         0.44687               
         A        103        THR         0.36279        0.092737         0.43322               0         0.48943         0.23514               
         A        104        PRO        0.092766        0.067657        0.022321        0.015783         0.17769               0               
         A        105        THR         0.36715         0.10023         0.47998        0.018064         0.50418         0.25555               
         A        106        PRO         0.15262        0.056849        0.094408        0.039402         0.20573         0.04056               
         A        107        ILE        0.067089        0.071475       0.0098965        0.013843         0.19623               0               
         A        108        SER         0.11892         0.02323         0.11335        0.020391         0.15971        0.092963               
         A        109        TYR         0.74551         0.28716         0.92632         0.15396          1.1703         0.29848               
         A        110        THR          0.2394        0.059224         0.19166        0.045181         0.34444         0.15971               
         A        111        ALA          0.1067        0.033523         0.06239               0         0.15971         0.06239               
         A        112        GLY         0.26431        0.088227               0               0         0.36866         0.15971               
         A        113        PHE         0.72195         0.32766         0.87146         0.32371          1.3373         0.35644               
         A        114        TYR         0.18197        0.095714          0.1837         0.10272         0.40668        0.069872               
         A        115        ARG         0.60153          0.6161         0.90821         0.57912          2.0384               0               
         A        116        ILE               0               0               0               0               0               0               
         A        117        PRO       0.0017442       0.0027578               0               0       0.0061046               0               
         A        118        VAL        0.017652        0.026472               0               0         0.07746               0               
         A        119        ILE        0.045269        0.046103        0.016805        0.022199         0.14227               0               
         A        120        GLY        0.035886        0.026025               0               0         0.07746       0.0061046               
         A        121        LEU        0.023968        0.026056               0               0         0.06239               0               
         A        122        THR         0.15263        0.058289         0.21247        0.019804         0.23514        0.069872               
         A        123        THR         0.07431        0.048768         0.12053        0.028459         0.15971               0               
         A        124        ARG         0.14641        0.054244         0.14505        0.067741         0.24526        0.047737               
         A        125        MET          0.3305         0.19134         0.48137         0.15968         0.68802         0.10088               
         A        126        SER         0.20109        0.060902         0.14159        0.064134         0.26601         0.07746               
         A        127        ILE         0.55253         0.20705          0.7028         0.19397         0.89902         0.35644               
         A        128        TYR        0.080288        0.061056        0.069608        0.060505         0.19623               0               
         A        129        SER         0.12791        0.067611         0.10181        0.031936         0.23514        0.055012               
         A        130        ASP         0.84273         0.37425          1.1825         0.19998          1.3738         0.36866               
         A        131        LYS         0.55869          0.3452          0.3278         0.24765            1.11        0.055012               
         A        132        SER          1.9839         0.62383          2.7794         0.32661           3.106          1.2675               
         A        133        ILE         0.86653         0.28642          1.0418         0.18203          1.2675         0.40668               
         A        134        HIS         0.20531         0.10163          0.1603        0.077397         0.43322         0.07746               
         A        135        LEU         0.35943         0.18819         0.72638               0         0.72638         0.22518               
         A        136        SER        0.081121        0.034951         0.12955       0.0041991         0.13374        0.047737               
         A        137        PHE       0.0041121       0.0069204       0.0018303       0.0044833        0.019609               0               
         A        138        LEU       0.0041852        0.011073       0.0083704        0.014498        0.033482               0               
         A        139        ARG               0               0               0               0               0               0               
         A        140        THR               0               0               0               0               0               0               
         A        141        VAL        0.042266        0.050633        0.098621        0.020599         0.11707               0               
         A        142        PRO       0.0085957        0.014699       0.0065365       0.0092439         0.04056               0               
         A        143        PRO        0.026733        0.032293               0               0        0.085156               0               
         A        144        TYR         0.19883         0.18204         0.28233         0.16715         0.55022               0               
         A        145        SER        0.059829        0.035253         0.10525        0.020095         0.12535        0.026499               
         A        146        HIS         0.12517        0.041274         0.13113        0.042688         0.20573         0.06239               
         A        147        GLN        0.016039        0.026831               0               0        0.085156               0               
         A        148        ALA        0.050848        0.014938        0.055012               0        0.069872        0.033482               
         A        149        LEU          0.2033        0.085632         0.26432        0.068862         0.38111         0.07746               
         A        150        VAL        0.062108        0.053886       0.0042707       0.0060396         0.14227               0               
         A        151        TRP        0.046776        0.032732        0.032072        0.024627         0.10892               0               
         A        152        PHE         0.33025         0.16618         0.41962         0.14482         0.63357         0.12535               
         A        153        GLU         0.28435         0.10263         0.34056         0.10369         0.50418         0.16863               
         A        154        MET         0.12331         0.10435        0.042041        0.037513         0.29848               0               
         A        155        MET         0.16577         0.13547        0.055143        0.043743         0.43322               0               
         A        156        ARG          1.0433         0.58587          1.3376         0.54178          2.3026         0.35644               
         A        157        LEU         0.46781         0.13627         0.41998         0.12257         0.68802         0.28747               
         A        158        PHE         0.58959         0.26512         0.43486        0.088284          1.1703         0.32106               
         A        159        ASN          1.6339         0.68457          2.2109         0.51334          2.9979         0.92306               
         A        160        TRP         0.35661          0.1892         0.26693         0.13443         0.68802         0.06239               
         A        161        ASN           1.206         0.27107          1.4507        0.027955          1.4905         0.74623               
         A        162        HIS          1.2534         0.75871          1.7451         0.58905          2.4528         0.39378               
         A        163        VAL         0.19197        0.078398         0.11782        0.028754         0.32106         0.07746               
         A        164        ILE         0.16721        0.077741         0.17459        0.065691         0.27665        0.033482               
         A        165        LEU        0.097144        0.081111          0.0205        0.025476         0.20573               0               
         A        166        ILE        0.092503        0.023776        0.095779        0.030181         0.12535        0.047737               
         A        167        VAL        0.079105        0.042384        0.050981        0.029822         0.14227        0.026499               
         A        168        SER          0.1555        0.072457         0.14253        0.017181         0.27665        0.033482               
         A        169        ASP         0.93215         0.31239          1.1642          0.2423          1.5749         0.47497               
         A        170        ASP         0.76122         0.25414         0.59697         0.19428          1.1397         0.35644               
         A        171        HIS          1.0843         0.30631          1.4115               0          1.4115         0.65132               
         A        172        GLU         0.28466         0.13047         0.21986        0.054783         0.61619         0.12535               
         A        173        GLY         0.23574        0.082641               0               0         0.32106         0.12535               
         A        174        ARG         0.58803         0.14677         0.87558               0         0.87558         0.47497               
         A        175        ALA         0.36735         0.14824         0.33265               0         0.58252         0.18689               
         A        176        ALA        0.067071        0.057797               0               0         0.15971               0               
         A        177        GLN         0.37328         0.14223         0.42848         0.14396         0.66947         0.16863               
         A        178        LYS         0.74459         0.18967            1.11               0            1.11         0.59918               
         A        179        LYS         0.36894        0.097392          0.3952        0.073877         0.48943         0.20573               
         A        180        LEU         0.08056        0.092509               0               0         0.23514               0               
         A        181        GLU         0.59559           0.171         0.62323         0.13537         0.87558         0.28747               
         A        182        THR          1.1098         0.22807          1.2093         0.24361          1.4504         0.78732               
         A        183        LEU         0.60148         0.23338         0.38667         0.11107         0.92306         0.25555               
         A        184        LEU         0.68671         0.40458         0.36092         0.14181          1.4504         0.22518               
         A        185        GLU          2.1512         0.72272          1.9789               0          3.3406          1.1703               
         A        186        GLY          2.7485         0.26695               0               0          2.9979          2.3026               
         A        211        LYS          2.4136         0.93886          4.2387               0          4.2387          1.5749               
         A        212        ALA         0.81423         0.21929          0.8527               0            1.11         0.51922               
         A        213        ASP          0.5475         0.17338         0.38803        0.029361          0.8527         0.35644               
         A        214        LYS         0.67592         0.18068         0.74623               0         0.89902         0.36866               
         A        215        VAL         0.60882         0.12208         0.49455        0.088801         0.74623         0.40668               
         A        216        LEU         0.45764         0.10615         0.46859         0.13349         0.68802         0.33265               
         A        217        GLN         0.74505         0.17798         0.83698          0.1918          1.1397          0.5662               
         A        218        PHE         0.34973         0.24723         0.17287        0.081512         0.78732        0.069872               
         A        219        GLU          1.2045         0.26528          1.7129               0          1.7129         0.99897               
         A        220        PRO          1.1697         0.19871          1.0894         0.13306          1.5749         0.94772               
         A        221        GLY            1.55         0.30477               0               0          1.9216          1.0811               
         A        222        THR          1.2242         0.24252          1.4504               0          1.4504         0.80859               
         A        223        LYS          1.7489         0.33358           2.376               0           2.376          1.4504               
         A        224        ASN          1.8913         0.54476          2.8954               0          2.8954          1.3373               
         A        225        LEU         0.62491         0.14202         0.44687               0          0.8527         0.44687               
         A        226        THR           1.173         0.24564          1.3445         0.27484          1.7129         0.89902               
         A        227        ALA          1.5056          0.2005          1.8664               0          1.8664          1.3018               
         A        228        LEU         0.63409         0.15822          0.5662               0         0.89902         0.48943               
         A        229        LEU         0.31914         0.15871         0.16879        0.052889         0.51922         0.10088               
         A        230        LEU          1.0619         0.16654          1.1703               0          1.2341         0.76653               
         A        231        GLU          1.3052         0.37912          1.5019         0.40141          1.9789         0.92306               
         A        232        ALA         0.49013         0.14364         0.23514               0         0.63357         0.23514               
         A        233        LYS         0.90681         0.28675         0.80859               0          1.3738         0.58252               
         A        234        GLU          1.8944         0.37313          2.2324               0           2.376          1.3373               
         A        235        LEU          1.2714          0.2651         0.74623               0          1.4504         0.74623               
         A        236        GLU           1.896         0.69491            3.22               0            3.22          1.2341               
         A        237        ALA         0.59639          0.1332         0.55022               0         0.83038         0.43322               
         A        238        ARG         0.69625         0.25249         0.86952         0.11476          1.0256         0.27665               
         A        239        VAL         0.17743        0.087258         0.15041        0.051586         0.34444         0.07746               
         A        240        ILE        0.092973        0.058088        0.055471        0.021989         0.20573        0.033482               
         A        241        ILE        0.045949        0.042218        0.021831        0.019562         0.12535               0               
         A        242        LEU          0.0199        0.031958       0.0079546       0.0071755         0.10088               0               
         A        243        SER       0.0010174        0.002275               0               0       0.0061046               0               
         A        244        ALA         0.06037         0.03134        0.055012               0         0.10088       0.0061046               
         A        245        SER         0.38141         0.16586         0.60077        0.050551         0.65132         0.19623               
         A        246        GLU          0.5942          0.2505           0.763          0.2083           1.053         0.24526               
         A        247        ASP          1.0737         0.59963          1.5837         0.42873          2.3026         0.40668               
         A        248        ASP         0.29929         0.13123         0.38049         0.10939         0.53456        0.092963               
         A        249        ALA        0.083463        0.055068               0               0         0.15971               0               
         A        250        THR         0.33673         0.10003         0.38637        0.086601         0.50418         0.18689               
         A        251        ALA         0.33905          0.0477         0.40668               0         0.40668         0.26601               
         A        252        VAL         0.14942        0.089014        0.062315        0.048092         0.26601               0               
         A        253        TYR         0.10268         0.11505        0.028229        0.049878         0.28747               0               
         A        254        LYS          0.6325         0.14048         0.76653               0         0.76653         0.39378               
         A        255        SER         0.46891        0.040156         0.45383       0.0069561         0.55022         0.41983               
         A        256        ALA         0.36382         0.11597         0.20573               0         0.53456         0.20573               
         A        257        ALA          1.0216         0.35342          0.8527               0          1.5749         0.58252               
         A        258        MET          1.5845         0.22281          1.4905               0          1.9789          1.3018               
         A        259        LEU          0.9096         0.19368         0.72198        0.029079          1.2018         0.68802               
         A        260        ASP          1.2342         0.24391          1.6193               0          1.6193         0.94772               
         A        261        MET         0.31759         0.13666         0.25245        0.093143         0.59918         0.10892               
         A        262        THR         0.32217        0.058872         0.35346        0.037928         0.40668         0.19623               
         A        263        GLY          0.6297        0.088824               0               0         0.72638         0.51922               
         A        264        ALA         0.92467          0.2651          1.3738               0          1.3738          0.5662               
         A        265        GLY         0.79022         0.12253               0               0         0.97301         0.66947               
         A        266        TYR         0.35335         0.13735         0.38907         0.11727         0.59918         0.13374               
         A        267        VAL         0.10778        0.062794         0.16167        0.048067         0.22518        0.026499               
         A        268        TRP        0.023627        0.037597        0.011247        0.014092         0.12535               0               
         A        269        LEU        0.031664        0.027944        0.014775         0.01192        0.085156               0               
         A        270        VAL        0.023456         0.02652       0.0088329        0.012492        0.069872               0               
         A        271        GLY       0.0064285       0.0080077               0               0        0.019609               0               
         A        272        GLU         0.24018         0.11254         0.30674         0.10627         0.48943        0.092963               
         A        273        ARG         0.25832         0.12688         0.31711         0.11926         0.51922         0.10088               
         A        274        GLU       0.0036226       0.0083089       0.0065206        0.010265        0.026499               0               
         A        275        ILE        0.095172        0.083686        0.058444        0.038874         0.24526               0               
         A        276        SER         0.57972         0.14098          0.6286        0.078382         0.72638         0.32106               
         A        277        GLY          1.0588         0.16402               0               0          1.3018         0.87558               
         A        278        SER         0.62002         0.14062         0.74085         0.08953         0.83038         0.43322               
         A        279        ALA         0.16085          0.0862        0.026499               0         0.29848        0.026499               
         A        280        LEU         0.39366         0.16764         0.46758         0.20794         0.74623         0.15971               
         A        281        ARG         0.90379         0.23769          1.3018               0          1.3018         0.61619               
         A        282        TYR          1.1276         0.85261          1.4867         0.83502          3.3406         0.24526               
         A        283        ALA         0.17671         0.10556        0.012812               0         0.28747        0.012812               
         A        284        PRO         0.15112        0.055656         0.14123        0.046085         0.23514        0.069872               
         A        285        ASP         0.43536          0.1336         0.56057        0.060875         0.63357         0.27665               
         A        286        GLY        0.099545        0.026994               0               0         0.14227        0.069872               
         A        287        ILE       0.0057635         0.01013               0               0        0.026499               0               
         A        288        ILE        0.023956        0.025826        0.039542        0.025257        0.069872               0               
         A        289        GLY        0.011934        0.020671               0               0        0.047737               0               
         A        290        LEU        0.030394        0.053651               0               0         0.14227               0               
         A        291        GLN         0.37249         0.18991         0.50901         0.14093         0.65132         0.11707               
         A        292        LEU         0.24017         0.17804        0.095814        0.056359         0.59918        0.033482               
         A        293        ILE         0.47295         0.13277         0.57092        0.087362         0.70699         0.23514               
         A        294        ASN         0.60117         0.24876         0.75963         0.22371          1.0811         0.26601               
         A        295        GLY         0.40431         0.03537               0               0         0.46079         0.36866               
         A        296        LYS         0.96174         0.20258          1.3373               0          1.3373         0.76653               
         A        297        ASN         0.89623         0.36458          1.1373         0.31065          1.6193         0.30967               
         A        298        GLU         0.23938         0.12813          0.1873         0.10391         0.50418        0.012812               
         A        299        SER         0.58961         0.24187         0.92306               0         0.92306         0.33265               
         A        300        ALA         0.38219         0.10812         0.51922               0         0.51922         0.25555               
         A        301        HIS        0.058698          0.0406        0.047327        0.028988         0.15971        0.012812               
         A        302        ILE         0.05065        0.062285               0               0         0.15092               0               
         A        303        SER         0.25385        0.096862         0.37827        0.068602         0.44687         0.17769               
         A        304        ASP         0.16882        0.065357         0.20234        0.067117         0.29848        0.085156               
         A        305        ALA        0.093871        0.031199         0.04056               0         0.12535         0.04056               
         A        306        VAL         0.12491        0.058076        0.066283        0.038351         0.19623        0.012812               
         A        307        ALA         0.29681         0.02694         0.34444               0         0.34444         0.26601               
         A        308        VAL         0.10669        0.071125        0.034317         0.02585         0.21537               0               
         A        309        VAL         0.11839        0.063966        0.055949        0.031773         0.22518        0.033482               
         A        310        ALA         0.17658        0.053312         0.07746               0         0.23514         0.07746               
         A        311        GLN         0.48452         0.15589         0.60315         0.10667         0.72638         0.30967               
         A        312        ALA         0.17579        0.045487         0.14227               0         0.24526         0.11707               
         A        313        ILE         0.11069        0.073763        0.046463        0.023535         0.22518        0.019609               
         A        314        HIS         0.33106         0.13811          0.2485        0.063825         0.59918         0.15971               
         A        315        GLU         0.51644         0.13799         0.45237         0.13288         0.72638         0.33265               
         A        316        LEU         0.20104         0.16851        0.042344        0.041638         0.47497               0               
         A        317        PHE         0.45826         0.29434          0.2984         0.12814          1.0811         0.13374               
         A        318        GLU          1.6733         0.39786           1.821         0.34735          2.4528         0.97301               
         A        319        MET          1.0457         0.24545          0.8208         0.10952          1.4115         0.65132               
         A        320        GLU          2.1939         0.60139          3.3406               0          3.3406          1.7129               
         A        321        ASN          3.0408          1.3303          4.1503         0.96131          5.0769           1.532               
         A        322        ILE         0.64807         0.23532            0.45         0.11703          1.0256         0.26601               
         A        323        THR         0.82257         0.28322          1.0693          0.2328          1.3738         0.41983               
         A        324        ASP         0.70296         0.24734          0.8874         0.22239          1.2675         0.44687               
         A        325        PRO         0.15701          0.1068        0.074547        0.070215         0.34444               0               
         A        326        PRO         0.14023         0.10592        0.050308        0.071146         0.30967               0               
         A        327        ARG         0.70919          0.2343          1.1397               0          1.1397         0.48943               
         A        328        GLY         0.43139        0.046844               0               0         0.48943         0.36866               
         A        329        CYS         0.54348         0.25334         0.26865         0.10002         0.89902         0.16863               
         A        330        VAL          2.1479         0.64793          2.6912         0.54949          3.4683          1.1397               
         A        331        GLY          2.2356         0.41028               0               0          2.7054          1.6653               
         A        332        ASN          1.0089         0.16639          1.0061         0.11775          1.3373         0.80859               
         A        333        THR           1.644           0.424          2.0966         0.22973           2.376          1.2018               
         A        334        ASN          1.6863         0.94297          2.4826         0.65785           3.106         0.50418               
         A        335        ILE         0.63238         0.24914         0.80609         0.21413          1.1397         0.29848               
         A        336        TRP         0.11965         0.12476         0.05094         0.05671         0.39378               0               
         A        337        LYS         0.69235         0.14233         0.92306               0         0.92306         0.48943               
         A        338        THR         0.24247         0.10452         0.23646         0.10045         0.36866         0.10892               
         A        339        GLY         0.13119        0.042695               0               0         0.17769         0.06239               
         A        340        PRO         0.49445         0.10376         0.57597         0.08145         0.63357         0.36866               
         A        341        LEU         0.49253         0.11339          0.5263         0.10518         0.68802         0.33265               
         A        342        PHE        0.032758        0.068599               0               0         0.23514               0               
         A        343        LYS         0.20564        0.096756          0.2319         0.11599         0.40668        0.085156               
         A        344        ARG          1.2622         0.72754           1.666         0.61824          2.6172         0.47497               
         A        345        VAL         0.24844        0.077096         0.23531         0.06626         0.38111         0.15971               
         A        346        LEU        0.066645        0.057542        0.013753        0.023821         0.15092               0               
         A        347        MET         0.26654        0.087022         0.27581         0.11318         0.44687         0.13374               
         A        348        SER         0.81795         0.24585          1.0545        0.055527            1.11         0.46079               
         A        349        SER         0.29809         0.10592         0.17946        0.045716         0.43322         0.13374               
         A        350        LYS         0.48636         0.11457         0.66947               0         0.66947         0.35644               
         A        351        TYR         0.40034         0.10308         0.41899         0.12062          0.5662         0.20573               
         A        352        PRO         0.92141         0.15432          1.0918        0.048339          1.1397         0.72638               
         A        353        ASP          1.7025         0.93981          2.4475         0.79879          3.7476         0.74623               
         A        354        GLY         0.67238        0.070858               0               0         0.78732         0.59918               
         A        355        VAL         0.87037         0.31347          1.0204         0.40219          1.5749         0.61619               
         A        356        THR         0.26985         0.11039         0.15251        0.042276         0.41983        0.092963               
         A        357        GLY         0.41968         0.06688               0               0         0.50418         0.33265               
         A        358        ARG          0.7276         0.52356          1.0112         0.45119          1.7622         0.10892               
         A        359        ILE        0.033405        0.039643       0.0066247        0.011474         0.10892               0               
         A        360        GLU         0.40631         0.35239         0.65469         0.28968           1.053        0.055012               
         A        361        PHE        0.060097         0.10899       0.0018303       0.0044833         0.35644               0               
         A        362        ASN          0.5095         0.18066         0.61763         0.18884         0.87558         0.29848               
         A        363        GLU           1.491         0.57617          1.9393         0.35082          2.5331         0.74623               
         A        364        ASP         0.55542         0.30353         0.74077         0.18388         0.99897        0.069872               
         A        365        GLY         0.06189        0.072687               0               0         0.17769               0               
         A        366        ASP        0.022778        0.034433        0.021289        0.036873        0.085156               0               
         A        367        ARG         0.05401        0.030392        0.043599         0.02934         0.10892               0               
         A        368        LYS         0.48633         0.40478         0.73848          0.3894          1.4115         0.15092               
         A        369        PHE          0.5855          0.3828         0.78676         0.34412          1.3738         0.18689               
         A        370        ALA        0.078765        0.054091               0               0         0.15971               0               
         A        371        GLN         0.33273         0.20005         0.46158         0.18425         0.72638         0.13374               
         A        372        TYR        0.062821        0.080787         0.01008        0.017825         0.23514               0               
         A        373        SER         0.21361         0.12581         0.38111               0         0.38111        0.055012               
         A        374        ILE        0.064143        0.051989        0.014995        0.015197         0.13374               0               
         A        375        MET         0.19486         0.17737          0.3047         0.18697         0.58252               0               
         A        376        ASN        0.052478        0.033281        0.025135         0.01534         0.10892               0               
         A        377        LEU         0.14557        0.069376         0.16872        0.051306         0.21537        0.019609               
         A        378        GLN         0.54176         0.22972          0.4212         0.13382          1.0256         0.28747               
         A        379        ASN          1.4898         0.38083          1.9216               0          1.9216         0.87558               
         A        380        ARG          1.4463          0.3801          1.6493          0.3179          2.2324         0.97301               
         A        381        LYS          1.0541         0.29075           1.532               0           1.532         0.68802               
         A        382        LEU         0.48408         0.21452         0.30412         0.11655         0.83038         0.11707               
         A        383        VAL         0.45529         0.16507         0.58613        0.076365         0.68802         0.15971               
         A        384        GLN         0.61509          0.1707         0.74493         0.10795         0.89902         0.38111               
         A        385        VAL         0.13668        0.056731        0.087042        0.044864         0.20573        0.026499               
         A        386        GLY         0.21642        0.035548               0               0         0.25555         0.16863               
         A        387        ILE         0.33617         0.15547         0.45761         0.12915         0.66947         0.15092               
         A        388        PHE         0.13085        0.067431        0.093799        0.046283         0.25555        0.033482               
         A        389        ASN         0.72991         0.27186         0.96853         0.17651          1.2675         0.41983               
         A        390        GLY         0.41854        0.086825               0               0         0.51922         0.32106               
         A        391        SER           1.023         0.25572          1.3378        0.035966          1.3738         0.63357               
         A        392        TYR            1.73          1.1412          2.2732          1.0263          4.4258         0.40668               
         A        393        ILE         0.24821         0.14614         0.11195        0.033231         0.44687         0.06239               
         A        394        ILE         0.82558         0.30565           1.104         0.13392          1.2675         0.40668               
         A        395        GLN          0.8835          0.1588         0.87558               0          1.1703         0.72638               
         A        396        ASN         0.99196         0.22071          1.0287         0.23812          1.3018         0.66947               
         A        397        ASP          2.2649         0.79919          3.7476               0          3.7476          1.3738               
         A        398        ARG            1.01         0.18461         0.94772               0          1.3018         0.83038               
         A        399        LYS          0.7461         0.24792            1.11               0            1.11         0.43322               
         A        400        ILE          0.2956         0.15513         0.17748        0.072518         0.59918         0.10088               
         A        401        ILE         0.36359         0.17353         0.49895         0.14116         0.70699         0.13374               
         A        402        TRP         0.28639         0.13692          0.3064         0.15167         0.55022        0.092963               
         A        403        PRO         0.25211         0.17728          0.1191        0.048348          0.5662         0.07746               
         A        404        GLY          1.3356         0.37185               0               0          1.8664         0.83038               
         A        405        GLY          1.9806         0.47449               0               0          2.7054          1.3738               
         A        406        GLU          1.1873         0.21289          1.1152         0.10677           1.532          0.8527               
         A        407        THR          1.2922        0.097554          1.3738               0          1.4115          1.1397               
         A        408        GLU         0.91135          0.1191         0.89902               0           1.053         0.72638               
         A        409        GLY         0.69404         0.13653               0               0         0.89902         0.53456               
         A        410        THR         0.42685         0.21757         0.23583         0.06975         0.76653         0.14227               
         A        411        LEU          1.6059         0.37883           2.165               0           2.165          1.0256               
         A        412        VAL          2.8085         0.94839          3.8832         0.54258          4.4258          1.4905               
