pdb_id: 
analysis type: unbound
radii_file: F:\psiafrombintisolah\PSAIA-1.0\amac_data\chothia.radii
CX_sRadius: 8
CX_vAtom: 20.1

  chain id|    res id|  res name|     average CX|       s_avg CX|    s-ch avg CX|  s-ch s_avg CX|         max CX|         min CX|               
         R          3        PRO          1.3906         0.57146          1.7958         0.39808          2.2333         0.54637               
         R          4        PRO          0.4389         0.30931         0.70985          0.2292         0.87192        0.077773               
         R          5        GLY         0.27939        0.045021               0               0         0.35063         0.24069               
         R          6        LYS         0.75149         0.29114         0.99805         0.11925          1.0921         0.36794               
         R          7        PRO          0.1282        0.098989        0.061907        0.078217         0.31728       0.0065994               
         R          8        GLU         0.50907          0.4381         0.80637         0.38006          1.3711        0.088771               
         R          9        ILE          0.1112         0.14968        0.018399        0.028186         0.42266               0               
         R         10        PHE         0.61431         0.21255          0.6416         0.20969         0.90535         0.30121               
         R         11        LYS         0.61622         0.36219         0.91076         0.27895          1.3196         0.18555               
         R         12        CYS         0.15937        0.081085        0.057364        0.031407         0.25529        0.025957               
         R         13        ARG          0.4632          0.4093         0.68413         0.35789          1.2229        0.025957               
         R         14        SER        0.040155         0.01928        0.028216        0.028216        0.056431               0               
         R         15        PRO         0.29321         0.12913         0.42246        0.092096         0.52428         0.14731               
         R         16        ASN         0.36748         0.17066         0.51466          0.0961         0.59253         0.17252               
         R         17        LYS         0.15938        0.053171         0.17777        0.056188         0.25529        0.088771               
         R         18        GLU          0.7732         0.53884          1.1895         0.36258          1.6024         0.21249               
         R         19        THR         0.16605         0.13759         0.30236        0.092132         0.42266        0.025957               
         R         20        PHE        0.014618        0.027512               0               0        0.088771               0               
         R         21        THR        0.059599        0.013491        0.067207        0.014943        0.077773        0.046074               
         R         22        CYS       0.0026977       0.0060322               0               0        0.016186               0               
         R         23        TRP         0.20701         0.16477         0.28395         0.13123         0.50281               0               
         R         24        TRP        0.034052        0.038124        0.022762        0.023581         0.12315               0               
         R         25        ARG         0.81967         0.53676          1.1684         0.34031          1.4814         0.11145               
         R         26        PRO         0.56426         0.13912          0.6787         0.13792         0.83965         0.42266               
         R         27        GLY         0.83007         0.31766               0               0          1.3196         0.46164               
         R         28        THR         0.96857          0.3529          1.2437         0.22029          1.5405         0.36794               
         R         29        ASP         0.80087         0.19748          0.8553          0.2541           1.134         0.44189               
         R         30        GLY          1.0925         0.21259               0               0           1.425         0.83965               
         R         31        GLY          1.2125         0.04927               0               0          1.2702           1.134               
         R         34        THR         0.53169         0.27063          0.2346        0.064512         0.87192         0.14731               
         R         35        ASN            1.36         0.68424          1.8849         0.59261          2.8107         0.56911               
         R         36        TYR         0.30036         0.17871          0.2114         0.10612         0.72096        0.046074               
         R         37        SER         0.26476        0.093642         0.37683       0.0088827         0.38571         0.12315               
         R         38        LEU        0.041895        0.060225               0               0         0.18555               0               
         R         39        THR         0.14927         0.12529         0.27631        0.090249         0.40394        0.035918               
         R         40        TYR        0.053569        0.052316        0.059013         0.05938         0.19887               0               
         R         41        HIS         0.12441         0.12904         0.20735         0.10274         0.38571               0               
         R         42        ARG         0.44009         0.41142         0.62683         0.40721          1.2229               0               
         R         43        GLU         0.88254         0.54821          1.2358         0.46784          1.8079         0.21249               
         R         44        GLY          0.9827         0.24845               0               0          1.2702         0.59253               
         R         45        GLU         0.78439         0.22713         0.71567         0.16835          1.1775         0.46164               
         R         46        THR          1.1792         0.36515          1.3579          0.4333          1.9639         0.83965               
         R         47        LEU           1.186         0.37982          1.4263         0.37862          1.7359         0.74917               
         R         48        MET         0.80249         0.33302         0.99239         0.35371          1.6024         0.46164               
         R         49        HIS         0.61993         0.22013         0.71412         0.22788          1.0519         0.33374               
         R         50        GLU         0.70896          0.3888         0.96324          0.3471          1.5405         0.28554               
         R         51        CYS         0.16958        0.098828        0.089224        0.022229         0.36794        0.066995               
         R         52        PRO         0.34326         0.18875         0.23044         0.10258         0.74917        0.099995               
         R         53        ASP         0.32086         0.17219         0.44402         0.15025         0.61666        0.077773               
         R         54        TYR         0.37881        0.094851         0.38342         0.11092         0.56911         0.22643               
         R         55        ILE          1.4377         0.74751          2.1088         0.44737          2.8107         0.54637               
         R         56        THR         0.92354         0.18551          1.0466         0.12354           1.134         0.66718               
         R         57        GLY         0.40442         0.08441               0               0         0.52428         0.28554               
         R         58        GLY         0.70735         0.24285               0               0          1.0519         0.42266               
         R         59        PRO          1.4622          0.7119          2.2085          0.3592          2.6793         0.64153               
         R         60        ASN         0.44002         0.19579          0.5856        0.085496         0.66718        0.099995               
         R         61        SER        0.054983         0.05464        0.056845        0.020928         0.15978               0               
         R         62        CYS               0               0               0               0               0               0               
         R         63        HIS         0.20634         0.22577          0.3412         0.19862         0.64153               0               
         R         64        PHE        0.017083         0.02925       0.0023123       0.0056639        0.077773               0               
         R         65        GLY         0.22496        0.079351               0               0         0.28554        0.088771               
         R         66        LYS          1.6627          1.2732          2.4498          1.2318           4.335         0.54637               
         R         67        GLN          1.9147         0.83769            2.54           0.605           3.268         0.97592               
         R         68        TYR         0.69419         0.43452         0.83597         0.45602          1.8079         0.21249               
         R         69        THR         0.26239         0.17101         0.10152        0.041432         0.59253        0.066995               
         R         70        SER         0.48981         0.26106         0.77251          0.2034         0.97592         0.19887               
         R         71        MET         0.62676         0.16529         0.65797          0.1294         0.90535         0.42266               
         R         72        TRP          1.3891         0.74082          1.7157         0.62371          2.8107         0.44189               
         R         73        ARG         0.62731         0.39315         0.84793         0.32195          1.3711         0.11145               
         R         74        THR         0.16859         0.14086           0.315        0.063025         0.36794               0               
         R         75        TYR        0.028625         0.04765        0.033934         0.05598         0.17252               0               
         R         76        ILE        0.083662        0.091802         0.16083        0.069411         0.24069               0               
         R         77        MET        0.016411        0.029705               0               0        0.088771               0               
         R         78        MET         0.17749          0.1199         0.27127         0.10319         0.40394        0.056431               
         R         79        VAL               0               0               0               0               0               0               
         R         80        ASN         0.20641         0.15928         0.34819        0.090731         0.48194               0               
         R         81        ALA        0.041163        0.024735               0               0        0.066995               0               
         R         82        THR         0.50918         0.27688         0.80035         0.14678         0.97592         0.17252               
         R         83        ASN         0.26399         0.16001         0.18084        0.080179         0.61666         0.12315               
         R         84        GLN          1.6356         0.92479          2.2295         0.80933           3.268         0.42266               
         R         85        MET           1.062         0.14385           1.103          0.1475          1.2702         0.87192               
         R         86        GLY         0.90144         0.19964               0               0           1.134         0.64153               
         R         87        SER         0.63938         0.15258          0.6513         0.12702         0.83965         0.40394               
         R         88        SER         0.38229         0.12206         0.51415        0.032216         0.54637         0.15978               
         R         89        PHE         0.87204         0.54855          1.1635         0.48686          1.9639         0.30121               
         R         90        SER         0.20796         0.11582        0.061923         0.01585         0.35063        0.046074               
         R         91        ASP          1.1852         0.87805          1.9383         0.62748          2.4419         0.28554               
         R         92        GLU         0.66828         0.19196         0.78744         0.16449          1.0519         0.40394               
         R         93        LEU         0.44803         0.13171         0.51989          0.1387         0.74917         0.27023               
         R         94        TYR         0.79411         0.24947         0.90584         0.23387           1.425         0.50281               
         R         95        VAL         0.15839        0.082554         0.10765        0.065209         0.31728        0.025957               
         R         96        ASP         0.26448         0.11222         0.35289        0.095871         0.50281         0.14731               
         R         97        VAL        0.013423        0.026858               0               0        0.077773               0               
         R         98        THR         0.12096        0.035943         0.15164        0.015582         0.17252        0.056431               
         R         99        TYR         0.85213         0.49809          1.1145          0.4023          1.8079         0.18555               
         R        100        ILE        0.067094        0.050883        0.091256        0.052574         0.17252               0               
         R        101        VAL               0               0               0               0               0               0               
         R        102        GLN         0.25991         0.25593         0.41941         0.24024         0.77833               0               
         R        103        PRO        0.028603        0.045631               0               0         0.11145               0               
         R        104        ASP         0.35329         0.23487         0.54428         0.14584         0.72096               0               
         R        105        PRO         0.23359         0.16766         0.39225         0.13088         0.54637        0.016186               
         R        106        PRO               0               0               0               0               0               0               
         R        107        LEU         0.49191         0.23473         0.68448          0.1355         0.87192         0.11145               
         R        108        GLU           1.792          1.1605          2.5845         0.99932           4.335         0.69364               
         R        109        LEU          0.1926         0.19994        0.011518        0.019951         0.54637               0               
         R        110        ALA         0.46768         0.15884         0.59253               0         0.64153         0.24069               
         R        111        VAL         0.30643         0.12946           0.191        0.035523         0.56911         0.15978               
         R        112        GLU         0.83917         0.54134          1.2031         0.47037          1.9639         0.24069               
         R        113        VAL         0.29432        0.092293         0.20956        0.044022         0.44189         0.14731               
         R        114        LYS         0.67052          0.6795         0.98344         0.78049          2.4419         0.22643               
         R        115        GLN         0.31549         0.13124         0.31774          0.1381         0.56911         0.15978               
         R        116        PRO         0.43698         0.14183         0.50687         0.12926         0.66718         0.19887               
         R        117        GLU          1.6569          1.0873          2.4342         0.86801          3.4458         0.48194               
         R        118        ASP           1.245         0.55891          1.7012         0.45051          2.4419         0.69364               
         R        119        ARG          1.4488          1.0773          2.0403         0.92015          3.6391         0.19887               
         R        120        LYS         0.94877         0.74925          1.5119         0.53452          2.2333        0.088771               
         R        121        PRO        0.082872        0.046565        0.086854        0.043325         0.15978        0.025957               
         R        122        TYR         0.16129         0.17306         0.23869         0.16398         0.59253               0               
         R        123        LEU       0.0078788        0.018478        0.014108        0.024435        0.056431               0               
         R        124        TRP          0.2894         0.28897         0.40055         0.27112         0.87192               0               
         R        125        ILE       0.0032446       0.0085845               0               0        0.025957               0               
         R        126        LYS         0.48041         0.49992         0.77138         0.50716          1.5405        0.066995               
         R        127        TRP        0.042919        0.070286       0.0016186       0.0048558         0.22643               0               
         R        128        SER         0.40606            0.21         0.69364               0         0.69364         0.18555               
         R        129        PRO         0.43582         0.19185         0.62153         0.14062         0.72096         0.22643               
         R        130        PRO          0.1884         0.15048        0.069856        0.056109         0.46164        0.016186               
         R        131        THR         0.90447         0.33046          1.2609         0.12119          1.3711         0.50281               
         R        132        LEU         0.67115         0.25033         0.73502         0.23435           1.134         0.31728               
         R        133        ILE         0.46903         0.29152         0.27624         0.19033          1.0519        0.025957               
         R        136        LYS          1.5261         0.43175          1.0921               0          2.2333          1.0921               
         R        137        THR          2.4064         0.55555          2.4055         0.34667          3.4458          1.6024               
         R        138        GLY          1.4535         0.34583               0               0          2.0486          1.2229               
         R        139        TRP          1.0889         0.24946          1.0824         0.29088          1.6024         0.72096               
         R        140        PHE         0.31389         0.24363         0.15106         0.11908         0.77833               0               
         R        141        THR         0.56788         0.22597         0.79684         0.12712         0.97592         0.30121               
         R        142        LEU         0.17942         0.09049        0.098241        0.034457         0.31728        0.056431               
         R        143        LEU          0.1841         0.15498         0.29874         0.13069         0.46164               0               
         R        144        TYR        0.016447        0.038069         0.02467        0.044396          0.1351               0               
         R        145        GLU        0.088362         0.11709         0.15905          0.1159         0.31728               0               
         R        146        ILE               0               0               0               0               0               0               
         R        147        ARG         0.20646         0.31389         0.32444          0.3414         0.90535               0               
         R        148        LEU        0.018411        0.028635        0.030332        0.035062        0.088771               0               
         R        149        LYS         0.22109         0.23957         0.35643         0.24804         0.74917        0.016186               
         R        150        PRO         0.20504        0.097218         0.22006        0.095534         0.33374        0.046074               
         R        151        GLU         0.70936         0.36311         0.87839         0.36661          1.4814         0.24069               
         R        152        LYS          2.1506          1.4369          2.9331          1.5085          5.2764         0.74917               
         R        153        ALA          1.0486         0.22035         0.61666               0          1.2229         0.61666               
         R        154        ALA          1.7651         0.30109          2.3344               0          2.3344          1.5405               
         R        155        GLU          2.4011          1.5268          3.5074          1.1673          5.2764         0.59253               
         R        156        TRP          0.4366         0.22487         0.39415         0.23754         0.80847        0.056431               
         R        157        GLU         0.49909         0.15934         0.58939         0.13189         0.74917         0.21249               
         R        158        ILE         0.43694         0.14494         0.42528           0.179         0.69364         0.25529               
         R        159        HIS         0.45239         0.20104         0.54454         0.19629         0.87192         0.15978               
         R        160        PHE         0.68753          0.2981         0.81649         0.29195          1.3711         0.31728               
         R        161        ALA         0.17669        0.087712        0.035918               0         0.27023        0.035918               
         R        162        GLY          0.5199         0.13525               0               0         0.72096         0.35063               
         R        163        GLN          1.0342         0.58014          1.4097         0.53546          2.1382         0.52428               
         R        164        GLN         0.87632         0.57398          1.2887         0.44693          2.0486         0.18555               
         R        165        THR         0.33812         0.14795         0.47945        0.081445         0.59253          0.1351               
         R        166        GLU         0.48445         0.40444         0.74615         0.37378          1.3196         0.11145               
         R        167        PHE         0.27688         0.21115         0.36881         0.21395         0.69364        0.056431               
         R        168        LYS         0.57261         0.44606         0.78222         0.50318          1.6675         0.25529               
         R        169        ILE         0.17551        0.058394         0.13727        0.048665         0.27023        0.056431               
         R        170        LEU          0.7328         0.30103         0.84007         0.31542          1.3711         0.38571               
         R        171        SER         0.96386         0.51101          1.6446         0.16325          1.8079         0.38571               
         R        172        LEU         0.42075          0.2082         0.24598        0.046126         0.80847         0.19887               
         R        173        HIS         0.99302         0.55923          1.3275         0.48186          1.9639         0.35063               
         R        174        PRO         0.39453        0.095775         0.37522        0.043657         0.59253         0.27023               
         R        175        GLY         0.66436         0.19503               0               0         0.93999         0.40394               
         R        176        GLN         0.42157         0.25477         0.58085         0.23084         0.93999         0.11145               
         R        177        LYS         0.57561         0.57922         0.93946         0.55027          1.8079        0.056431               
         R        178        TYR        0.048914        0.078662        0.072545         0.08719         0.25529               0               
         R        179        LEU        0.057998        0.087354         0.11435        0.094357         0.25529               0               
         R        180        VAL               0               0               0               0               0               0               
         R        181        GLN         0.10738         0.14005         0.19329         0.13675         0.40394               0               
         R        182        VAL               0               0               0               0               0               0               
         R        183        ARG         0.12567         0.19545         0.19748         0.21412         0.61666               0               
         R        184        CYS               0               0               0               0               0               0               
         R        185        LYS          0.2278         0.28728         0.40679         0.27645         0.77833               0               
         R        186        PRO         0.04556         0.05244       0.0053953       0.0076302         0.12315               0               
         R        187        ASP         0.47009         0.18379         0.46699        0.090845         0.87192         0.21249               
         R        188        HIS          1.1454         0.75992          1.6441         0.57764          2.4419         0.31728               
         R        189        GLY         0.20447         0.05226               0               0         0.28554         0.14731               
         R        190        TYR         0.36849         0.25278         0.49823         0.20874         0.80847        0.016186               
         R        191        TRP         0.26337         0.17406          0.2916         0.19834         0.64153        0.016186               
         R        192        SER         0.07824        0.062401        0.017959        0.017959         0.17252               0               
         R        193        ALA         0.40625           0.266         0.87192               0         0.87192        0.099995               
         R        194        TRP         0.20699         0.16375         0.17019         0.17235         0.52428               0               
         R        195        SER         0.22098         0.14059        0.083495          0.0165         0.42266        0.066995               
         R        196        PRO          1.0736         0.52778          1.4709         0.53117          1.8838         0.56911               
         R        197        ALA         0.57465         0.13053         0.48194               0         0.80847         0.44189               
         R        198        THR         0.38342        0.063491          0.4015        0.072986         0.50281         0.30121               
         R        199        PHE         0.79179         0.25892         0.93012         0.22318          1.2702         0.44189               
         R        200        ILE         0.28796         0.10124          0.2714         0.12507         0.44189        0.099995               
         R        201        GLN         0.73706         0.21172         0.90065            0.13          1.0519         0.46164               
         R        202        ILE         0.11116         0.12224       0.0040465       0.0070088         0.31728               0               
         R        203        PRO         0.39788        0.099404         0.39485         0.11433         0.54637         0.27023               
         R        204        SER          1.1509         0.48434          1.7945         0.25405          2.0486         0.66718               
         R        205        ASP          1.0588         0.39986           1.417          0.2266          1.8079         0.56911               
         R        206        PHE         0.12847         0.14894        0.040237        0.058377         0.50281               0               
         R        207        THR         0.54358         0.20289         0.66798         0.17663         0.90535         0.30121               
         R        208        MET         0.97017         0.30142          1.1814         0.25001          1.6024         0.52428               
         R        209        ASN          0.5543         0.27428         0.75591         0.25757          1.0519         0.30121               
         R        210        ASP         0.79075         0.36599          1.1136         0.20926          1.3711         0.27023               
         R        211        THR          1.4633         0.45859          1.9371         0.20117          2.1382         0.72096               
