pdb_id: 
analysis type: unbound
radii_file: F:\psiafrombintisolah\PSAIA-1.0\amac_data\chothia.radii
CX_sRadius: 8
CX_vAtom: 20.1

  chain id|    res id|  res name|     average CX|       s_avg CX|    s-ch avg CX|  s-ch s_avg CX|         max CX|         min CX|               
         A         13        ALA         0.88933         0.24698         0.77833               0          1.3196         0.56911               
         A         14        VAL          1.0327         0.17099          1.2104        0.079232          1.3196         0.83965               
         A         15        ILE          0.4087         0.20434         0.21568         0.06047         0.72096         0.11145               
         A         16        THR          1.4292         0.49385          1.9742         0.17246          2.1382         0.87192               
         A         17        ASP         0.96671         0.37317          1.3028         0.14108          1.5405         0.42266               
         A         18        TRP         0.21625            0.23        0.084334        0.098995         0.69364               0               
         A         19        ARG          1.1339         0.92857          1.6324         0.81361          2.6793        0.088771               
         A         20        PRO         0.10838        0.063074        0.099487        0.090138         0.22643        0.025957               
         A         21        GLU         0.65722         0.24156          0.7015         0.15045          1.0519         0.18555               
         A         22        ASP         0.70218         0.21682         0.88621         0.10508          1.0132         0.35063               
         A         23        PRO         0.97863         0.31609          1.3248         0.11237          1.4814         0.56911               
         A         24        ALA          0.8784         0.29808          1.3711               0          1.3711         0.52428               
         A         25        PHE        0.098381        0.091834        0.066033        0.053751         0.33374               0               
         A         26        TRP         0.12142         0.13379         0.12915         0.15478         0.48194               0               
         A         27        GLN          1.0502         0.58413          1.4867         0.40627          1.8838         0.27023               
         A         28        GLN          1.3653         0.84427          1.9567         0.70139          2.9518         0.52428               
         A         29        ARG         0.51063         0.26443         0.66555         0.19906          1.0132         0.14731               
         A         30        GLY               0               0               0               0               0               0               
         A         31        GLN         0.59091         0.48918         0.91815         0.42384          1.6024               0               
         A         32        ARG         0.84112         0.39664          1.0864          0.2811          1.5405         0.33374               
         A         33        ILE          0.1316         0.10773         0.17092         0.13902         0.35063               0               
         A         34        ALA         0.02159        0.018741               0               0        0.046074               0               
         A         35        SER         0.33257          0.1845         0.53915        0.077511         0.61666        0.046074               
         A         36        ARG         0.42466         0.15517          0.5264        0.088204         0.61666         0.15978               
         A         37        ASN        0.032938        0.030687       0.0089794        0.015553        0.088771               0               
         A         38        LEU         0.13575        0.077903         0.16307        0.087057         0.28554        0.046074               
         A         39        TRP          1.8326          1.7195          2.3875          1.7492          6.1133         0.35063               
         A         40        ILE         0.15668        0.073727         0.17131        0.097198         0.28554        0.025957               
         A         41        SER           0.102        0.046851        0.046476        0.020519         0.17252        0.025957               
         A         42        VAL         0.13265        0.033129         0.13735        0.049746         0.17252        0.066995               
         A         43        PRO         0.34149         0.11724         0.44645        0.079699         0.50281         0.17252               
         A         44        CYS         0.03584        0.062437               0               0         0.17252               0               
         A         45        LEU        0.012499         0.03307               0               0        0.099995               0               
         A         46        LEU         0.11539         0.10672         0.18318          0.1132         0.35063               0               
         A         47        LEU         0.05132        0.045059        0.056286        0.042095         0.12315               0               
         A         48        ALA               0               0               0               0               0               0               
         A         49        PHE               0               0               0               0               0               0               
         A         50        CYS        0.029209        0.043969        0.061576        0.061576         0.12315               0               
         A         51        VAL        0.011207        0.015891       0.0053953       0.0076302        0.046074               0               
         A         52        TRP        0.009782        0.013823       0.0097793        0.015158        0.035918               0               
         A         53        MET       0.0040695       0.0085501               0               0        0.025957               0               
         A         54        LEU        0.082405        0.059975        0.028733        0.017669         0.18555       0.0065994               
         A         55        PHE         0.06057        0.059839        0.031257        0.035371         0.17252               0               
         A         56        SER        0.096754        0.023981        0.078213        0.021782          0.1351        0.056431               
         A         57        ALA         0.11848        0.074673        0.056431               0         0.25529        0.046074               
         A         58        VAL         0.12732         0.05233        0.086275        0.035608         0.18555        0.035918               
         A         59        ALA        0.077195        0.040924       0.0065994               0         0.12315       0.0065994               
         A         60        VAL         0.18764        0.096445         0.15717        0.081204         0.35063        0.056431               
         A         61        ASN         0.28663        0.037808         0.28189        0.016641         0.36794         0.22643               
         A         62        LEU        0.090228        0.092238       0.0056963       0.0066284         0.25529               0               
         A         63        PRO         0.45436         0.23432         0.29681        0.090685         0.87192         0.21249               
         A         64        LYS         0.96946         0.21068         0.94135          0.1268           1.425         0.64153               
         A         65        VAL         0.57441         0.20853         0.36691         0.14597         0.80847         0.17252               
         A         66        GLY         0.74727        0.096018               0               0         0.87192         0.64153               
         A         67        PHE         0.26369         0.20375         0.11714        0.070729         0.59253        0.056431               
         A         68        ASN          1.6128         0.72758          2.2288         0.50623          3.1038         0.74917               
         A         69        PHE         0.28304         0.16641         0.16607        0.073249         0.52428        0.066995               
         A         70        THR         0.80688         0.24341           1.028        0.064375          1.0921         0.33374               
         A         71        THR         0.42849         0.16371         0.53346         0.12024         0.69364         0.15978               
         A         72        ASP         0.19721         0.10064         0.24144        0.075482         0.36794        0.046074               
         A         73        GLN         0.44945         0.33192         0.67654           0.267           1.134       0.0065994               
         A         74        LEU        0.027956        0.030526        0.019443        0.033677        0.077773               0               
         A         75        PHE               0               0               0               0               0               0               
         A         76        MET         0.24233         0.28168          0.4417         0.27908         0.90535               0               
         A         77        LEU        0.016883        0.021634               0               0        0.056431               0               
         A         78        THR               0               0               0               0               0               0               
         A         79        ALA       0.0051914        0.010383               0               0        0.025957               0               
         A         80        LEU         0.13168         0.10922         0.21348        0.095738         0.33374       0.0065994               
         A         81        PRO               0               0               0               0               0               0               
         A         82        SER       0.0070238        0.010326               0               0        0.025957               0               
         A         83        VAL         0.33213         0.22474         0.50489         0.19388         0.77833        0.016186               
         A         84        SER         0.11229        0.067475        0.049998        0.049998         0.22643               0               
         A         85        GLY               0               0               0               0               0               0               
         A         86        ALA        0.070007        0.050101         0.12315               0         0.12315               0               
         A         87        LEU         0.90632         0.47366          1.2897         0.35548          1.8079         0.25529               
         A         88        LEU         0.22662         0.14019         0.32011         0.14371         0.54637        0.088771               
         A         89        ARG        0.012259        0.027552        0.012682        0.031063        0.088771               0               
         A         90        VAL         0.43549         0.21809          0.5614          0.2242         0.87192        0.099995               
         A         91        PRO         0.51226         0.13369         0.61741         0.03519         0.66718         0.30121               
         A         92        TYR         0.04796        0.046348        0.034512        0.035899         0.15978               0               
         A         93        SER         0.13546        0.086116         0.15586        0.099429         0.25529        0.046074               
         A         94        PHE           1.072         0.66603          1.4838         0.47621          2.2333         0.25529               
         A         95        MET         0.26764         0.20757         0.36885         0.25556         0.72096        0.046074               
         A         96        VAL        0.072674        0.072768         0.02959        0.041847         0.18555               0               
         A         97        PRO         0.78315         0.25173         0.75477         0.26724          1.0921         0.40394               
         A         98        ILE          1.0193          0.2014          1.1848         0.12214          1.2702         0.72096               
         A         99        PHE          0.6567         0.39044         0.80962         0.41527          1.5405         0.28554               
         A        100        GLY          0.1047        0.072194               0               0         0.19887        0.016186               
         A        101        GLY        0.022445        0.026357               0               0        0.066995               0               
         A        102        ARG         0.18264         0.23032         0.27664         0.24241         0.69364               0               
         A        103        ARG         0.63837          0.5856         0.95955         0.50441          1.8838        0.035918               
         A        104        TRP        0.089217         0.13181         0.10071         0.15252         0.40394               0               
         A        105        THR        0.035586        0.049244               0               0         0.12315               0               
         A        106        ALA         0.11233        0.060426        0.066995               0         0.21249        0.046074               
         A        107        PHE         0.62801         0.36748         0.81672         0.33344           1.425         0.17252               
         A        108        SER        0.067001        0.074012        0.017959        0.017959         0.21249               0               
         A        109        THR        0.033574        0.033903       0.0021998        0.003111        0.088771               0               
         A        110        GLY         0.30607          0.1034               0               0         0.40394          0.1351               
         A        111        ILE         0.47921         0.21877         0.56151         0.26852         0.97592         0.28554               
         A        112        LEU        0.093885         0.09481       0.0040465       0.0070088         0.25529               0               
         A        113        ILE         0.39407         0.10704         0.39211        0.091671         0.54637         0.24069               
         A        114        ILE         0.78425         0.48316           1.113         0.48808          1.8838         0.30121               
         A        115        PRO        0.080836        0.063251        0.045034        0.063687         0.18555               0               
         A        116        CYS        0.034755        0.035327               0               0        0.099995               0               
         A        117        VAL         0.29862         0.17142         0.46221         0.14648         0.66718         0.15978               
         A        118        TRP          0.5458         0.31418         0.67499         0.27935          1.2229         0.15978               
         A        119        LEU         0.02008        0.019567        0.017959        0.017959        0.056431               0               
         A        120        GLY          0.1421         0.06729               0               0         0.22643        0.056431               
         A        121        PHE         0.89982         0.58012          1.2326         0.47028          1.8838         0.21249               
         A        122        ALA         0.16416        0.045884        0.088771               0         0.21249        0.088771               
         A        123        VAL         0.12674         0.04604        0.085841        0.028506         0.19887        0.046074               
         A        124        GLN         0.76106         0.26023         0.89061         0.19384          1.2229         0.30121               
         A        125        ASP         0.85765         0.25502          1.0605         0.19223          1.3196         0.48194               
         A        126        THR         0.84533         0.19631          1.0177          0.1831          1.2229         0.61666               
         A        127        SER          1.6111         0.37802          2.1382               0          2.1382          1.2702               
         A        128        THR         0.42009         0.12463          0.3406        0.096145         0.64153         0.22643               
         A        129        PRO         0.82498         0.34041          1.1703         0.21102          1.3196         0.40394               
         A        130        TYR          0.4188         0.14284         0.39601         0.16441         0.61666         0.21249               
         A        131        SER         0.92518         0.37123            1.43         0.11046          1.5405         0.56911               
         A        132        VAL         0.35469         0.15988         0.45514         0.14082         0.64153          0.1351               
         A        133        PHE        0.016069        0.031939       0.0060739        0.012395         0.11145               0               
         A        134        ILE         0.28064          0.2014          0.4516         0.14638         0.64153        0.066995               
         A        135        ILE         0.50604         0.23469         0.71289         0.14823         0.93999         0.25529               
         A        136        ILE        0.026561        0.034465        0.012279        0.013911         0.11145               0               
         A        137        SER               0               0               0               0               0               0               
         A        138        LEU         0.24695         0.18408         0.37316         0.18792         0.69364        0.099995               
         A        139        LEU         0.26256         0.16608         0.38363         0.14829         0.59253        0.066995               
         A        140        CYS               0               0               0               0               0               0               
         A        141        GLY               0               0               0               0               0               0               
         A        142        PHE          0.4038         0.40795         0.62989         0.34769          1.2229               0               
         A        143        ALA               0               0               0               0               0               0               
         A        144        GLY               0               0               0               0               0               0               
         A        145        ALA        0.011286        0.022572               0               0        0.056431               0               
         A        146        ASN       0.0032446       0.0085845       0.0064893         0.01124        0.025957               0               
         A        147        PHE        0.043037        0.038526        0.030675        0.041346        0.099995               0               
         A        148        ALA       0.0092148         0.01843               0               0        0.046074               0               
         A        149        SER               0               0               0               0               0               0               
         A        150        SER        0.055674          0.0486       0.0032997       0.0032997          0.1351               0               
         A        151        MET         0.11697          0.0366         0.12512        0.047456         0.19887        0.066995               
         A        152        ALA         0.15259        0.057508         0.12315               0         0.24069        0.088771               
         A        153        ASN        0.080127        0.075343       0.0089794        0.015553         0.18555               0               
         A        154        ILE        0.011123        0.019079               0               0        0.056431               0               
         A        155        SER         0.13277        0.044798         0.16894        0.057489         0.22643        0.099995               
         A        156        PHE         0.38107         0.17571         0.48073         0.12591         0.69364        0.088771               
         A        157        PHE        0.017585        0.038197       0.0023123       0.0056639          0.1351               0               
         A        158        PHE        0.020149        0.025153        0.021401        0.028383        0.077773               0               
         A        159        PRO         0.17111        0.082996         0.15526        0.066749         0.27023        0.056431               
         A        160        LYS         0.36558         0.11363         0.31603         0.08316         0.56911         0.19887               
         A        161        GLN          1.1853         0.42602          1.4814               0          1.8079         0.56911               
         A        162        LYS         0.94045         0.42283          1.1401         0.46669          1.7359         0.54637               
         A        163        GLN         0.23112         0.13984         0.11327        0.045925         0.44189        0.077773               
         A        164        GLY          1.0854         0.21359               0               0          1.2702         0.74917               
         A        165        GLY         0.97493         0.12627               0               0           1.134         0.80847               
         A        166        ALA         0.35199         0.17395         0.12315               0         0.64153         0.12315               
         A        167        LEU         0.25757         0.11142         0.18013        0.071827         0.48194        0.088771               
         A        168        GLY         0.57323         0.12167               0               0         0.69364         0.38571               
         A        169        LEU         0.73565         0.29454         0.96303         0.24889          1.3196         0.38571               
         A        170        ASN        0.041909        0.071944       0.0016498       0.0028576         0.21249               0               
         A        171        GLY         0.12361        0.060583               0               0         0.18555        0.025957               
         A        172        GLY         0.21962        0.015586               0               0         0.24069         0.19887               
         A        173        LEU         0.56037         0.37552         0.89008         0.24372          1.1775         0.14731               
         A        174        GLY        0.040152        0.031669               0               0        0.088771               0               
         A        175        ASN         0.05368        0.028257        0.070114        0.021652        0.088771               0               
         A        176        MET         0.21239         0.16883          0.3571         0.11993         0.52428        0.035918               
         A        177        GLY        0.030962        0.032928               0               0        0.077773               0               
         A        178        VAL               0               0               0               0               0               0               
         A        179        SER         0.02095        0.023981        0.011393       0.0047933        0.066995               0               
         A        180        VAL         0.31966         0.18463         0.49719         0.11028         0.61666        0.066995               
         A        181        MET        0.045874        0.047014               0               0         0.11145               0               
         A        182        GLN        0.014362         0.02361               0               0        0.066995               0               
         A        183        LEU         0.48843         0.26655          0.6928          0.2021         0.93999         0.11145               
         A        184        VAL         0.33902        0.086875         0.34507         0.12729         0.52428         0.24069               
         A        185        ALA         0.11301        0.041656        0.056431               0         0.17252        0.056431               
         A        186        PRO         0.35698         0.17806         0.22323         0.11756         0.64153         0.11145               
         A        187        LEU          1.0398         0.37364          1.2152         0.41688          1.8838         0.54637               
         A        188        VAL         0.45989         0.15375         0.31966         0.13153         0.61666         0.15978               
         A        189        VAL         0.67361         0.18968         0.59913         0.19565         0.93999         0.42266               
         A        190        SER          2.0526         0.40153           2.395         0.16167          2.5567          1.2702               
         A        211        TYR         0.96026         0.25341          1.2229               0          1.2229         0.64153               
         A        212        LEU          0.2378         0.13772         0.17709        0.039076         0.56911         0.11145               
         A        213        ALA         0.22706        0.064363         0.31728               0         0.31728         0.12315               
         A        214        ASN         0.44205         0.24127         0.63864         0.19413         0.93999         0.19887               
         A        215        ALA        0.029461        0.058923               0               0         0.14731               0               
         A        216        SER        0.049728        0.015332        0.051457        0.015539        0.066995        0.025957               
         A        217        TRP         0.40042         0.26387         0.47635          0.2709          1.0132        0.066995               
         A        218        ILE         0.38697         0.10898         0.42028         0.13138         0.61666         0.28554               
         A        219        TRP        0.088127        0.058553        0.056663        0.031871         0.21249               0               
         A        220        VAL         0.35623         0.13068         0.35413         0.11043         0.52428         0.15978               
         A        221        PRO         0.71409         0.17455         0.88228         0.13669          1.0132         0.54637               
         A        222        PHE         0.69318         0.46224         0.91467          0.4445          1.5405         0.21249               
         A        223        LEU        0.032795        0.041544       0.0016498       0.0028576        0.099995               0               
         A        224        ALA         0.41186         0.12854         0.61666               0         0.61666         0.22643               
         A        225        ILE         0.71402         0.22843          0.8778         0.21216          1.2229         0.42266               
         A        226        PHE         0.32595         0.27677         0.44957         0.26949         0.80847               0               
         A        227        THR         0.15454        0.047668         0.17985        0.058993         0.24069        0.099995               
         A        228        ILE         0.70767          0.3625         0.99848         0.29793          1.4814         0.30121               
         A        229        ALA         0.29704        0.053119         0.38571               0         0.38571         0.22643               
         A        230        ALA        0.015843        0.021142               0               0        0.056431               0               
         A        231        TRP         0.68658         0.46122         0.87697         0.40478          1.5405        0.025957               
         A        232        PHE          1.0978         0.49219          1.4131         0.32054          1.9639         0.42266               
         A        233        GLY         0.38842         0.10043               0               0         0.52428         0.27023               
         A        234        MET        0.058129        0.066611               0               0         0.17252               0               
         A        235        ASN         0.10325        0.081856         0.15577          0.0807         0.28554               0               
         A        236        ASP         0.21661        0.097423          0.2074        0.080185         0.38571        0.099995               
         A        237        LEU         0.26024         0.14462         0.14761        0.062166         0.48194        0.066995               
         A        238        ALA            1.76         0.68487          1.6675               0          2.9518         0.87192               
         A        256        LEU          1.0167         0.30341          1.2172         0.25137          1.5405         0.52428               
         A        257        TRP           1.577          0.8005          1.9299         0.66516          2.8107         0.40394               
         A        258        ILE         0.54721         0.22019         0.60559           0.254          1.0132         0.30121               
         A        259        MET         0.14887         0.09831         0.11612        0.044809         0.36794        0.046074               
         A        260        SER        0.065438        0.060229         0.12099         0.06456         0.18555               0               
         A        261        LEU         0.32548         0.17339         0.46118         0.14896         0.69364         0.14731               
         A        262        LEU        0.033999        0.051988       0.0089794        0.015553         0.14731               0               
         A        263        TYR       0.0092878        0.030804        0.013932         0.03686         0.11145               0               
         A        264        LEU        0.080371         0.12185         0.16074         0.12952         0.36794               0               
         A        265        ALA        0.038084        0.031334        0.066995               0        0.066995               0               
         A        266        THR               0               0               0               0               0               0               
         A        267        PHE        0.005625         0.01212       0.0088393        0.014227        0.035918               0               
         A        268        GLY               0               0               0               0               0               0               
         A        269        SER       0.0010999       0.0024594       0.0032997       0.0032997       0.0065994               0               
         A        270        PHE               0               0               0               0               0               0               
         A        271        ILE       0.0020233        0.005353       0.0040465       0.0070088        0.016186               0               
         A        272        GLY       0.0064893         0.01124               0               0        0.025957               0               
         A        273        PHE        0.018938        0.023936        0.025136        0.027518        0.077773               0               
         A        274        SER        0.041731        0.038827        0.088884        0.011111        0.099995               0               
         A        275        ALA         0.01847        0.023532               0               0        0.056431               0               
         A        276        GLY       0.0056963       0.0066284               0               0        0.016186               0               
         A        277        PHE        0.029347        0.043877       0.0051311        0.012569          0.1351               0               
         A        278        ALA        0.079657        0.045002        0.016186               0          0.1351        0.016186               
         A        279        MET        0.078941        0.069174        0.035425        0.057611         0.17252               0               
         A        280        LEU        0.037807        0.034547        0.018399        0.028186        0.099995               0               
         A        281        SER        0.019364        0.036541               0               0        0.099995               0               
         A        282        LYS          0.2708         0.16092           0.243         0.10054         0.61666        0.077773               
         A        283        THR         0.39175        0.088974         0.37201         0.11308         0.50281         0.21249               
         A        284        GLN         0.18097        0.071362         0.15061         0.03106         0.33374        0.088771               
         A        285        PHE         0.15531         0.10562        0.083583        0.034623         0.35063        0.025957               
         A        286        PRO         0.79604         0.21387         0.84796         0.22648          1.0921         0.48194               
         A        287        ASP          1.4922         0.38956           1.686         0.35854          2.1382         0.93999               
         A        288        VAL          0.4726         0.12244         0.41825         0.13816         0.64153         0.22643               
         A        289        GLN         0.96066         0.49193          1.3245         0.36622          1.9639         0.40394               
         A        290        ILE          0.1108        0.064374        0.051354        0.011582         0.21249        0.035918               
         A        291        LEU         0.22325        0.069545         0.24559         0.07909         0.36794          0.1351               
         A        292        GLN          1.0907         0.78865          1.6119         0.71127          2.6793         0.35063               
         A        293        TYR         0.70934         0.50369         0.93165         0.48065          1.8838         0.19887               
         A        294        ALA        0.039037        0.045484        0.046074               0         0.12315               0               
         A        295        PHE         0.23023          0.2122         0.34326         0.18753         0.59253               0               
         A        296        PHE         0.59197          0.4601         0.85687         0.37179          1.3196        0.056431               
         A        297        GLY       0.0040465       0.0070088               0               0        0.016186               0               
         A        298        PRO               0               0               0               0               0               0               
         A        299        PHE         0.41516         0.36779         0.60669         0.33034          1.1775               0               
         A        300        ILE         0.22373         0.16136         0.32062         0.18027         0.59253        0.088771               
         A        301        GLY               0               0               0               0               0               0               
         A        302        ALA        0.049331        0.053423       0.0065994               0          0.1351               0               
         A        303        LEU         0.76403         0.35359          1.0673         0.17906          1.3196         0.19887               
         A        304        ALA         0.16689        0.073942        0.088771               0         0.28554        0.088771               
         A        305        ARG         0.12027         0.08571         0.10251        0.090104         0.28554               0               
         A        306        SER         0.60877         0.17155         0.73598        0.042341         0.77833         0.28554               
         A        307        ALA         0.57255         0.11174         0.72096               0         0.72096         0.40394               
         A        308        GLY         0.14478        0.087393               0               0         0.27023        0.025957               
         A        309        GLY          0.2478         0.13027               0               0         0.36794        0.056431               
         A        310        ALA         0.71164           0.155          1.0132               0          1.0132         0.56911               
         A        311        LEU         0.52993         0.19556         0.64448         0.21739         0.97592         0.33374               
         A        312        SER         0.13943         0.11165               0               0         0.28554               0               
         A        313        ASP         0.91218         0.25945           1.053         0.14439          1.1775         0.38571               
         A        314        ARG          2.2433          1.8081          2.8954          1.9795          7.2077         0.72096               
         A        315        LEU         0.91688         0.22819          1.0671         0.23163           1.425         0.66718               
         A        316        GLY          0.4644         0.18255               0               0         0.69364         0.27023               
         A        317        GLY         0.22802        0.044758               0               0         0.30121         0.18555               
         A        318        THR         0.35649         0.10836         0.45964        0.081452         0.54637         0.21249               
         A        319        ARG          2.4558          3.0215          3.6053          3.2728          10.856         0.36794               
         A        320        VAL         0.11073        0.085194        0.033332        0.047138         0.25529               0               
         A        321        THR        0.017692        0.029229               0               0        0.077773               0               
         A        322        LEU         0.17994        0.086643         0.20553         0.11283         0.38571        0.077773               
         A        323        VAL          0.6061         0.19819         0.82199        0.076305         0.90535         0.35063               
         A        324        ASN        0.069105        0.070721        0.026987        0.017128         0.21249               0               
         A        325        PHE       0.0053367        0.010797               0               0        0.035918               0               
         A        326        ILE         0.49774         0.27233         0.74563         0.13784         0.93999         0.11145               
         A        327        LEU         0.38232         0.23718         0.55695         0.20202         0.80847        0.099995               
         A        328        MET         0.01312         0.02908               0               0        0.088771               0               
         A        329        ALA         0.10257        0.073617        0.066995               0         0.21249       0.0065994               
         A        330        ILE         0.73743         0.31654          1.0034          0.1971          1.3196         0.24069               
         A        331        PHE         0.24918         0.19984         0.31706         0.21793         0.66718        0.016186               
         A        332        SER        0.071443        0.080267       0.0032997       0.0032997         0.21249               0               
         A        333        GLY         0.36618        0.094769               0               0         0.46164         0.21249               
         A        334        LEU         0.61285         0.31084         0.86134         0.24991          1.0921         0.27023               
         A        335        LEU        0.089977         0.10289               0               0         0.27023               0               
         A        336        PHE         0.48013         0.12132         0.42287        0.064409         0.72096         0.33374               
         A        337        LEU          1.2775         0.59132          1.8106         0.32042          2.1382         0.50281               
         A        338        THR         0.15994        0.082438        0.097543        0.037653         0.33374        0.046074               
         A        339        LEU         0.23835         0.14636         0.15444        0.067799         0.56911        0.056431               
         A        340        PRO         0.35153         0.11761         0.27438         0.10993         0.50281         0.15978               
         A        341        THR          1.2931         0.27902          1.5414         0.04942          1.6024         0.83965               
         A        342        ASP          2.3748           0.786          2.6928         0.73471            3.85          1.2229               
         A        343        GLY          2.0179         0.32937               0               0          2.5567          1.6675               
         A        344        GLN          1.3964         0.39017          1.2658         0.44351          1.8838         0.66718               
         A        345        GLY          1.1783         0.16285               0               0           1.425          1.0132               
         A        346        GLY          0.9178          0.0876               0               0          1.0519         0.83965               
         A        347        SER         0.67328         0.26262         0.97123         0.16276           1.134         0.30121               
         A        348        PHE          0.3035         0.13839         0.23233         0.10966         0.50281        0.066995               
         A        349        MET          1.7868          1.3841          2.8628          1.2236          4.0809         0.56911               
         A        350        ALA         0.45121         0.18501         0.59253               0         0.64153         0.22643               
         A        351        PHE        0.021073        0.046162               0               0         0.15978               0               
         A        352        PHE         0.19175         0.08532         0.20721        0.098115         0.33374        0.025957               
         A        353        ALA         0.51284         0.19233         0.83965               0         0.83965         0.31728               
         A        354        VAL        0.088723        0.058654        0.069856        0.056109         0.18555        0.016186               
         A        355        PHE        0.031625        0.032056        0.036985        0.035513        0.088771               0               
         A        356        LEU         0.22891         0.21098         0.35123         0.24102         0.74917        0.077773               
         A        357        ALA         0.25398         0.11197         0.38571               0         0.38571        0.077773               
         A        358        LEU       0.0070539        0.018663               0               0        0.056431               0               
         A        359        PHE               0               0               0               0               0               0               
         A        360        LEU         0.35135         0.24855         0.55846         0.18557         0.77833        0.046074               
         A        361        THR        0.052687        0.049843        0.059861        0.050335         0.12315               0               
         A        362        ALA               0               0               0               0               0               0               
         A        363        GLY               0               0               0               0               0               0               
         A        364        LEU         0.11056         0.12871         0.21707         0.10196         0.38571               0               
         A        365        GLY               0               0               0               0               0               0               
         A        366        SER       0.0043262       0.0096736               0               0        0.025957               0               
         A        367        GLY        0.010536        0.011088               0               0        0.025957               0               
         A        368        SER       0.0010999       0.0024594               0               0       0.0065994               0               
         A        369        THR        0.014702        0.024685               0               0        0.066995               0               
         A        370        PHE         0.26181        0.088342         0.28134        0.076661         0.38571        0.066995               
         A        371        GLN         0.15855        0.058923         0.14336        0.063807         0.25529        0.088771               
         A        372        MET         0.10072          0.0703        0.035008        0.029712         0.18555               0               
         A        373        ILE        0.096897         0.06978        0.036517        0.041194         0.19887               0               
         A        374        SER         0.29122         0.12225         0.43745        0.086826         0.52428         0.14731               
         A        375        VAL         0.40489        0.036187         0.43548       0.0090628         0.44189         0.33374               
         A        376        ILE         0.34152        0.088182         0.39071        0.083156         0.48194         0.21249               
         A        377        PHE         0.17542        0.097217         0.20655         0.10821         0.36794        0.066995               
         A        378        ARG         0.59078          0.5192         0.84631         0.49037          1.7359        0.046074               
         A        379        LYS         0.97519         0.59998          1.3826         0.51399          2.1382         0.28554               
         A        380        LEU         0.63229         0.25308         0.82724         0.21227          1.0519         0.30121               
         A        381        THR        0.049106        0.048007       0.0053953       0.0076302         0.12315               0               
         A        382        MET         0.34475         0.11714         0.42401        0.043128         0.46164         0.12315               
         A        383        ASP         0.86551         0.33067          1.1391         0.24611          1.5405         0.46164               
         A        384        ARG         0.78909         0.34712         0.96042         0.32035          1.3711         0.33374               
         A        385        VAL         0.15688         0.15899         0.02101        0.025191         0.48194               0               
         A        386        LYS           1.019         0.60784          1.2627         0.66065          2.2333         0.30121               
         A        387        ALA          1.2822         0.30854          1.2702               0          1.8079         0.83965               
         A        388        GLU          1.1265         0.24328         0.97271        0.089205          1.6675         0.83965               
         A        389        GLY          1.3183          0.1673               0               0          1.6024          1.1775               
         A        390        GLY         0.74383         0.12641               0               0         0.93999         0.59253               
         A        391        SER         0.75278         0.30929          1.1374        0.085496          1.2229         0.30121               
         A        392        ASP         0.92035         0.44601          1.2905         0.34378          1.8838         0.42266               
         A        393        GLU          1.2146          0.6737          1.7091         0.48942          2.3344         0.36794               
         A        394        ARG         0.51174         0.20548         0.62008         0.15596         0.93999         0.17252               
         A        395        ALA        0.048871        0.027867       0.0065994               0        0.088771       0.0065994               
         A        396        MET         0.42522          0.3249         0.68678         0.27101           1.134          0.1351               
         A        397        ARG         0.55769         0.31833          0.7219         0.29158          1.2702         0.25529               
         A        398        GLU         0.33735         0.13539         0.40943          0.1357         0.61666         0.15978               
         A        399        ALA        0.062783         0.03983               0               0         0.11145               0               
         A        400        ALA         0.21194        0.096999         0.18555               0         0.33374        0.099995               
         A        401        THR         0.55367         0.15071         0.67027         0.14383         0.87192         0.33374               
         A        402        ASP         0.45855        0.099559         0.39598         0.09187         0.61666         0.30121               
         A        403        THR         0.23828        0.084537         0.15217        0.028788         0.36794         0.11145               
         A        404        ALA         0.36881        0.076812         0.25529               0         0.46164         0.25529               
         A        405        ALA         0.74762         0.13727          1.0132               0          1.0132         0.61666               
         A        406        ALA         0.49364        0.071232         0.38571               0         0.59253         0.38571               
         A        407        LEU         0.22989         0.11975         0.16534        0.053956         0.50281         0.11145               
         A        408        GLY         0.14498        0.029434               0               0         0.18555         0.11145               
         A        409        PHE          0.5219         0.17937         0.63555         0.11746         0.83965         0.25529               
         A        410        ILE        0.080884        0.087228        0.050615        0.035254         0.28554               0               
         A        411        SER        0.018056        0.020622        0.046074               0        0.046074               0               
         A        412        ALA        0.092501         0.04088         0.15978               0         0.15978        0.046074               
         A        413        ILE         0.21207         0.14419         0.27646         0.17099         0.54637        0.088771               
         A        414        GLY               0               0               0               0               0               0               
         A        415        ALA               0               0               0               0               0               0               
         A        416        ILE         0.37706          0.2531         0.58687         0.19694         0.87192         0.11145               
         A        417        GLY        0.046257        0.046292               0               0         0.12315               0               
         A        418        GLY               0               0               0               0               0               0               
         A        419        PHE         0.26233         0.24326         0.37999         0.23197         0.74917               0               
         A        420        PHE          0.6177         0.39526         0.80286         0.38458          1.6024         0.22643               
         A        421        ILE        0.044968        0.046301        0.023037        0.023037         0.14731               0               
         A        422        PRO               0               0               0               0               0               0               
         A        423        LYS         0.23329         0.19935         0.37234          0.1616         0.64153               0               
         A        424        ALA         0.11229        0.058728         0.15978               0         0.18555        0.025957               
         A        425        PHE       0.0020714       0.0048462       0.0032551       0.0057492        0.016186               0               
         A        426        GLY         0.14251        0.039187               0               0         0.19887        0.088771               
         A        427        SER         0.56259         0.21189         0.81682         0.12317         0.93999         0.28554               
         A        428        SER         0.18096         0.10186        0.073035        0.026961         0.36794        0.046074               
         A        429        LEU         0.24995         0.21213         0.11302        0.042605         0.66718        0.077773               
         A        430        ALA         0.78975         0.32355         0.64153               0          1.3711         0.42266               
         A        431        LEU          1.5122         0.37485          1.8232         0.20005          1.9639         0.83965               
         A        432        THR          1.0441         0.22163          1.0059         0.33068           1.425         0.61666               
         A        433        GLY         0.86025         0.15325               0               0          1.0132         0.69364               
         A        434        SER         0.46347         0.14491         0.55973        0.056925         0.61666         0.24069               
         A        435        PRO         0.16714        0.047982         0.14449        0.038747         0.25529         0.11145               
         A        436        VAL         0.48267         0.11117         0.56911               0         0.59253         0.28554               
         A        437        GLY         0.40269        0.067828               0               0         0.48194         0.30121               
         A        438        ALA         0.14597        0.081975        0.016186               0         0.24069        0.016186               
         A        439        MET         0.11166        0.058584        0.065691         0.03821         0.21249        0.016186               
         A        440        LYS          1.0573         0.82229          1.5671          0.7937          2.9518         0.35063               
         A        441        VAL         0.52306         0.14526         0.66827        0.042587         0.72096         0.31728               
         A        442        PHE          0.1166        0.059938        0.096898         0.04499         0.25529        0.056431               
         A        443        LEU         0.26343         0.12987         0.33514         0.14143         0.56911          0.1351               
         A        444        ILE         0.78619         0.34116          1.0715         0.25532          1.4814         0.38571               
         A        445        PHE         0.36006         0.12698         0.37876         0.14078         0.66718         0.22643               
         A        446        TYR        0.025677        0.031794         0.01499        0.025463        0.099995               0               
         A        447        ILE         0.60135         0.31479         0.84039         0.25032          1.2229         0.15978               
         A        448        ALA         0.45048        0.083017         0.56911               0         0.56911         0.35063               
         A        449        CYS        0.098576        0.078883        0.012979        0.012979         0.22643               0               
         A        450        VAL         0.18984         0.07381         0.19931         0.10873         0.35063        0.099995               
         A        451        VAL         0.70935         0.24432         0.96825        0.092302          1.0519         0.35063               
         A        452        ILE         0.50225         0.26426         0.60524         0.33511           1.134         0.21249               
         A        453        THR        0.070958        0.079284               0               0         0.21249               0               
         A        454        TRP          1.4697          1.0381           1.868         0.96692          3.6391         0.18555               
         A        455        ALA         0.84143         0.19362         0.93999               0           1.134         0.54637               
         A        456        VAL          0.8357         0.13422         0.82199        0.076305          1.0921         0.64153               
         A        457        TYR           0.667         0.23971         0.55278         0.14934          1.2702         0.31728               
         A        458        GLY         0.93181         0.22764               0               0          1.2229         0.66718               
