pdb_id: 
analysis type: unbound
radii_file: F:\psiafrombintisolah\PSAIA-1.0\amac_data\chothia.radii
CX_sRadius: 8
CX_vAtom: 20.1

  chain id|    res id|  res name|     average CX|       s_avg CX|    s-ch avg CX|  s-ch s_avg CX|         max CX|         min CX|               
         H        321        ILE               0               0               0               0               0               0               
         H        322        VAL         0.13212        0.065851         0.15087        0.065045         0.24069        0.016186               
         H        323        GLU          1.0163         0.55757          1.3933         0.48417          1.9639         0.46164               
         H        324        GLY          0.5691         0.16913               0               0         0.83965         0.38571               
         H        325        SER         0.80506         0.28057          1.1147        0.062814          1.1775         0.35063               
         H        326        ASP         0.75125         0.17517          0.8475          0.1763           1.134         0.50281               
         H        327        ALA         0.24821         0.12524        0.046074               0         0.40394        0.046074               
         H        328        GLU          1.4913         0.73117          2.0525         0.46616          2.6793         0.50281               
         H        329        ILE          1.2317         0.34594          1.4757         0.24695          1.8838         0.66718               
         H        330        GLY         0.59301         0.10248               0               0         0.74917         0.48194               
         H        331        MET           0.597         0.17382         0.69761         0.13614         0.90535         0.33374               
         H        332        SER         0.21848         0.10024         0.10011        0.011341         0.35063        0.088771               
         H        333        PRO         0.18232         0.12172         0.26916        0.069612         0.33374               0               
         H        334        TRP        0.064779        0.088709        0.087453        0.095871         0.27023               0               
         H        335        GLN       0.0046826       0.0090579       0.0084286        0.010775        0.025957               0               
         H        336        VAL       0.0070166        0.012145        0.016372        0.013821        0.035918               0               
         H        337        MET        0.013097        0.017125        0.011518        0.019951        0.046074               0               
         H        338        LEU        0.010024        0.021713       0.0032997       0.0032997        0.066995               0               
         H        339        PHE         0.12796         0.17919         0.20014         0.19008         0.48194               0               
         H        340        ARG         0.43875         0.45195         0.66294         0.42456          1.2702               0               
         H        341        LYS         0.45241         0.19811         0.51823         0.15612         0.77833        0.099995               
         H        342        SER          1.1286         0.50319          1.7098         0.33873          2.0486         0.38571               
         H        343        PRO          1.2714         0.36652          1.5828        0.059879          1.6675         0.61666               
         H        344        GLN          1.1607         0.48396          1.4579         0.46679          2.1382         0.69364               
         H        345        GLU         0.72248         0.36237         0.96364         0.31168           1.425         0.25529               
         H        346        LEU         0.29945          0.1551         0.16832        0.050049         0.56911        0.088771               
         H        347        LEU          0.2513         0.09168         0.18806        0.084163         0.36794        0.088771               
         H        348        CYS        0.092853        0.072154         0.12913       0.0059742         0.19887               0               
         H        349        GLY               0               0               0               0               0               0               
         H        350        ALA       0.0032372       0.0064744               0               0        0.016186               0               
         H        351        SER       0.0010999       0.0024594               0               0       0.0065994               0               
         H        352        LEU      0.00082492       0.0021825               0               0       0.0065994               0               
         H        353        ILE         0.14505         0.10554         0.10029        0.017938         0.40394        0.056431               
         H        354        SER         0.32803         0.12176         0.43182         0.11455         0.54637         0.15978               
         H        355        ASP         0.47815         0.25711         0.69826         0.17828         0.97592         0.18555               
         H        356        ARG         0.43128         0.41736         0.65069         0.37413          1.2229               0               
         H        357        TRP         0.07886        0.045303        0.092617        0.042423         0.15978        0.025957               
         H        358        VAL        0.023289        0.036704       0.0021998        0.003111        0.099995               0               
         H        359        LEU        0.040868        0.028602        0.038803        0.019521        0.077773               0               
         H        360        THR       0.0051311        0.012569               0               0        0.035918               0               
         H        361        ALA               0               0               0               0               0               0               
         H        362        ALA        0.013926        0.021456               0               0        0.056431               0               
         H        363        HIS        0.083826        0.051671         0.10727        0.042332         0.18555               0               
         H        364        CYS         0.08402        0.053015        0.021259        0.014659         0.14731       0.0065994               
         H        365        LEU         0.06977        0.064312        0.019658        0.017989         0.18555               0               
         H        366        LEU         0.20662          0.1679         0.34809         0.11631         0.46164               0               
         H        367        TYR         0.15172         0.16203         0.19162         0.17681         0.48194               0               
         H        368        PRO         0.40363         0.17483         0.32797        0.081654         0.74917         0.18555               
         H        369        PRO         0.68233         0.21576         0.55101         0.13691          1.0921         0.38571               
         H        370        TRP          1.3467         0.50721          1.5563         0.44903          2.1382         0.66718               
         H        371        ASP          1.6512         0.84491          2.4061         0.52263           3.268         0.74917               
         H        372        LYS         0.27243        0.097564         0.20674        0.056163         0.46164         0.15978               
         H        373        ASN         0.82505         0.35105          1.0335         0.32299          1.5405         0.42266               
         H        374        PHE         0.28061        0.079568          0.2435        0.058506         0.46164          0.1351               
         H        375        THR         0.57244         0.23939         0.83254         0.07974         0.93999         0.25529               
         H        376        GLU          0.3571         0.18479         0.45552         0.18912         0.69364         0.12315               
         H        377        ASN         0.93218         0.44338           1.068         0.43373          1.8079         0.42266               
         H        378        ASP         0.29949         0.16847         0.41441         0.12243         0.59253        0.066995               
         H        379        LEU        0.021666        0.036453               0               0         0.11145               0               
         H        380        LEU          0.1444         0.12629         0.22919         0.13008         0.42266        0.035918               
         H        381        VAL        0.044047        0.021657        0.027331        0.019765        0.066995               0               
         H        382        ARG        0.094463        0.094893           0.141        0.089834         0.25529               0               
         H        383        ILE        0.029955        0.036798        0.025933        0.031751        0.099995               0               
         H        384        GLY        0.020795         0.02748               0               0        0.066995               0               
         H        385        LYS       0.0058526        0.014368       0.0013199       0.0026397        0.046074               0               
         H        386        HIS         0.30739         0.14559         0.39823         0.11513         0.54637         0.12315               
         H        387        SER         0.17231         0.12111         0.31808        0.032545         0.35063       0.0065994               
         H        388        ARG         0.40445          0.3636         0.56525         0.36718          1.2702        0.056431               
         H        389        THR         0.82593         0.32472          1.1666        0.089454          1.2702         0.30121               
         H        390        ARG          1.0614         0.43775          1.3399         0.26993          1.6675         0.36794               
         H        391        TYR         0.79095         0.34819         0.94743         0.32207          1.5405         0.35063               
         H        392        GLU         0.18347        0.093539         0.16003         0.10427         0.31728               0               
         H        393        ARG          1.7054         0.89904          2.2601         0.64617          3.1038         0.56911               
         H        394        ASN          1.8483         0.79034          2.5601         0.45547          3.1038         0.97592               
         H        395        ILE         0.46043         0.19059          0.5424         0.20979         0.74917         0.25529               
         H        396        GLU         0.09782        0.076111        0.047552        0.029919         0.27023               0               
         H        397        LYS         0.60606         0.49642         0.87053         0.52994          1.8079         0.17252               
         H        398        ILE         0.49575         0.15432         0.43061        0.066973         0.87192         0.33374               
         H        399        SER         0.28749        0.075119          0.1857        0.013174         0.36794         0.17252               
         H        400        MET         0.75085         0.66096          1.2302         0.63852          2.1382         0.17252               
         H        401        LEU        0.051678        0.070889       0.0064893         0.01124         0.18555               0               
         H        402        GLU         0.82717         0.46086          1.1407         0.38984          1.7359         0.30121               
         H        403        LYS         0.80523         0.74896           1.271         0.71994          2.3344         0.11145               
         H        404        ILE         0.21396         0.15876         0.10658        0.064883         0.56911        0.035918               
         H        405        TYR         0.35571         0.17217         0.41365         0.17521         0.69364        0.099995               
         H        406        ILE         0.22997        0.095517         0.21414        0.078433         0.42266         0.11145               
         H        407        HIS         0.19227         0.10612         0.16944        0.095038         0.36794        0.056431               
         H        408        PRO         0.99583         0.26254          1.0787         0.27512          1.3196         0.61666               
         H        409        ARG          1.3618         0.73424          1.8414          0.4443          2.4419         0.35063               
         H        410        TYR        0.039013        0.066229      0.00082492       0.0021825         0.19887               0               
         H        411        ASN          0.2295         0.14286         0.33828         0.12868         0.50281        0.099995               
         H        412        TRP         0.41494         0.33359         0.52557         0.33388          1.2229        0.025957               
         H        413        ARG          1.6255         0.95017          2.1507         0.78091          3.4458         0.30121               
         H        414        GLU         0.94009         0.27064          1.1724        0.089571          1.2702         0.56911               
         H        415        ASN         0.18057         0.11087         0.23692        0.065405         0.33374               0               
         H        416        LEU        0.037086        0.048789        0.057424        0.055605         0.14731               0               
         H        417        ASP        0.098204         0.11043         0.19641        0.071421         0.30121               0               
         H        418        ARG         0.33389         0.39742         0.52469         0.38482          1.2702               0               
         H        419        ASP               0               0               0               0               0               0               
         H        420        ILE               0               0               0               0               0               0               
         H        421        ALA       0.0013199       0.0026397               0               0       0.0065994               0               
         H        422        LEU               0               0               0               0               0               0               
         H        423        MET        0.018975         0.03207          0.0363        0.038059        0.088771               0               
         H        424        LYS         0.12292         0.14898         0.21802         0.13986         0.40394               0               
         H        425        LEU        0.056966         0.08879       0.0089794        0.015553         0.24069               0               
         H        426        LYS         0.68955         0.20731         0.92267        0.017321         0.93999         0.35063               
         H        427        LYS          1.1222         0.72663          2.0486         0.50809          2.5567         0.52428               
         H        428        PRO         0.81077         0.16923         0.94927         0.13648           1.134         0.56911               
         H        429        VAL         0.33634          0.1671         0.16325        0.062704         0.54637        0.077773               
         H        430        ALA          1.0083         0.39784          1.7359               0          1.7359         0.59253               
         H        431        PHE         0.64608         0.23901         0.52379         0.18693          1.0921         0.21249               
         H        432        SER         0.70091         0.17994         0.55856         0.19061         0.93999         0.36794               
         H        433        ASP          1.7189          1.0066          2.5927         0.66822           3.268         0.56911               
         H        434        TYR         0.69663         0.49195         0.92298         0.44722          1.7359         0.11145               
         H        435        ILE         0.09565        0.086495         0.05193         0.05223         0.27023               0               
         H        436        HIS         0.62824         0.55473          0.9724         0.46514          1.6675        0.088771               
         H        437        PRO         0.25348         0.09179          0.3416        0.054958         0.40394         0.15978               
         H        438        VAL        0.055457         0.05331       0.0086523        0.012236         0.15978               0               
         H        439        CYS         0.31909         0.14644         0.48912         0.10341         0.59253         0.15978               
         H        440        LEU         0.30335         0.13846         0.23326        0.092926         0.56911          0.1351               
         H        441        PRO         0.11154        0.074643        0.032983        0.020449         0.21249       0.0065994               
         H        442        ASP         0.62827         0.20914         0.82678        0.073064         0.93999         0.35063               
         H        443        ARG          1.8487          1.0257           2.463          0.7828          3.4458         0.69364               
         H        444        GLU           0.918         0.19968          1.2702               0          1.2702         0.69364               
         H        445        THR         0.21043         0.11242         0.15593         0.11163         0.38571               0               
         H        446        ALA         0.25262        0.088231          0.1351               0         0.38571          0.1351               
         H        447        ALA         0.71524         0.18509         0.90535               0         0.90535         0.40394               
         H        448        SER         0.64888        0.069832         0.69407         0.02689         0.72096         0.50281               
         H        449        LEU         0.21977         0.12367         0.10758        0.046563         0.42266        0.066995               
         H        450        LEU         0.33182         0.13374         0.24068        0.067974         0.61666         0.17252               
         H        451        GLN         0.83599         0.37526           1.097         0.31336          1.6024         0.46164               
         H        452        ALA         0.67925         0.10873         0.77833               0         0.83965         0.56911               
         H        453        GLY         0.66003        0.095431               0               0         0.74917         0.50281               
         H        454        TYR         0.73202          0.3903         0.89412         0.37921          1.6024         0.25529               
         H        455        LYS          0.6721         0.44638          0.9617         0.40587          1.6675         0.22643               
         H        456        GLY          0.1004        0.020952               0               0         0.12315        0.066995               
         H        457        ARG         0.33825         0.34863         0.49349          0.3512          1.1775       0.0065994               
         H        458        VAL       0.0060204       0.0098708               0               0        0.025957               0               
         H        459        THR        0.011713        0.018718        0.011973        0.016932        0.046074               0               
         H        460        GLY        0.008093        0.008093               0               0        0.016186               0               
         H        461        TRP      0.00094276       0.0023093       0.0013199       0.0026397       0.0065994               0               
         H        462        GLY        0.015758        0.023637               0               0        0.056431               0               
         H        463        ASN         0.13121         0.13216         0.24182        0.099617         0.36794               0               
         H        464        LEU         0.21608         0.12614         0.25322          0.1457         0.48194        0.077773               
         H        465        LYS          0.2829         0.16018         0.40404         0.10507         0.59253        0.056431               
         H        466        GLU         0.34069         0.18022         0.42588         0.17303         0.61666          0.1351               
         H        467        THR         0.49298          0.2038         0.45288        0.080151         0.90535         0.22643               
         H        468        TRP          1.1577         0.34474          1.1077         0.30879          1.8079         0.69364               
         H        469        THR          1.1577         0.23084          1.3246         0.22477          1.6024         0.80847               
         H        470        ALA          1.8581         0.57295          2.9518               0          2.9518          1.3711               
         H        471        ASN          1.0861         0.25989         0.88508         0.20807           1.425         0.66718               
         H        472        VAL          2.6995         0.92654          3.6782         0.41697          4.0809           1.425               
         H        473        GLY          1.7503         0.44285               0               0          2.4419          1.2702               
         H        474        LYS          1.2899         0.36771          1.5395         0.16852          1.7359         0.64153               
         H        475        GLY         0.45823         0.13214               0               0         0.66718         0.30121               
         H        476        GLN         0.63039         0.17956         0.75406         0.13672         0.93999         0.40394               
         H        477        PRO         0.14288        0.081896        0.054085        0.034681         0.22643        0.016186               
         H        478        SER         0.58255         0.33124          1.0086         0.16895          1.1775         0.22643               
         H        479        VAL         0.23481         0.18814         0.42648         0.12237         0.59253        0.025957               
         H        480        LEU        0.010398        0.022038               0               0        0.066995               0               
         H        481        GLN        0.063389        0.091332         0.10631         0.10408         0.27023               0               
         H        482        VAL         0.11957        0.040845          0.1234        0.016549         0.19887        0.066995               
         H        483        VAL         0.11546        0.066652        0.076824        0.053137         0.22643       0.0065994               
         H        484        ASN         0.51903         0.26465           0.735         0.19781          1.0519         0.21249               
         H        485        LEU        0.057241        0.043015        0.029979        0.029109          0.1351               0               
         H        486        PRO         0.10319        0.053329         0.13129        0.014883         0.14731               0               
         H        487        ILE        0.089334        0.046315        0.067473        0.022499         0.17252        0.025957               
         H        488        VAL        0.095435        0.045203        0.057244        0.029032         0.15978        0.016186               
         H        489        GLU         0.78739         0.40669          1.0577         0.34462          1.6024         0.30121               
         H        490        ARG         0.56538         0.16223         0.57098         0.19535         0.80847         0.30121               
         H        491        PRO         0.94046         0.20309          1.1536         0.10627          1.2702         0.72096               
         H        492        VAL         0.38084         0.14667         0.43162          0.1452         0.59253         0.21249               
         H        493        CYS        0.044726        0.048698               0               0         0.12315               0               
         H        494        LYS         0.89839         0.72871          1.3185         0.73736          2.2333         0.18555               
         H        495        ASP          1.1175         0.31631          1.3706         0.16756          1.5405         0.54637               
         H        496        SER         0.32354         0.11821         0.19499         0.10622         0.44189        0.088771               
         H        497        THR         0.36801          0.1564         0.23061        0.073124         0.64153         0.17252               
         H        498        ARG          3.5934          2.7695          5.0228          2.5344             8.7         0.87192               
         H        499        ILE         0.47523         0.14204         0.46567         0.14221         0.69364         0.28554               
         H        500        ARG         0.93741         0.46846          1.2508         0.26199          1.8079         0.27023               
         H        501        ILE         0.17048         0.14588        0.067754        0.052866         0.48194               0               
         H        502        THR         0.35581         0.10312         0.30588        0.078227         0.54637         0.21249               
         H        503        ASP         0.93834         0.48636          1.3521         0.33728          1.8838         0.38571               
         H        504        ASN         0.15991          0.1157         0.23465        0.076641         0.35063               0               
         H        505        MET       0.0097216        0.025721               0               0        0.077773               0               
         H        506        PHE       0.0047367        0.010893       0.0023123       0.0056639        0.035918               0               
         H        507        CYS       0.0010999       0.0024594               0               0       0.0065994               0               
         H        508        ALA       0.0064744       0.0079295        0.016186               0        0.016186               0               
         H        509        GLY        0.073611        0.037218               0               0          0.1351        0.035918               
         H        510        TYR         0.22699         0.16919         0.32695           0.113         0.52428               0               
         H        511        LYS         0.56271         0.27544          0.7486         0.23217          1.1775         0.19887               
         H        512        PRO         0.78389         0.19573         0.76803          0.1248          1.0519         0.46164               
         H        513        ASP            1.82         0.36686          2.0921          0.2553          2.3344          1.2229               
         H        514        GLU         0.79477         0.22675         0.61715          0.1255           1.134         0.40394               
         H        515        GLY         0.90812        0.073202               0               0          1.0132         0.83965               
         H        516        LYS          1.5088          1.0018          2.1547         0.90638          3.6391         0.42266               
         H        517        ARG         0.65095         0.25378         0.80825         0.15268          1.0519         0.24069               
         H        518        GLY         0.07756        0.069888               0               0         0.18555               0               
         H        519        ASP        0.093028        0.039296        0.085657        0.050406          0.1351       0.0065994               
         H        520        ALA        0.058428        0.037894               0               0         0.11145               0               
         H        521        CYS         0.11932        0.068082        0.056431               0         0.22643        0.056431               
         H        522        GLU         0.51358          0.1513         0.55154         0.11945         0.72096         0.28554               
         H        523        GLY         0.27319         0.13492               0               0         0.44189         0.12315               
         H        524        ASP        0.060897        0.050431        0.037661         0.03229         0.14731               0               
         H        525        SER        0.077442        0.040018        0.073035        0.026961          0.1351        0.025957               
         H        526        GLY               0               0               0               0               0               0               
         H        527        GLY               0               0               0               0               0               0               
         H        528        PRO       0.0023123       0.0056639               0               0        0.016186               0               
         H        529        PHE               0               0               0               0               0               0               
         H        530        VAL        0.023289        0.036704               0               0        0.099995               0               
         H        531        MET        0.075302        0.052805        0.051783        0.050801         0.17252               0               
         H        532        LYS         0.66049          0.4931         0.97691          0.4584          1.8079         0.19887               
         H        533        SER         0.26931         0.12197         0.25004        0.051171         0.42266         0.12315               
         H        534        PRO          1.0061          0.3087         0.97866         0.33444           1.425         0.52428               
         H        535        PHE          1.1635         0.31261          1.1191         0.32795          1.6675         0.69364               
         H        536        ASN         0.80884         0.20731         0.72388         0.24732          1.0519         0.36794               
         H        537        ASN          1.0489         0.53373          1.4698         0.45505          2.2333         0.50281               
         H        538        ARG          1.4736          1.5177          2.1623          1.5193          5.2764         0.14731               
         H        539        TRP         0.33026         0.21774         0.43566         0.16377         0.72096               0               
         H        540        TYR        0.093866         0.13391          0.1408         0.14245         0.38571               0               
         H        541        GLN       0.0088018        0.017615        0.011286        0.022572        0.056431               0               
         H        542        MET       0.0089794        0.015553               0               0        0.035918               0               
         H        543        GLY               0               0               0               0               0               0               
         H        544        ILE               0               0               0               0               0               0               
         H        545        VAL       0.0018855       0.0029813       0.0021998        0.003111       0.0065994               0               
         H        546        SER        0.046582        0.078127               0               0         0.21249               0               
         H        547        TRP         0.14562         0.10816         0.13396         0.12177         0.36794               0               
         H        548        GLY         0.42889         0.19753               0               0         0.74917         0.22643               
         H        549        GLU         0.61671          0.1967          0.7355          0.1899          1.0519         0.40394               
         H        550        GLY         0.41231         0.15725               0               0         0.61666         0.21249               
         H        551        CYS          0.1759        0.094221        0.061923         0.01585         0.28554        0.046074               
         H        552        ASP         0.33605         0.13503         0.39228         0.15028         0.61666         0.18555               
         H        553        ARG         0.95906         0.58654          1.2538         0.53682          2.2333         0.28554               
         H        554        ASP          1.1175         0.39767          1.3736          0.4172          2.0486         0.74917               
         H        555        GLY         0.62086        0.083649               0               0         0.74917         0.54637               
         H        556        LYS         0.34586         0.17222         0.42958        0.098292         0.56911        0.077773               
         H        557        TYR        0.073541        0.089726         0.10949        0.090531         0.31728               0               
         H        558        GLY        0.015565        0.018813               0               0        0.046074               0               
         H        559        PHE          0.0134         0.02584        0.012053        0.026926        0.077773               0               
         H        560        TYR               0               0               0               0               0               0               
         H        561        THR               0               0               0               0               0               0               
         H        562        HIS        0.086323        0.071368         0.12611        0.057722         0.21249               0               
         H        563        VAL        0.017957        0.023381       0.0021998        0.003111        0.066995               0               
         H        564        PHE         0.25918         0.12508         0.29067          0.1353         0.48194        0.099995               
         H        565        ARG         0.61327         0.27663          0.7532         0.25701          1.3196         0.33374               
         H        566        LEU          0.1141        0.088703        0.028447       0.0043131         0.22643        0.025957               
         H        567        LYS         0.34226         0.17411         0.40116         0.21112         0.74917         0.15978               
         H        568        LYS          1.7088          1.7521          2.6581          1.8693          6.1133         0.44189               
         H        569        TRP         0.20522         0.11896         0.16748         0.11671         0.38571               0               
         H        570        ILE        0.096444        0.065936        0.038942        0.039695         0.18555               0               
         H        571        GLN         0.61063         0.28658         0.79704          0.2426          1.2229         0.22643               
         H        572        LYS          0.9331         0.72257          1.3435         0.74727          2.6793         0.33374               
         H        573        VAL         0.14249        0.050123         0.10102        0.033913         0.22643        0.066995               
         H        574        ILE         0.26315        0.097743         0.25866         0.11367         0.38571        0.088771               
         H        575        ASP         0.92617          0.3609          1.1716         0.30092          1.6675         0.46164               
         H        576        GLN          1.1946         0.43326          1.3344          0.4559          2.1382         0.59253               
         H        577        PHE          1.7318         0.81699          2.1082         0.80359          3.1038         0.90535               
         H        578        GLY          1.8709         0.13534               0               0          2.0486          1.6675               
         H        579        GLU           2.145          1.1295          1.3081         0.55677          4.0809         0.59253               
