pdb_id: 
analysis type: unbound
radii_file: F:\psiafrombintisolah\PSAIA-1.0\amac_data\chothia.radii
CX_sRadius: 8
CX_vAtom: 20.1

  chain id|    res id|  res name|     average CX|       s_avg CX|    s-ch avg CX|  s-ch s_avg CX|         max CX|         min CX|               
         A        219        GLY          5.5946          2.4113               0               0            9.67          3.4458               
         A        220        SER          1.7952         0.33911          2.0486               0          2.1382          1.2229               
         A        221        HIS          1.1272         0.20485         0.90535               0          1.4814         0.90535               
         A        222        HIS          2.3383         0.42451          2.6498         0.21317          2.9518          1.6675               
         A        223        HIS          1.6884         0.52091          1.9997          0.4416          2.6793          1.0519               
         A        224        HIS          1.2458          0.3983          1.0082         0.19864          2.1382         0.69364               
         A        225        HIS          2.2171         0.31538          2.2714         0.33669          2.5567          1.6675               
         A        226        HIS          2.3701         0.18323               0               0          2.6793          2.2333               
         A        227        GLY          2.7935           0.443               0               0          3.4458          2.3344               
         A        228        SER          2.3462         0.85124          2.7507         0.51733           3.268          1.1775               
         A        229        GLY          1.1555          0.1533               0               0          1.3711         0.97592               
         A        230        THR         0.94817         0.36959          1.2426         0.35179          1.7359         0.44189               
         A        231        ASP         0.61206         0.16576         0.57238         0.14855         0.93999         0.35063               
         A        232        ILE         0.17722         0.10925        0.083395        0.072234         0.31728               0               
         A        233        THR          0.2753        0.062271         0.27177        0.043871         0.40394         0.21249               
         A        234        ASN          1.1977          0.4604          1.4799         0.44606          2.2333         0.54637               
         A        235        GLN         0.88752         0.15254         0.95596          0.1376          1.2229         0.64153               
         A        236        LEU         0.25075         0.16524        0.056845        0.020928         0.48194        0.035918               
         A        237        THR         0.73528          0.2378           1.134               0           1.134         0.48194               
         A        238        ASN          1.4469         0.57991          1.8369         0.58149          2.8107         0.83965               
         A        239        VAL         0.50525         0.26267         0.24671        0.038955         0.93999         0.21249               
         A        240        THR         0.85512         0.38438          1.2425         0.20728          1.4814         0.38571               
         A        241        VAL         0.28965         0.18229         0.12922        0.048578         0.64153        0.066995               
         A        242        GLY         0.34678        0.081199               0               0         0.48194         0.27023               
         A        243        ILE         0.23068         0.17033          0.0926        0.033713         0.54637        0.046074               
         A        244        ASP         0.86779         0.38848          1.1942         0.28245          1.4814         0.38571               
         A        245        SER         0.68493         0.31198         0.29452        0.039228           1.134         0.25529               
         A        246        GLY         0.95766         0.25986               0               0          1.3196         0.59253               
         A        247        THR          1.3574         0.57305          1.8833          0.3984          2.4419         0.54637               
         A        248        THR         0.58095         0.17247          0.6825          0.1594         0.87192         0.33374               
         A        249        VAL         0.11056        0.067892         0.08966         0.03082         0.22643        0.025957               
         A        250        TYR         0.49568          0.3741         0.66771         0.34132          1.3711        0.077773               
         A        251        PRO         0.17114         0.17359        0.050456        0.031322         0.54637       0.0065994               
         A        252        HIS         0.27825         0.12072         0.19228        0.052736         0.48194         0.12315               
         A        253        GLN          1.2313         0.30103          1.3432         0.27797          1.7359         0.64153               
         A        254        ALA           0.733         0.14444         0.93999               0         0.93999         0.56911               
         A        255        GLY         0.42454         0.12765               0               0         0.59253         0.28554               
         A        256        TYR         0.41792         0.25048         0.53185         0.23336          1.0519          0.1351               
         A        257        VAL        0.089292        0.023915        0.070732        0.013464         0.12315        0.056431               
         A        258        LYS         0.45519         0.49316         0.70283         0.54639          1.7359        0.077773               
         A        259        LEU        0.040371        0.041943               0               0        0.099995               0               
         A        260        ASN         0.30855         0.16949         0.43777         0.15384         0.69364         0.15978               
         A        261        TYR        0.075805        0.098368       0.0085362        0.012405         0.27023               0               
         A        262        GLY         0.26121        0.053882               0               0         0.35063         0.21249               
         A        263        PHE         0.15311        0.075459         0.10204        0.021804         0.31728        0.077773               
         A        264        SER         0.41871         0.13249         0.57456        0.092621         0.66718         0.25529               
         A        265        VAL         0.23154        0.081757         0.16458        0.026255         0.40394          0.1351               
         A        266        PRO         0.45647         0.15595         0.44052         0.18563         0.66718         0.21249               
         A        267        ASN         0.86919         0.16099          1.0736        0.060396           1.134         0.64153               
         A        268        SER          1.2692         0.26852          1.5804         0.15545          1.7359         0.90535               
         A        269        ALA         0.35229         0.13478         0.25529               0         0.61666         0.25529               
         A        270        VAL         0.54107         0.32176         0.86405         0.22195          1.1775         0.21249               
         A        271        LYS         0.46616         0.11348         0.59253               0         0.61666         0.36794               
         A        272        GLY         0.36798        0.079857               0               0         0.50281         0.30121               
         A        273        ASP           0.165         0.11129         0.22058         0.12015         0.40394        0.025957               
         A        274        THR         0.15796        0.065453         0.22332        0.044329         0.28554        0.077773               
         A        275        PHE        0.038847        0.035295        0.031469        0.038636        0.099995               0               
         A        276        LYS         0.40156         0.39863         0.64224         0.39377          1.2229        0.077773               
         A        277        ILE        0.045892        0.046617        0.014676        0.013547          0.1351               0               
         A        278        THR         0.31966         0.13778         0.45402        0.089021         0.54637         0.14731               
         A        279        VAL         0.20012        0.091406         0.11347        0.047416         0.35063        0.056431               
         A        280        PRO         0.32798        0.089202         0.34282         0.10874         0.46164         0.19887               
         A        281        LYS          1.4112          1.0716          2.1505         0.90858          3.6391         0.30121               
         A        282        GLU         0.33663         0.22584         0.46762          0.2157         0.83965        0.088771               
         A        283        LEU         0.11033        0.060055         0.06266        0.032163         0.22643        0.025957               
         A        284        ASN          0.2608        0.082329         0.33406        0.020685         0.36794          0.1351               
         A        285        LEU         0.17357        0.055361         0.13068        0.042917         0.24069        0.088771               
         A        286        ASN         0.41293        0.078044         0.47785        0.039011         0.52428         0.30121               
         A        287        GLY         0.28315          0.0428               0               0         0.31728         0.21249               
         A        288        VAL         0.26494        0.038935         0.27258        0.055491         0.35063         0.22643               
         A        289        THR         0.30729        0.044366         0.31246        0.027737         0.36794         0.22643               
         A        290        SER         0.58035         0.13761         0.51415        0.032216         0.83965         0.42266               
         A        291        THR         0.83369          0.1512         0.80847               0          1.0132         0.59253               
         A        292        ALA         0.81491         0.10633         0.64153               0         0.93999         0.64153               
         A        293        LYS          1.1498          0.3589          1.7359               0          1.7359         0.69364               
         A        294        VAL         0.43221         0.16341         0.28591        0.021649         0.69364         0.25529               
         A        295        PRO         0.32347        0.089131         0.33662         0.06149         0.42266         0.17252               
         A        296        PRO         0.42427         0.19322         0.61592          0.1091         0.74917         0.15978               
         A        297        ILE         0.13132          0.1122        0.043814        0.047539         0.31728               0               
         A        298        MET         0.80508         0.35621           1.104         0.26472          1.4814         0.40394               
         A        302        GLN           1.857         0.77196          2.3857         0.71817          3.1038         0.87192               
         A        303        VAL         0.67994         0.27047         0.83034         0.25104          1.1775         0.31728               
         A        304        LEU         0.11212        0.072035        0.036015        0.010058         0.24069        0.025957               
         A        305        ALA         0.13337        0.027629         0.15978               0         0.15978        0.099995               
         A        306        ASN         0.47912         0.25994         0.70582         0.17699         0.90535         0.21249               
         A        307        GLY         0.26769        0.039916               0               0         0.33374         0.22643               
         A        308        VAL         0.36696        0.075466         0.43817        0.061901         0.48194         0.28554               
         A        309        ILE         0.41087        0.058265         0.38207        0.034135         0.54637         0.33374               
         A        310        ASP         0.69962         0.23382         0.59968         0.10723           1.134         0.46164               
         A        311        SER          2.1315         0.56372          2.8813        0.070568          2.9518          1.3711               
         A        312        ASP          1.5583         0.49533          1.9086          0.3604          2.4419         0.80847               
         A        313        GLY         0.40222         0.21491               0               0         0.74917         0.18555               
         A        314        ASN         0.27508         0.13167         0.36943         0.12198         0.56911         0.11145               
         A        315        VAL       0.0092755       0.0095547       0.0075951       0.0066453        0.025957               0               
         A        316        ILE         0.11694        0.085231         0.19643        0.032908         0.22643               0               
         A        317        TYR        0.020531        0.021652       0.0089794        0.015553        0.056431               0               
         A        318        THR         0.21689        0.072444         0.28591        0.021649         0.30121        0.099995               
         A        319        PHE        0.043479        0.052308       0.0088393        0.014227         0.14731               0               
         A        320        THR         0.27488        0.077421         0.40394               0         0.40394         0.15978               
         A        321        ASP          1.2695         0.74047          1.9125         0.51337          2.6793         0.54637               
         A        322        TYR         0.45422         0.12445         0.44395         0.14342         0.69364         0.22643               
         A        323        VAL         0.16084         0.13124        0.024532        0.030147         0.35063               0               
         A        324        ASN         0.92466         0.29371          1.0142         0.24345          1.3711         0.48194               
         A        325        THR         0.99823         0.22375           1.425               0           1.425         0.77833               
         A        326        LYS         0.38724         0.10847         0.46164               0         0.52428         0.22643               
         A        327        CYS         0.70025         0.27641          1.0736        0.060396           1.134         0.38571               
         A        328        ASP         0.79615         0.18636           1.134               0           1.134         0.59253               
         A        329        VAL         0.28148        0.098605        0.099995               0         0.38571        0.099995               
         A        330        LYS          0.4523        0.061728         0.54637               0         0.54637         0.38571               
         A        331        ALA         0.31624         0.10359          0.1351               0         0.44189          0.1351               
         A        332        THR         0.53161         0.24637         0.78033         0.14324         0.93999         0.24069               
         A        333        LEU        0.096023        0.099045       0.0016498       0.0028576         0.24069               0               
         A        334        THR         0.28987        0.092885         0.38711         0.04416         0.44189         0.18555               
         A        335        MET        0.081503        0.033584        0.059177        0.011539         0.15978        0.046074               
         A        336        PRO        0.083058        0.064861         0.13781        0.055967         0.21249       0.0065994               
         A        337        ALA        0.044283         0.01636        0.025957               0        0.066995        0.025957               
         A        338        TYR        0.089157        0.045693        0.097164        0.050173         0.14731               0               
         A        339        ILE        0.047174        0.041268        0.023087          0.0242         0.11145               0               
         A        340        ASP         0.22415        0.099633         0.30713         0.05081         0.38571        0.066995               
         A        341        PRO         0.13498        0.042423         0.14835         0.03419         0.18555        0.066995               
         A        342        GLU         0.99452         0.60855          1.4261          0.4822          2.1382         0.25529               
         A        343        ASN         0.52473         0.17605         0.67102         0.12995         0.83965         0.31728               
         A        344        VAL        0.094907        0.067034        0.071728        0.035165         0.19887               0               
         A        345        LYS         0.37992         0.23329         0.53251         0.21277         0.80847         0.15978               
         A        346        LYS          0.9879         0.75648          1.5119         0.63918          2.5567         0.27023               
         A        347        THR         0.46994         0.14806         0.49634         0.14896         0.69364         0.31728               
         A        348        GLY         0.58592         0.16326               0               0         0.74917         0.42266               
         A        349        ASN          1.0551         0.37776          1.3016         0.38714          1.9639         0.64153               
         A        350        VAL          0.4028         0.14083         0.24657        0.035915         0.56911         0.19887               
         A        351        THR         0.72092         0.20579         0.93539         0.11531          1.0519         0.48194               
         A        352        LEU         0.17853         0.12755        0.063885        0.037984         0.36794               0               
         A        353        ALA         0.29082         0.10746         0.48194               0         0.48194         0.18555               
         A        354        THR        0.056987        0.040916        0.010791       0.0076302        0.099995               0               
         A        355        GLY         0.13727        0.048665               0               0         0.18555        0.056431               
         A        356        ILE        0.089529        0.094154       0.0064893         0.01124         0.24069               0               
         A        357        GLY         0.65882         0.23977               0               0         0.90535         0.33374               
         A        358        SER          1.8618         0.50947          2.4088         0.27054          2.6793           1.134               
         A        359        THR         0.72747         0.21061         0.71455        0.069736          1.0921         0.36794               
         A        360        THR         0.68649         0.11675         0.72365        0.068178         0.87192         0.50281               
         A        361        ALA         0.51271        0.094029         0.42266               0         0.66718         0.42266               
         A        362        ASN         0.88974         0.29352          1.1407         0.20114          1.4814         0.54637               
         A        363        LYS         0.59544          0.2078         0.62935         0.27174          1.0921         0.35063               
         A        364        THR         0.71721         0.21573         0.95239        0.033266         0.97592         0.38571               
         A        365        VAL         0.16316        0.078686        0.097176        0.032179         0.30121        0.056431               
         A        366        LEU         0.38307         0.19903         0.54695         0.13172         0.66718         0.12315               
         A        367        VAL        0.027032        0.043679               0               0         0.11145               0               
         A        368        ASP         0.31002         0.27551         0.53976         0.20831         0.87192        0.046074               
         A        369        TYR        0.031251        0.045585       0.0057592        0.015237          0.1351               0               
         A        370        GLU         0.67276          0.2294         0.73133         0.25644          1.2229         0.31728               
         A        371        LYS         0.99581         0.28364          1.5405               0          1.5405         0.80847               
         A        372        TYR         0.52457         0.23581         0.54151         0.26874          1.0519         0.19887               
         A        373        GLY         0.26369         0.13682               0               0         0.40394        0.056431               
         A        374        LYS           0.552         0.17186         0.58824         0.13108         0.83965         0.33374               
         A        375        PHE         0.72233         0.39971         0.92041          0.3707          1.4814         0.21249               
         A        376        TYR           1.141         0.72363          1.4273         0.73187          2.8107         0.42266               
         A        377        ASN         0.14181        0.077534         0.13745        0.052838         0.25529        0.035918               
         A        378        LEU       0.0020233        0.005353               0               0        0.016186               0               
         A        379        SER       0.0026977       0.0060322        0.008093        0.008093        0.016186               0               
         A        380        ILE       0.0032446       0.0085845               0               0        0.025957               0               
         A        381        LYS        0.043029         0.04137        0.072261        0.032511         0.12315               0               
         A        382        GLY        0.026649        0.042432               0               0        0.099995               0               
         A        383        THR         0.13183        0.046218         0.14067        0.042224         0.19887        0.066995               
         A        384        ILE         0.12543        0.077233        0.066245        0.045551         0.27023        0.016186               
         A        385        ASP          0.2119        0.073727          0.2818         0.01283         0.30121         0.11145               
         A        386        GLN         0.51017         0.44873         0.79245         0.42725          1.6024         0.11145               
         A        387        ILE         0.10504        0.049568        0.085014        0.044652         0.18555        0.046074               
         A        388        ASP         0.40765         0.20415         0.54686         0.18179         0.77833         0.11145               
         A        389        LYS         0.99403         0.51493          1.2361         0.56053          2.1382         0.40394               
         A        390        THR          1.5609         0.34986          1.8606          0.2853          2.2333          1.0132               
         A        391        ASN          1.3292          0.5264           1.756         0.31756          2.1382         0.59253               
         A        392        ASN         0.33407         0.14771         0.41915         0.15272         0.66718         0.14731               
         A        393        THR         0.18325         0.12623         0.27139         0.12247         0.44189        0.025957               
         A        394        TYR        0.026781        0.032208        0.019471        0.034161        0.088771               0               
         A        395        ARG         0.32151         0.29596         0.49633         0.23106         0.80847               0               
         A        396        GLN        0.018539        0.017656        0.022835        0.015001        0.046074               0               
         A        397        THR       0.0037081       0.0090831       0.0086523        0.012236        0.025957               0               
         A        398        ILE       0.0057592        0.015237        0.011518        0.019951        0.046074               0               
         A        399        TYR        0.025435        0.052694        0.038152        0.060662         0.18555               0               
         A        400        VAL       0.0018855       0.0029813       0.0021998        0.003111       0.0065994               0               
         A        401        ASN       0.0093374        0.010929       0.0081391        0.010634        0.025957               0               
         A        402        PRO         0.12527         0.14564         0.02101        0.025191         0.42266               0               
         A        403        SER         0.49185         0.23868         0.31372         0.12817         0.90535         0.18555               
         A        404        GLY         0.57968         0.13468               0               0         0.80847         0.48194               
         A        405        ASP         0.37244         0.14214         0.44186         0.16834         0.69364         0.22643               
         A        406        ASN         0.49008         0.20315         0.65483         0.11049         0.83965         0.19887               
         A        407        VAL        0.038674         0.03917               0               0        0.099995               0               
         A        408        ILE         0.17972        0.065881         0.22985         0.06546         0.31728        0.099995               
         A        409        ALA         0.20784         0.14092         0.48194               0         0.48194        0.088771               
         A        410        PRO        0.020892        0.026728       0.0086523        0.012236        0.077773               0               
         A        411        VAL         0.11208        0.091993         0.20661         0.06166         0.27023        0.025957               
         A        412        LEU        0.016109        0.023389               0               0        0.066995               0               
         A        413        THR        0.077705        0.040016         0.11942        0.014574          0.1351        0.016186               
         A        414        GLY        0.075784        0.027873               0               0         0.11145        0.035918               
         A        415        ASN         0.17708         0.11687         0.27567        0.084282         0.40394        0.046074               
         A        416        LEU         0.23596        0.087759         0.24458        0.097786         0.38571         0.14731               
         A        417        LYS         0.32898         0.21839         0.41043          0.2513         0.80847         0.11145               
         A        418        PRO         0.89094          0.2823         0.92243         0.34755          1.3711         0.52428               
         A        419        ASN          2.3943          0.8739          3.1964          0.4758            3.85           1.425               
         A        420        THR         0.72355           0.138         0.65143        0.049168         0.97592         0.56911               
         A        421        ASP          1.2925         0.73119          1.9011         0.53896          2.4419         0.42266               
         A        422        SER          0.3044         0.10404         0.17266        0.012886         0.44189         0.15978               
         A        423        ASN         0.24556         0.13367         0.35011         0.10205         0.46164        0.088771               
         A        424        ALA        0.067175        0.050607        0.056431               0         0.15978       0.0065994               
         A        425        LEU         0.28438         0.19318           0.439         0.15061         0.59253        0.066995               
         A        426        ILE          0.0441        0.056526               0               0         0.17252               0               
         A        427        ASP         0.28694         0.13623         0.37648         0.10613         0.50281        0.046074               
         A        428        GLN           1.075         0.37144          1.3236         0.27974          1.7359         0.52428               
         A        429        GLN          1.7091         0.84115          2.3752         0.50699          3.1038         0.64153               
         A        430        ASN         0.36556         0.14068         0.45242         0.11895         0.54637         0.12315               
         A        431        THR         0.11083        0.099591        0.010791       0.0076302         0.27023               0               
         A        432        SER         0.64413         0.23974         0.95031         0.14184          1.0921         0.38571               
         A        433        ILE           0.222          0.1276         0.10309        0.016756         0.40394        0.077773               
         A        434        LYS         0.65645         0.59593           1.013         0.59288          1.8838         0.17252               
         A        435        VAL        0.034689         0.04375               0               0         0.12315               0               
         A        436        TYR         0.07432         0.12264         0.11148         0.13572         0.42266               0               
         A        437        LYS          0.3758         0.43613         0.64316         0.42546           1.425       0.0065994               
         A        438        VAL        0.090722        0.096848        0.035532        0.045662         0.30121               0               
         A        439        ASP          1.0092          0.4098           1.226         0.34966          1.8079         0.35063               
         A        440        ASN          1.2634         0.63454          1.8312         0.39646          2.3344         0.61666               
         A        441        ALA         0.73744         0.14101         0.59253               0         0.97592         0.59253               
         A        442        ALA          1.5499         0.29924          2.0486               0          2.0486          1.2229               
         A        443        ASP         0.84223         0.27412         0.94852         0.27851           1.425         0.44189               
         A        444        LEU         0.28037         0.18196         0.13809         0.11471         0.54637               0               
         A        445        SER         0.14369        0.054155        0.089224        0.022229         0.24069        0.066995               
         A        446        GLU         0.38365         0.33702         0.61616         0.28565          1.0519        0.025957               
         A        447        SER        0.033714        0.025741        0.021259        0.014659        0.077773               0               
         A        448        TYR        0.054664        0.050562        0.037729         0.04047         0.14731               0               
         A        449        PHE         0.43066         0.29605          0.5953         0.24965         0.97592        0.077773               
         A        450        VAL         0.25635          0.2156        0.070483        0.050058         0.66718               0               
         A        451        ASN         0.87448         0.35241          1.1898         0.21708          1.3711         0.52428               
         A        452        PRO         0.60037          0.1378         0.69661         0.14194         0.87192         0.44189               
         A        453        GLU          1.8444         0.86463          2.4808         0.63893          3.6391         0.77833               
         A        454        ASN         0.85596         0.19535         0.94793         0.18282          1.2229         0.56911               
         A        455        PHE          0.1812          0.1461        0.073639        0.023165         0.44189        0.025957               
         A        456        GLU         0.84846         0.54224          1.2575         0.38036          1.8838         0.19887               
         A        457        ASP         0.56564         0.11369         0.58952        0.068531         0.77833         0.40394               
         A        458        VAL         0.32737         0.09728         0.28234           0.123         0.42266         0.12315               
         A        459        THR         0.42396        0.096516         0.43651        0.039469         0.54637         0.27023               
         A        460        ASN          1.8688         0.77941            2.43         0.70998          3.6391         0.87192               
         A        461        SER         0.79529         0.21889         0.79115         0.22204          1.0132         0.54637               
         A        462        VAL         0.27304          0.1413         0.12422        0.034351         0.50281        0.077773               
         A        463        ASN         0.61994         0.26089         0.84209         0.18226          1.0921         0.31728               
         A        464        ILE         0.44023         0.17967         0.31579        0.057441         0.83965         0.22643               
         A        465        THR         0.50682         0.22457         0.70572         0.14233         0.87192         0.15978               
         A        466        PHE         0.24101         0.14893         0.16505         0.11935         0.50281       0.0065994               
         A        467        PRO         0.84125         0.34451         0.65574         0.22651          1.5405         0.38571               
         A        468        ASN          1.2214         0.53267          1.6336         0.41556          2.2333         0.48194               
         A        469        PRO          1.3852         0.70789          2.0991         0.39054          2.5567         0.54637               
         A        470        ASN         0.47219         0.24109         0.67132         0.16974         0.90535          0.1351               
         A        471        GLN         0.17545         0.16734          0.2939         0.13516         0.44189               0               
         A        472        TYR        0.017256         0.02807        0.025885        0.030961        0.088771               0               
         A        473        LYS          0.2734         0.35783         0.46824         0.38014           1.134               0               
         A        474        VAL        0.014915        0.015872        0.010791       0.0076302        0.046074               0               
         A        475        GLU         0.42659         0.35639         0.64823         0.34077          1.0519        0.066995               
         A        476        PHE        0.089402        0.043224        0.078653        0.030804         0.19887        0.035918               
         A        477        ASN         0.63453         0.31582          0.8791         0.16444          1.0519         0.14731               
         A        478        THR         0.61999         0.29727         0.43635         0.10326          1.0519         0.28554               
         A        479        PRO          1.8655         0.42431            2.16         0.48212          2.5567           1.425               
         A        480        ASP          1.3812         0.32186          1.3747         0.32568          1.8838         0.97592               
         A        481        ASP         0.58341         0.17958         0.67393          0.1761         0.87192         0.36794               
         A        482        GLN         0.38716         0.29256          0.6545         0.26022          1.0132        0.088771               
         A        483        ILE        0.090502        0.091439        0.011518        0.019951         0.22643               0               
         A        484        THR         0.69681          0.2376         0.94385        0.086701          1.0519         0.35063               
         A        485        THR         0.21716         0.15896          0.3531         0.10751         0.50281        0.016186               
         A        486        PRO        0.025493        0.042022        0.059483         0.04581         0.11145               0               
         A        487        TYR         0.05328         0.07824        0.079919        0.083983         0.28554               0               
         A        488        ILE               0               0               0               0               0               0               
         A        489        VAL        0.011723        0.014897       0.0021998        0.003111        0.046074               0               
         A        490        VAL        0.086203        0.049714        0.096154        0.064473         0.18555        0.035918               
         A        491        VAL        0.048517        0.023425        0.027331        0.019765        0.077773               0               
         A        492        ASN         0.37221         0.15753         0.50596         0.11035         0.64153         0.18555               
         A        493        GLY        0.097006        0.054232               0               0         0.17252        0.035918               
         A        494        HIS         0.32559         0.31204          0.5029         0.28858         0.93999        0.025957               
         A        495        ILE        0.050757        0.070406               0               0         0.19887               0               
         A        496        ASP         0.52392         0.23948         0.70912         0.18494         0.87192         0.18555               
         A        497        PRO         0.95095          0.2214         0.93706         0.19756          1.2229         0.61666               
         A        498        ASN          2.1967         0.75753          2.9275         0.21896           3.268          1.2229               
         A        499        SER         0.75504         0.20308         0.52274          0.1188          1.0519         0.40394               
         A        500        LYS          1.9315          1.0028          2.6135         0.85686          3.6391         0.83965               
         A        501        GLY         0.36395        0.080501               0               0         0.48194         0.25529               
         A        502        ASP         0.56611         0.23352         0.77496         0.13653         0.90535         0.30121               
         A        503        LEU         0.13569         0.10494        0.075768        0.052689         0.33374               0               
         A        504        ALA        0.029175        0.026086        0.025957               0        0.077773               0               
         A        505        LEU        0.023371        0.019334        0.032067         0.02032        0.056431               0               
         A        506        ARG         0.35684         0.36603         0.54746         0.33193         0.97592               0               
         A        507        SER       0.0010999       0.0024594               0               0       0.0065994               0               
         A        508        THR         0.11207        0.066856         0.17038        0.050684         0.24069        0.016186               
         A        509        LEU       0.0052679       0.0094456               0               0        0.025957               0               
         A        510        TYR         0.33052         0.29792          0.4786         0.25749         0.97592               0               
         A        511        GLY               0               0               0               0               0               0               
         A        512        TYR         0.38649         0.41848         0.57973         0.38814           1.425               0               
         A        513        ASN         0.28574          0.1721         0.34287          0.1445         0.46164       0.0065994               
         A        514        SER          1.3657         0.50101          1.9371         0.20117          2.1382         0.59253               
         A        515        ASN          1.5475         0.42608          1.9042         0.32284          2.2333          1.0921               
         A        516        ILE         0.86364         0.14819         0.98767        0.071794          1.0921         0.61666               
         A        517        ILE         0.64585         0.30779          0.8644          0.2742          1.1775         0.21249               
         A        518        TRP         0.52712         0.19367         0.55194         0.21987         0.97592         0.25529               
         A        519        ARG         0.46803         0.42343         0.63458         0.45268          1.4814        0.056431               
         A        520        SER         0.31121         0.14756          0.4549         0.13763         0.59253         0.15978               
         A        521        MET         0.21705         0.20202         0.33567         0.22816         0.64153        0.056431               
         A        522        SER         0.35826         0.15567         0.53556         0.13162         0.66718         0.21249               
         A        523        TRP          0.2884         0.15092         0.34156         0.14529         0.61666        0.077773               
         A        524        ASP         0.31274        0.087007          0.3449        0.097472         0.48194         0.21249               
         A        525        ASN         0.15361        0.061604         0.10332        0.023007         0.27023        0.066995               
         A        526        GLU         0.81198         0.29718          0.9809         0.30309          1.5405         0.50281               
         A        527        VAL         0.76691         0.28182         0.51316        0.069794          1.2229         0.42266               
         A        528        ALA          1.1729         0.20948          1.1775               0           1.425         0.80847               
         A        529        PHE           1.055         0.31333         0.89823         0.27105          1.4814         0.59253               
         A        530        ASN         0.79817         0.21485         0.60932         0.13074          1.0921         0.42266               
         A        531        ASN          1.6552         0.78939          2.3505         0.49027          3.1038         0.74917               
         A        532        GLY         0.65858        0.087097               0               0         0.80847         0.59253               
         A        533        SER         0.70486         0.35453          1.1812        0.089028          1.2702         0.30121               
         A        534        GLY         0.40094        0.047179               0               0         0.46164         0.33374               
         A        535        SER         0.87007         0.36145          1.3372         0.20324          1.5405         0.46164               
         A        536        GLY         0.63227         0.07244               0               0         0.72096         0.52428               
         A        537        ASP          1.2222          0.3815          1.5657           0.162          1.8079         0.66718               
         A        538        GLY          1.0401         0.12679               0               0          1.2229         0.90535               
         A        539        ILE          1.1884          0.2183          1.6024               0          1.6024         0.97592               
         A        540        ASP           2.094         0.29474          2.5567               0          2.5567          1.6675               
         A        541        CYS           2.864         0.98482          1.9639               0          4.6158          1.9639               
