pdb_id: 
analysis type: unbound
radii_file: F:\psiafrombintisolah\PSAIA-1.0\amac_data\chothia.radii
CX_sRadius: 8
CX_vAtom: 20.1

  chain id|    res id|  res name|     average CX|       s_avg CX|    s-ch avg CX|  s-ch s_avg CX|         max CX|         min CX|               
         B        308        LEU          4.7665          1.3783          5.9554         0.74052          7.2077          2.9518               
         B        309        PRO          2.3677         0.24326           2.521          0.1119          2.6793          1.9639               
         B        310        THR          2.0178         0.46886          2.4826         0.10479          2.5567          1.3196               
         B        311        TYR         0.97046         0.17844         0.92394         0.19892          1.3711         0.69364               
         B        312        ARG          1.3072         0.26575          1.8079               0          1.8079          1.0519               
         B        313        TYR         0.81017         0.36873         0.58935         0.19448          1.5405         0.28554               
         B        314        PRO         0.63531         0.17962          0.7195         0.20996         0.97592         0.42266               
         B        315        LEU         0.68108         0.27828         0.91251         0.20865          1.1775         0.36794               
         B        316        GLU         0.43218        0.051767         0.46164               0         0.50281         0.35063               
         B        317        LEU         0.73321         0.18647         0.61666               0          1.0921         0.56911               
         B        318        ASP         0.83641         0.13252         0.72096               0          1.0132         0.69364               
         B        319        THR          1.8714         0.42906          2.5567               0          2.5567          1.2702               
         B        320        ALA          2.3388         0.29114          2.6793               0          2.6793          1.9639               
         B        321        ASN          1.6959         0.18561           1.804         0.20675          2.1382          1.5405               
         B        322        ASN          1.4185         0.30783          1.9639               0          1.9639          1.0132               
         B        323        ARG          1.4139         0.81106          1.8222         0.75483           3.268         0.56911               
         B        324        VAL         0.81337         0.09549         0.83965               0         0.97592         0.69364               
         B        325        GLN         0.79439         0.12841         0.84516         0.10128          1.0132         0.54637               
         B        326        VAL         0.81534         0.15278         0.83965               0          1.0132         0.61666               
         B        327        ALA         0.53126         0.10428         0.44189               0         0.69364         0.40394               
         B        328        ASP          1.3215         0.41774          2.1382               0          2.1382          1.0132               
         B        329        ARG          0.6999         0.26251         0.78285         0.20512          1.2229         0.24069               
         B        330        PHE         0.39289         0.19879         0.47957         0.20264         0.80847         0.22643               
         B        331        GLY          0.5561        0.077666               0               0         0.61666         0.42266               
         B        332        MET         0.75186         0.23528         0.96525         0.12139           1.134         0.44189               
         B        333        ARG          0.2896        0.058261         0.28225        0.065403         0.38571         0.18555               
         B        334        THR         0.74015         0.31795          1.0781          0.1629          1.2702         0.40394               
         B        335        GLY         0.38232        0.039134               0               0         0.44189         0.33374               
         B        336        THR         0.25842         0.11065         0.46164               0         0.46164         0.15978               
         B        337        TRP        0.087508        0.062808         0.05652        0.034756         0.22643       0.0065994               
         B        338        THR          0.6232         0.19844         0.83274        0.080212         0.90535         0.38571               
         B        339        GLY         0.33545        0.046818               0               0         0.36794         0.25529               
         B        340        GLN         0.77629         0.57872          1.2048         0.43132          1.8079         0.17252               
         B        341        LEU        0.088837        0.046347        0.084613         0.03854         0.17252        0.046074               
         B        342        GLN         0.10849        0.043358         0.18555               0         0.18555        0.066995               
         B        343        TYR        0.032531         0.04766               0               0         0.12315               0               
         B        344        GLN         0.45627          0.3031         0.67846          0.2275         0.97592        0.088771               
         B        345        HIS         0.49324         0.18921         0.50919         0.20236         0.80847         0.21249               
         B        346        PRO          1.7681         0.54039          1.8961         0.63012          2.4419         0.93999               
         B        347        GLN          1.7103         0.20919          2.0486               0          2.0486           1.425               
         B        348        LEU         0.43611         0.18127         0.34546         0.10143         0.83965         0.24069               
         B        349        SER         0.63141         0.16007          0.6981         0.17382         0.87192         0.48194               
         B        350        TRP         0.25019         0.18261         0.18098         0.15485         0.61666               0               
         B        351        ARG           1.089         0.59466          1.4315         0.48058          2.1382         0.40394               
         B        352        ALA         0.46088         0.12981         0.30121               0         0.66718         0.30121               
         B        353        ASN          1.3385         0.50381          1.7171         0.44818          2.4419         0.72096               
         B        354        VAL         0.41891         0.14326         0.25611        0.032419         0.56911         0.22643               
         B        355        THR         0.64385         0.27032         0.92808         0.15053           1.134         0.36794               
         B        356        LEU         0.10202        0.080881        0.026987        0.017128         0.22643               0               
         B        357        ASN          0.5869           0.383         0.89469         0.29644          1.3196         0.11145               
         B        358        LEU        0.064302        0.074473               0               0         0.19887               0               
         B        359        MET         0.33407         0.28463         0.55836          0.2451         0.83965        0.056431               
         B        360        LYS        0.023585        0.026776       0.0071836        0.014367        0.077773               0               
         B        361        VAL         0.33925          0.1882         0.51585         0.14523         0.72096        0.088771               
         B        362        ASP         0.73156         0.37338          1.0714         0.14154          1.2702         0.18555               
         B        363        ASP         0.50926         0.29561          0.7375         0.25759          1.0921         0.22643               
         B        364        TRP         0.66323         0.48323         0.88059         0.40051          1.5405        0.066995               
         B        365        LEU        0.014739        0.019252               0               0        0.046074               0               
         B        366        VAL         0.20158         0.11344         0.32462        0.049531         0.36794        0.066995               
         B        367        LEU        0.075478        0.044446        0.051865        0.025908         0.17252        0.025957               
         B        368        SER         0.23202         0.12811         0.38946         0.07218         0.46164        0.099995               
         B        369        PHE         0.15811        0.045656         0.13968        0.036001         0.25529        0.099995               
         B        370        SER         0.48841            0.19         0.73598        0.042341         0.77833         0.24069               
         B        371        GLN          1.0875         0.36471          1.3149         0.34575          1.9639         0.72096               
         B        372        MET         0.32557         0.17052         0.18843         0.10965         0.56911        0.088771               
         B        373        THR         0.53418         0.10037         0.59422        0.052419         0.66718         0.35063               
         B        374        THR         0.17598        0.062513         0.12171        0.052723         0.25529        0.056431               
         B        375        ASN         0.52969          0.3442         0.81626          0.2554           1.134          0.1351               
         B        376        SER         0.23928         0.15339         0.42078          0.1035         0.52428        0.088771               
         B        377        ILE        0.041825        0.054306               0               0         0.12315               0               
         B        378        MET         0.36691         0.26078         0.53604         0.26842         0.93999         0.11145               
         B        379        ALA         0.41596         0.13626         0.66718               0         0.66718         0.28554               
         B        380        ASP          0.6297         0.34435         0.93742         0.17568          1.2229         0.18555               
         B        381        GLY         0.06017        0.034442               0               0        0.099995        0.025957               
         B        382        LYS         0.27542         0.25022          0.4597         0.18878         0.69364               0               
         B        383        PHE        0.019785        0.022925        0.011317        0.019249        0.056431               0               
         B        384        VAL         0.11981         0.10017         0.21779        0.079144         0.30121        0.025957               
         B        385        ILE        0.057377        0.031879        0.060861        0.043968         0.12315       0.0065994               
         B        386        ASN         0.32709         0.25246         0.51844         0.23133         0.83965        0.099995               
         B        387        PHE        0.067299        0.087083       0.0088943        0.016173         0.25529               0               
         B        388        VAL         0.80781          0.2579         0.99561         0.12081           1.134         0.30121               
         B        389        SER         0.88786         0.39282           1.398        0.026944           1.425         0.38571               
         B        390        GLY         0.52324        0.081801               0               0         0.61666         0.44189               
         B        391        LEU         0.18493         0.19915        0.024644        0.020561         0.59253               0               
         B        392        SER         0.65651          0.1566         0.61189         0.10907         0.90535         0.42266               
         B        393        SER          2.1214         0.77617          3.1859        0.082077           3.268          1.3711               
         B        394        GLY         0.94461         0.34545               0               0          1.4814         0.61666               
         B        395        TRP         0.19183         0.17838        0.093348        0.085308         0.54637               0               
         B        396        GLN         0.94735         0.58999          1.4231         0.33272          1.7359         0.21249               
         B        397        THR         0.34747         0.10933         0.39857        0.096466         0.50281         0.17252               
         B        398        GLY          0.3649        0.089512               0               0         0.50281         0.28554               
         B        399        ASP         0.16902         0.12477         0.26695        0.071231         0.33374               0               
         B        400        THR        0.009782        0.013823               0               0        0.035918               0               
         B        401        GLU         0.48147         0.39136         0.76454         0.30657          1.1775        0.088771               
         B        402        PRO         0.11875         0.10384         0.03989        0.025041         0.31728       0.0065994               
         B        403        SER         0.70161         0.23834         0.63367        0.087295          1.1775         0.40394               
         B        404        SER         0.94444         0.29956          1.2268        0.092782          1.3196         0.46164               
         B        405        THR          1.6262         0.63625          2.2398         0.50349          2.9518          1.0132               
         B        406        ILE            1.29         0.39818          1.6081         0.23949          1.9639         0.59253               
         B        407        ASP         0.87361         0.27903         0.71517         0.15554          1.4814         0.48194               
         B        408        PRO         0.63838         0.13754         0.68029         0.18944         0.90535         0.44189               
         B        409        LEU         0.19387         0.13063        0.076245         0.05775         0.40394               0               
         B        410        SER         0.39743        0.088237         0.48308        0.041197         0.52428         0.25529               
         B        411        THR         0.60601         0.16961         0.65867         0.17466         0.90535         0.38571               
         B        412        THR         0.36893        0.077606         0.35063               0         0.48194         0.24069               
         B        413        PHE         0.74499         0.28875         0.93443         0.16861          1.1775         0.30121               
         B        414        ALA         0.12674        0.036325        0.056431               0         0.15978        0.056431               
         B        415        ALA         0.34479         0.16191         0.64153               0         0.64153         0.18555               
         B        416        VAL        0.075151        0.059151        0.034168        0.024528         0.19887               0               
         B        417        GLN         0.28116         0.30969         0.48335         0.28253         0.97592               0               
         B        418        PHE               0               0               0               0               0               0               
         B        419        LEU          0.1759         0.18323         0.30127          0.1805         0.48194               0               
         B        420        ASN         0.62852         0.25789         0.73056         0.21858         0.97592         0.17252               
         B        421        ASN          1.7316           0.402          2.1382               0          2.1382          1.0921               
         B        422        GLY          1.5216         0.16385               0               0          1.6675          1.2702               
         B        423        GLN          1.5133         0.88249          2.0923         0.75026          3.4458         0.35063               
         B        424        ARG         0.80162         0.32403         0.94697         0.31005           1.425         0.36794               
         B        425        ILE         0.44943         0.10382         0.45662        0.084849         0.56911         0.28554               
         B        426        ASP          1.0991         0.43169           1.487          0.2331          1.8838         0.50281               
         B        427        ALA         0.26931        0.078897          0.1351               0         0.36794          0.1351               
         B        428        PHE          0.6068         0.39236         0.83054         0.31612          1.2702         0.12315               
         B        429        ARG        0.023746        0.031188        0.010374        0.019615        0.099995               0               
         B        430        ILE         0.17821         0.15601         0.29206         0.14112         0.52428       0.0065994               
         B        431        MET        0.018329        0.026901        0.011518        0.019951        0.077773               0               
         B        432        GLY        0.020597        0.023245               0               0        0.056431               0               
         B        433        VAL        0.021523        0.018493         0.02621        0.016116        0.046074               0               
         B        434        SER          0.1409        0.080311          0.1931        0.033327         0.24069       0.0065994               
         B        435        GLU         0.71308         0.57464          1.1353         0.43256          1.6675        0.099995               
         B        436        TRP         0.22215         0.15193         0.19392         0.16075         0.46164        0.016186               
         B        437        THR         0.72827         0.21835         0.91836          0.1605           1.134         0.40394               
         B        438        ASP          1.4324         0.73118          2.0805         0.40839          2.6793         0.50281               
         B        439        GLY        0.093146        0.070092               0               0         0.19887        0.016186               
         B        440        GLU         0.33311         0.30359         0.54742         0.24862         0.80847        0.016186               
         B        441        LEU       0.0061396        0.011595       0.0016498       0.0028576        0.035918               0               
         B        442        GLU         0.19059         0.20415         0.30853         0.20621         0.59253               0               
         B        443        ILE        0.014763        0.019924        0.018008        0.019361        0.046074               0               
         B        444        LYS         0.29237         0.30622         0.49475         0.27379         0.87192               0               
         B        445        ASN        0.049884        0.053677        0.016749         0.02901          0.1351               0               
         B        446        TYR          0.4978         0.17622         0.48501         0.18535         0.74917         0.22643               
         B        447        GLY         0.27506          0.1014               0               0         0.36794         0.11145               
         B        448        GLY         0.48024         0.11229               0               0         0.59253         0.36794               
         B        449        THR          0.7855         0.42775          1.0867         0.43609          1.6675         0.19887               
         B        450        TYR          0.5213         0.20401         0.45399         0.15669          1.0132         0.21249               
         B        451        THR           0.554         0.17257           0.511         0.17767         0.74917         0.27023               
         B        452        GLY         0.71811         0.20507               0               0         0.93999         0.50281               
         B        453        HIS          0.1747         0.15819        0.056077        0.029875         0.46164               0               
         B        454        THR         0.66933         0.29282         0.94261          0.2329          1.2702         0.35063               
         B        455        GLN         0.37406         0.34402         0.60758         0.29117         0.97592               0               
         B        456        VAL       0.0037081       0.0090831               0               0        0.025957               0               
         B        457        TYR         0.28894         0.27058         0.42552         0.23145         0.87192               0               
         B        458        TRP        0.037494        0.057985        0.014251        0.030499         0.21249               0               
         B        459        ALA         0.34608         0.18031         0.66718               0         0.66718          0.1351               
         B        460        PRO          0.7686         0.28811          1.0758         0.14991          1.2702         0.46164               
         B        461        TRP         0.16013         0.15514        0.068025        0.062588         0.40394               0               
         B        462        THR         0.58562         0.24047         0.83247         0.16167          1.0519         0.35063               
         B        463        ILE         0.14049          0.0935        0.057952        0.061016         0.24069               0               
         B        464        MET         0.28254          0.1177         0.42078          0.1035         0.52428         0.15978               
         B        465        TYR        0.058724        0.049975        0.026295        0.018782         0.14731       0.0065994               
         B        466        PRO         0.20573         0.12711         0.32483         0.09941         0.44189        0.046074               
         B        467        CYS        0.036273        0.032756               0               0        0.088771               0               
         B        468        ASN         0.92862         0.43327          1.2532         0.31579          1.7359         0.25529               
         B        469        VAL         0.64805         0.27318         0.43876         0.11689          1.1775         0.28554               
         B        470        ARG         0.79229         0.33671          1.0092         0.23754           1.425         0.31728               
