pdb_id: 
analysis type: unbound
radii_file: F:\psiafrombintisolah\PSAIA-1.0\amac_data\chothia.radii
CX_sRadius: 8
CX_vAtom: 20.1

  chain id|    res id|  res name|     average CX|       s_avg CX|    s-ch avg CX|  s-ch s_avg CX|         max CX|         min CX|               
         A         40        THR          2.0076         0.48255          2.3642         0.32461          2.8107          1.3711               
         A         41        ASP         0.91933         0.26053          1.0702         0.13314          1.2702         0.44189               
         A         42        ARG          1.2685         0.65846          1.6553         0.51505          2.4419         0.48194               
         A         43        GLN          1.3155         0.79567          1.8429         0.71486          2.8107         0.59253               
         A         44        LEU         0.32633        0.084566         0.31417        0.035354         0.52428         0.24069               
         A         45        ALA         0.15102        0.065334        0.066995               0         0.24069        0.066995               
         A         46        GLU         0.79293         0.48802          1.1386         0.39753          1.5405         0.31728               
         A         47        GLU         0.63306         0.31456         0.86129         0.23403          1.2702         0.25529               
         A         48        TYR        0.061654        0.051185        0.047909        0.024288         0.18555               0               
         A         49        LEU        0.019475        0.025403        0.018154        0.023066        0.066995               0               
         A         50        TYR         0.96137         0.88187          1.3437         0.85283           3.268         0.14731               
         A         51        ARG         0.31968         0.20495         0.41209         0.19399         0.80847        0.025957               
         A         52        TYR        0.022153        0.037367         0.02747        0.042551          0.1351               0               
         A         53        GLY        0.048361        0.040248               0               0         0.11145               0               
         A         54        TYR        0.027455         0.06878               0               0         0.24069               0               
         A         55        THR         0.44671         0.23184         0.40789          0.1843         0.83965         0.18555               
         A         56        ARG          1.0539         0.42546         0.96369         0.38334          1.8838         0.48194               
         A         57        VAL          1.0352         0.25406         0.86463        0.082578          1.6024         0.77833               
         A         58        ALA          1.2209         0.45474         0.66718               0          1.9639         0.66718               
         A         66        SER          2.5822         0.65681          3.1592         0.47991          3.6391          1.7359               
         A         67        LEU         0.73099         0.31999         0.56879         0.13864           1.425         0.42266               
         A         68        GLY         0.63127         0.15386               0               0         0.83965         0.42266               
         A         69        PRO         0.85228         0.33033          1.1728          0.1447          1.3196         0.36794               
         A         70        ALA         0.11972        0.085447         0.11145               0         0.28554        0.046074               
         A         71        LEU        0.078192        0.054885         0.10835        0.054334         0.18555               0               
         A         72        LEU         0.30415         0.19881         0.46359         0.16631         0.74917         0.11145               
         A         73        LEU           0.253         0.14629         0.36682          0.1253         0.50281        0.088771               
         A         74        LEU       0.0040695       0.0085501               0               0        0.025957               0               
         A         75        GLN        0.031748        0.054904       0.0051914        0.010383         0.15978               0               
         A         76        LYS          1.0866          1.1686          1.7609          1.1953            3.85        0.099995               
         A         77        GLN         0.21486         0.13147         0.29196         0.12919         0.50281        0.056431               
         A         78        LEU         0.10265         0.10176        0.021093        0.032835         0.30121               0               
         A         79        SER         0.46832         0.15187         0.56441         0.10277         0.66718         0.19887               
         A         80        LEU         0.35624         0.14319         0.23836        0.098542         0.54637        0.077773               
         A         81        PRO         0.87433         0.31463          1.1577         0.14099          1.3196         0.33374               
         A         82        GLU         0.67797         0.17189         0.64242          0.1319          1.0519         0.44189               
         A         83        THR         0.77062         0.22926         0.78097         0.22763           1.134         0.46164               
         A         84        GLY         0.35951        0.019366               0               0         0.38571         0.33374               
         A         85        GLU          1.3667         0.89542          2.0728         0.54961          2.8107         0.24069               
         A         86        LEU         0.43209         0.19168         0.27528         0.10305         0.77833         0.11145               
         A         87        ASP         0.54789         0.22029         0.40009         0.16377         0.93999         0.18555               
         A         88        SER          1.2501         0.43533          1.8157         0.14819          1.9639         0.66718               
         A         89        ALA         0.59147         0.14159         0.66718               0         0.74917         0.38571               
         A         90        THR        0.093041        0.086092        0.015358        0.021719         0.25529               0               
         A         91        LEU         0.31407        0.099556         0.32866         0.12861         0.54637         0.21249               
         A         92        LYS          1.1123         0.87136          1.6121          0.8967           3.268         0.46164               
         A         93        ALA         0.26067        0.083528         0.17252               0         0.38571         0.17252               
         A         94        MET         0.13622        0.092194        0.058774         0.06007         0.25529               0               
         A         95        ARG          0.8416         0.27162          1.0194         0.15345          1.2702         0.40394               
         A         96        THR          0.4511         0.14206         0.54248        0.074561         0.64153         0.22643               
         A         97        PRO         0.27608         0.12824         0.40266        0.082306         0.50281         0.14731               
         A         98        ARG         0.00633        0.016042      0.00094276       0.0023093        0.056431               0               
         A         99        CYS               0               0               0               0               0               0               
         A        100        GLY        0.019443        0.033677               0               0        0.077773               0               
         A        101        VAL        0.023998        0.032379         0.03179        0.040381        0.088771               0               
         A        102        PRO         0.10013        0.075506         0.16733         0.06213         0.24069       0.0065994               
         A        103        ASP         0.10834         0.14482               0               0         0.42266               0               
         A        104        LEU         0.47187         0.11061          0.5174          0.1227         0.72096         0.33374               
         A        105        GLY          0.6878         0.15364               0               0         0.83965         0.50281               
         A        106        ARG         0.75868         0.35553         0.90652         0.36294          1.5405         0.38571               
         A        107        PHE         0.36281         0.25648         0.20988        0.094992         0.93999        0.088771               
         A        108        GLN         0.78309         0.17785         0.71783         0.18569          1.0519         0.48194               
         A        109        THR          1.6565          0.6421          2.3503         0.23587          2.6793         0.80847               
         A        110        PHE         0.35712         0.29567         0.14351        0.041254         0.93999        0.088771               
         A        111        GLU          1.6002          1.0705          2.3422         0.88784          3.6391         0.44189               
         A        112        GLY           1.053        0.047455               0               0          1.0921         0.97592               
         A        113        ASP           1.196          0.4101          1.4907          0.3466          1.8079         0.72096               
         A        114        LEU         0.31018         0.13939         0.40487        0.089626         0.54637        0.099995               
         A        115        LYS         0.42159         0.27751          0.6104         0.23491         0.87192         0.11145               
         A        116        TRP        0.080703         0.10074        0.031847        0.048266         0.31728               0               
         A        117        HIS          1.1918         0.30765          1.3557         0.15735          1.6024         0.54637               
         A        118        HIS         0.58438         0.19114         0.63977         0.18253         0.97592         0.30121               
         A        119        HIS         0.61811         0.26282         0.75842         0.24995          1.1775         0.30121               
         A        120        ASN         0.79397         0.40392          1.1394         0.27982          1.5405         0.30121               
         A        121        ILE        0.026148        0.047688               0               0         0.14731               0               
         A        122        THR         0.12398          0.1188         0.24837        0.060624         0.33374               0               
         A        123        TYR        0.019317        0.044579        0.028976        0.051972         0.15978               0               
         A        124        TRP         0.25186         0.28123          0.3526         0.27423         0.83965               0               
         A        125        ILE        0.018639        0.040406               0               0         0.12315               0               
         A        126        GLN         0.64466         0.38495         0.86772         0.37086          1.5405         0.18555               
         A        127        ASN         0.41378         0.20534         0.57218         0.17198         0.77833         0.14731               
         A        128        TYR         0.31775         0.10676          0.3201         0.10788         0.48194         0.14731               
         A        129        SER         0.24434        0.087136         0.15354       0.0062354         0.36794         0.14731               
         A        130        GLU          2.0496          1.0228          2.8339         0.67579          4.0809         0.72096               
         A        131        ASP         0.65368         0.13897         0.59076         0.16221         0.83965         0.40394               
         A        132        LEU         0.40221         0.16369          0.3058         0.18274         0.59253        0.088771               
         A        133        PRO         0.98679         0.38789          1.3952         0.12185          1.4814         0.46164               
         A        134        ARG          1.1953          0.8015          1.5947         0.75333          2.8107         0.36794               
         A        135        ALA         0.84679         0.23025          1.2702               0          1.2702         0.59253               
         A        136        VAL         0.51659         0.23981         0.69161         0.16056         0.87192         0.11145               
         A        137        ILE        0.043451        0.053691       0.0064893         0.01124         0.15978               0               
         A        138        ASP         0.30778         0.15907         0.41589         0.16213         0.69364         0.14731               
         A        139        ASP         0.58761         0.27415         0.83992         0.12234          1.0132         0.25529               
         A        140        ALA        0.062935        0.069437       0.0065994               0         0.15978       0.0065994               
         A        141        PHE        0.012181         0.02584               0               0        0.066995               0               
         A        142        ALA         0.27994         0.11229         0.46164               0         0.46164         0.12315               
         A        143        ARG         0.62172         0.28082         0.79001         0.20364          1.0921         0.22643               
         A        144        ALA       0.0085034        0.013943               0               0        0.035918               0               
         A        145        PHE        0.047573        0.071201        0.017993        0.034654         0.19887               0               
         A        146        ALA         0.48253         0.13408         0.64153               0         0.64153         0.25529               
         A        147        LEU         0.29359        0.087521         0.22677        0.069023         0.42266         0.15978               
         A        148        TRP        0.047758        0.077837               0               0         0.22643               0               
         A        149        SER          0.4379         0.18028         0.38143        0.080212         0.74917         0.21249               
         A        150        ALA          1.2278         0.26289          1.3711               0          1.6024         0.80847               
         A        151        VAL          0.4946         0.19077         0.50045         0.19596         0.74917         0.25529               
         A        152        THR         0.36497         0.24499          0.1273        0.014929         0.80847         0.11145               
         A        153        PRO         0.78804         0.22806         0.95092         0.25139          1.2229         0.54637               
         A        154        LEU         0.15829         0.13283        0.032822        0.035017         0.33374               0               
         A        155        THR         0.52909         0.18805         0.73098        0.035289         0.77833         0.27023               
         A        156        PHE         0.13727         0.14101        0.037498        0.042836         0.40394               0               
         A        157        THR         0.63052         0.24251           0.873         0.14554         0.97592         0.35063               
         A        158        ARG         0.48877         0.10383         0.44712        0.060236         0.69364         0.36794               
         A        159        VAL         0.29749        0.099241         0.30086         0.14201         0.48194          0.1351               
         A        160        TYR          1.1075         0.31314          1.2546         0.22021          1.6675         0.50281               
         A        161        SER         0.69098         0.27174         0.98203         0.11011          1.0921         0.27023               
         A        162        ARG          2.3866          1.6839          3.3012           1.468          5.2764         0.74917               
         A        163        ASP          1.4615         0.75841          2.1307         0.47945          2.6793         0.56911               
         A        164        ALA         0.17263        0.097474        0.056431               0         0.33374        0.056431               
         A        165        ASP         0.22297         0.18034         0.37376         0.12155         0.56911               0               
         A        166        ILE       0.0090039        0.016386               0               0        0.046074               0               
         A        167        VAL        0.026615        0.028851        0.044735         0.03281        0.077773               0               
         A        168        ILE       0.0020233        0.005353               0               0        0.016186               0               
         A        169        GLN         0.18129         0.17266         0.31504         0.11373         0.44189               0               
         A        170        PHE        0.033985        0.055746        0.023356         0.05091         0.14731               0               
         A        171        GLY         0.08874        0.054756               0               0         0.15978        0.025957               
         A        172        VAL          0.4855         0.22171         0.69364         0.17823         0.93999         0.24069               
         A        173        ALA         0.45316          0.1929         0.80847               0         0.80847         0.27023               
         A        174        GLU         0.77851         0.16842         0.89593        0.087059          1.0132         0.52428               
         A        175        HIS         0.20082         0.22255        0.029854        0.063849         0.54637               0               
         A        176        GLY          1.0565         0.22199               0               0          1.3196         0.77833               
         A        177        ASP         0.40859         0.23919         0.19298         0.13839         0.69364               0               
         A        178        GLY         0.91401         0.18155               0               0           1.134         0.72096               
         A        179        TYR         0.42223         0.19307         0.51095         0.15863         0.77833        0.088771               
         A        180        PRO         0.43178          0.2187         0.65437         0.14632         0.83965         0.18555               
         A        181        PHE         0.09759         0.17293               0               0         0.54637               0               
         A        182        ASP         0.51949         0.20308         0.49034         0.15801         0.90535         0.22643               
         A        183        GLY          0.3285        0.097379               0               0         0.46164         0.19887               
         A        184        LYS          1.5789          1.4056          2.2863          1.5555          5.2764         0.56911               
         A        185        ASP         0.69729         0.50375           1.092         0.43487          1.8079         0.18555               
         A        186        GLY          0.2168        0.072863               0               0         0.31728         0.14731               
         A        187        LEU        0.043809        0.042355        0.051101        0.042245         0.11145               0               
         A        188        LEU       0.0070539        0.018663        0.014108        0.024435        0.056431               0               
         A        189        ALA               0               0               0               0               0               0               
         A        190        HIS               0               0               0               0               0               0               
         A        191        ALA               0               0               0               0               0               0               
         A        192        PHE       0.0029597       0.0075134      0.00094276       0.0023093        0.025957               0               
         A        193        PRO       0.0051311        0.012569        0.011973        0.016932        0.035918               0               
         A        194        PRO        0.011713        0.018718        0.027331        0.019765        0.046074               0               
         A        195        GLY         0.20972         0.14559               0               0         0.38571        0.035918               
         A        196        PRO           1.041         0.33722          1.3003         0.36161          1.6675         0.72096               
         A        197        GLY         0.99745         0.34981               0               0           1.425         0.48194               
         A        198        ILE         0.53963         0.24806          0.5823           0.147         0.97592         0.17252               
         A        199        GLN         0.14409         0.10083         0.17583        0.086049         0.33374               0               
         A        200        GLY               0               0               0               0               0               0               
         A        201        ASP        0.084672        0.090077         0.16036        0.067283         0.27023               0               
         A        202        ALA               0               0               0               0               0               0               
         A        203        HIS      0.00065994       0.0019798       0.0010999       0.0024594       0.0065994               0               
         A        204        PHE               0               0               0               0               0               0               
         A        205        ASP               0               0               0               0               0               0               
         A        206        ASP         0.18357         0.10107         0.20621        0.069407         0.31728               0               
         A        207        ASP         0.44312         0.18855         0.53854         0.18192         0.83965         0.18555               
         A        208        GLU        0.084543        0.097112        0.012606        0.022061         0.28554               0               
         A        209        LEU         0.58229         0.35663         0.87306         0.28734          1.3196         0.22643               
         A        210        TRP        0.051913        0.083202      0.00065994       0.0019798         0.22643               0               
         A        211        SER          0.2652        0.054998         0.31748        0.016265         0.33374         0.15978               
         A        212        LEU         0.45196         0.11981         0.49592         0.13923         0.64153         0.27023               
         A        213        GLY         0.66665        0.096607               0               0         0.74917         0.50281               
         A        214        LYS          1.7589         0.46423          2.1583        0.069434          2.2333          1.0519               
         A        215        GLY          1.6774         0.25739               0               0          1.9639          1.2702               
         A        391        GLN          2.6931          1.5656          3.8925          1.0067          4.9278         0.72096               
         A        392        GLY         0.43668         0.24596               0               0         0.83965         0.19887               
         A        393        TYR         0.16357         0.12923         0.21601         0.11585         0.44189               0               
         A        394        SER        0.053794        0.029613        0.083272       0.0054988        0.088771        0.016186               
         A        395        LEU       0.0032446       0.0085845               0               0        0.025957               0               
         A        396        PHE         0.17191          0.1265         0.24944        0.091842         0.38571        0.025957               
         A        397        LEU         0.11315        0.044411        0.077828        0.007699         0.21249        0.066995               
         A        398        VAL        0.016865        0.038683               0               0         0.11145               0               
         A        399        ALA               0               0               0               0               0               0               
         A        400        ALA               0               0               0               0               0               0               
         A        401        HIS        0.007863        0.014906       0.0087789        0.016852        0.046074               0               
         A        402        GLU               0               0               0               0               0               0               
         A        403        PHE               0               0               0               0               0               0               
         A        404        GLY        0.014628        0.011566               0               0        0.025957               0               
         A        405        HIS      0.00065994       0.0019798               0               0       0.0065994               0               
         A        406        ALA               0               0               0               0               0               0               
         A        407        LEU       0.0052679       0.0094456               0               0        0.025957               0               
         A        408        GLY         0.11439         0.10245               0               0         0.28554        0.025957               
         A        409        LEU         0.14874        0.095445        0.085128        0.044714         0.31728        0.016186               
         A        410        ASP         0.71921         0.38785         0.97416         0.39032          1.6024         0.30121               
         A        411        HIS         0.10234         0.12069        0.011973        0.016932         0.33374               0               
         A        412        SER         0.13337        0.050368         0.16101        0.037859         0.19887        0.046074               
         A        413        SER         0.34405         0.10152         0.47235        0.030462         0.50281         0.21249               
         A        414        VAL         0.36107         0.13281         0.49777        0.053871         0.54637         0.18555               
         A        415        PRO         0.50349         0.15533         0.66963        0.063972         0.74917         0.31728               
         A        416        GLU         0.93811           0.486          1.3472         0.12884          1.4814         0.22643               
         A        417        ALA        0.024556        0.038183       0.0065994               0        0.099995               0               
         A        418        LEU        0.017689        0.020751        0.024842        0.025218        0.066995               0               
         A        419        MET        0.011745        0.025512               0               0        0.077773               0               
         A        420        TYR        0.068961         0.08945         0.10142        0.093899         0.28554               0               
         A        421        PRO        0.033746        0.044411               0               0         0.12315               0               
         A        422        MET          0.1726        0.044297          0.2063        0.028105         0.24069        0.088771               
         A        423        TYR         0.30539         0.15228         0.25559        0.098317         0.69364         0.11145               
         A        424        ARG         0.63302          0.2416         0.58388         0.24591         0.93999         0.27023               
         A        425        PHE         0.69911         0.24895         0.56729         0.17997           1.134         0.31728               
         A        426        THR         0.67574         0.14366         0.74528         0.15683         0.87192         0.48194               
         A        427        GLU          1.6017         0.51632          1.9805         0.38555          2.5567          1.0132               
         A        428        GLY          1.6754         0.31809               0               0          2.0486          1.1775               
         A        429        PRO          1.7191         0.71404          2.3788         0.38104          2.8107         0.74917               
         A        430        PRO         0.47057         0.17627         0.45884         0.23672         0.77833         0.21249               
         A        431        LEU         0.34691         0.12445         0.26741        0.077447         0.59253         0.18555               
         A        432        HIS         0.48994          0.1494         0.53783         0.17692         0.80847         0.25529               
         A        433        LYS          2.0873          1.8481          3.2078          1.8204          6.1133         0.56911               
         A        434        ASP         0.43164         0.11501         0.43334         0.12766         0.64153         0.28554               
         A        435        ASP        0.092699        0.062568         0.04528        0.032225         0.21249               0               
         A        436        VAL         0.29395        0.071688         0.36305        0.035549         0.40394         0.18555               
         A        437        ASN          0.6334         0.20837         0.81612         0.12081          1.0132         0.33374               
         A        438        GLY         0.31903        0.047335               0               0         0.36794         0.24069               
         A        439        ILE        0.052065        0.053668        0.013026        0.014776         0.14731               0               
         A        440        ARG         0.71792         0.33897         0.84576         0.34202          1.4814         0.24069               
         A        441        HIS          1.4101         0.44099          1.7079         0.28741          2.1382         0.77833               
         A        442        LEU         0.52493         0.21325          0.3253        0.070866         0.83965         0.21249               
         A        443        TYR         0.26949         0.29271        0.093369        0.092573          1.0132               0               
