pdb_id: 
analysis type: unbound
radii_file: F:\psiafrombintisolah\PSAIA-1.0\amac_data\chothia.radii
CX_sRadius: 15
CX_vAtom: 20.1

  chain id|    res id|  res name|     average CX|       s_avg CX|    s-ch avg CX|  s-ch s_avg CX|         max CX|         min CX|               
         C          1        ASP          18.742          1.6299          19.737         0.99773          20.313          16.584               
         C          2        ARG          14.951         0.70524          14.605         0.62002          16.155          13.653               
         C          3        ILE          15.357               0          15.357               0          15.357          15.357               
         C          4        CYS          13.443          1.1166          12.175         0.61567          14.985           11.56               
         C          5        THR          10.606          2.0523          11.805          1.1237          13.354          6.9925               
         C          6        GLY          7.5548          0.8317               0               0          8.5046           6.645               
         C         10        SER          3.3855         0.11945          3.3316         0.11995          3.5377          3.2116               
         C         11        ASN          3.5479         0.33209          3.8374         0.13116            4.06          2.9963               
         C         12        SER          2.5446         0.24981          2.4242        0.074983          3.0656          2.3176               
         C         13        PRO          2.6073         0.21886          2.8232        0.050903          2.8859          2.3021               
         C         14        HIS           2.192         0.24316          2.3235         0.21233          2.6255          1.8825               
         C         15        VAL          1.8245        0.092411          1.9032        0.047718          1.9429          1.6743               
         C         16        VAL          1.7384        0.094468          1.6581        0.041128          1.9064           1.605               
         C         17        LYS          1.9561         0.12251          2.0205         0.11599          2.1682          1.7582               
         C         18        THR          2.6764         0.43424          2.4881         0.20416          3.4515          2.1825               
         C         19        ALA          4.9931         0.90022          5.2243               0          6.2509          3.6272               
         C         20        THR          6.6761         0.98352          7.6457         0.52537          8.0172          5.3364               
         C         21        GLN          3.8625         0.38921          3.8924         0.41932          4.5821          3.3416               
         C         22        GLY          3.2956         0.55216               0               0          3.9882          2.6069               
         C         23        GLU          2.4976         0.20512           2.532         0.16993          2.8434          2.2116               
         C         24        VAL          1.9974         0.13754          2.0813         0.13051          2.2562            1.78               
         C         25        ASN          2.1568         0.16104          2.3044        0.087615          2.4309          1.9803               
         C         26        VAL          1.9911        0.072848           1.927        0.037967          2.0848          1.8944               
         C         28        GLY          2.2071         0.14344               0               0          2.3653          2.0057               
         C         29        VAL           1.879         0.13864          1.7441        0.026805           2.126          1.7156               
         C         30        ILE          2.1249          0.3484          2.4326         0.18618          2.7018          1.6342               
         C         31        PRO          1.7545          0.1406          1.8617         0.13407          1.9803          1.5669               
         C         32        LEU           1.526         0.10232           1.565         0.11572          1.7582          1.4087               
         C         33        THR          1.3809        0.018947          1.3896       0.0076719          1.4005          1.3367               
         C         34        THR          1.2529        0.061637          1.2654        0.057088          1.3445          1.1443               
         C         35        THR          1.4093         0.11319          1.5244        0.033417          1.5669          1.2688               
         C         36        PRO          1.0825         0.13593         0.96009        0.042365          1.3289         0.90607               
         C         37        THR           1.733         0.35176          2.1013         0.15313          2.3021          1.2836               
         C         38        LYS          1.9706         0.39003           2.219         0.33208          2.7412           1.503               
         C         39        SER             1.4          0.1248          1.5333        0.091125          1.6244          1.2187               
         C         40        HIS          1.7537         0.44109          2.0571         0.25571          2.3978          1.0566               
         C         41        PHE         0.86478         0.14593         0.77646        0.086002          1.1185         0.65882               
         C         42        ALA         0.91941        0.099307          1.0809               0          1.0809         0.79424               
         C         43        ASN          1.0606        0.091855          1.1149        0.076687          1.2187         0.94293               
         C         44        LEU         0.93684         0.12603         0.86188        0.067132          1.1443         0.78061               
         C         45        LYS          2.2055         0.65689          2.6139         0.59919          3.5086          1.3367               
         C         46        GLY          1.9899         0.17372               0               0          2.2714          1.8247               
         C         47        THR          1.3393         0.13904          1.2982        0.071614          1.5858          1.1378               
         C         48        GLU          1.2322         0.32927          1.4424         0.26092          1.8825         0.78967               
         C         49        THR         0.62159        0.058384          0.6113        0.054236         0.73237         0.54581               
         C         50        ARG         0.46189        0.069289         0.47734        0.070369         0.61317         0.35519               
         C         51        GLY         0.42268        0.022365               0               0         0.45319            0.39               
         C         52        LYS         0.59807         0.15742         0.70948         0.12762         0.94293         0.42377               
         C         53        LEU         0.33527        0.087937         0.25721          0.0293         0.48072         0.21896               
         C         54        CYS         0.73766         0.12216         0.83611        0.090849         0.92696         0.52238               
         C         55        PRO          1.1629         0.15978           1.131         0.11278          1.3602         0.91646               
         C         56        LYS          2.4511         0.49887          2.7869         0.40463           3.315          1.7691               
         C         57        CYS          1.2836         0.21164          1.0275        0.035058          1.6147         0.99247               
         C         58        LEU          2.1662         0.59656          2.6835         0.39681          3.3416          1.4592               
         C         59        ASN          1.7995         0.49733          2.2175         0.32293          2.5344          1.1378               
         C         60        CYS         0.86547          0.1054         0.84019        0.050515          1.0809         0.76276               
         C         61        THR         0.56736        0.092674         0.60339        0.099516         0.73237         0.44721               
         C         62        ASP         0.33839        0.061117         0.35632        0.025621         0.43833         0.23393               
         C         63        LEU         0.23847        0.059645          0.2691        0.047426         0.32207         0.13442               
         C         64        ASP         0.34788         0.12054         0.45836        0.066203         0.56298         0.21475               
         C         65        VAL          0.2909        0.088183         0.37818         0.06144         0.46225         0.19009               
         C         66        ALA        0.099243        0.026286        0.098971               0         0.14738        0.073804               
         C         67        LEU        0.083637        0.011131        0.088443        0.010417         0.10242        0.065669               
         C         68        GLY         0.19064        0.049033               0               0         0.24927         0.11465               
         C         69        ARG         0.49635         0.19436         0.58136          0.1815         0.86563         0.21896               
         C         70        PRO         0.67073         0.11802         0.63765         0.10631         0.80344         0.49966               
         C         71        LYS          1.3957         0.45249          1.7116         0.37378          2.2562         0.91125               
         C         72        CYS          0.6692        0.080905         0.60989        0.025788         0.81274         0.58054               
         C         73        THR         0.88963         0.16469         0.80441         0.13587          1.1843         0.64332               
         C         74        GLY          1.0672         0.11185               0               0          1.1979          0.9217               
         C         75        LYS          1.7857         0.66632          2.2937         0.45539          2.8434          1.0211               
         C         76        ILE          0.6128         0.14229          0.4758        0.027772         0.79883         0.45319               
         C         77        PRO         0.89224         0.11269         0.92164         0.11693          1.0809         0.72811               
         C         78        SER          1.0299        0.065083          1.0712        0.073102          1.1443         0.96464               
         C         79        ALA         0.87795        0.088174         0.71129               0         0.97014         0.71129               
         C         80        ARG          1.7592         0.68859          2.1722          0.5195          3.0656         0.92696               
         C         81        VAL         0.60182        0.084481         0.60825        0.077077         0.73665         0.51582               
         C         82        SER         0.44487        0.030541         0.44166        0.023634         0.50287         0.41803               
         C         83        ILE           0.446        0.045002         0.48506        0.025308         0.51256          0.3791               
         C         84        LEU         0.66716         0.11723         0.73872        0.085374         0.85578         0.48384               
         C         85        HIS         0.69024         0.15285         0.60959        0.077927          1.0387         0.49966               
         C         86        GLU         0.83632         0.10511         0.77181        0.088282         0.98124         0.61317               
         C         87        VAL          1.3974         0.19332          1.6063        0.059853          1.6845          1.1249               
         C         88        ARG          2.2323          1.0663          2.8407         0.87562          4.3283          1.0687               
         C         89        PRO          0.7184        0.095748         0.66449        0.098962         0.87558         0.58054               
         C         90        VAL         0.75427         0.18476         0.95294        0.044926          1.0153         0.49966               
         C         91        THR         0.47142         0.12539         0.35531        0.050025         0.69073         0.29054               
         C         92        SER         0.84223         0.16683          0.9882         0.11761          1.1058         0.56646               
         C         93        GLY         0.55207        0.097478               0               0         0.64332         0.41233               
         C         94        CYS         0.44326        0.087276         0.32584       0.0062481         0.54242         0.31959               
         C         95        PHE         0.32701        0.038147         0.32408        0.041601         0.38726         0.27187               
         C         96        PRO         0.41649        0.089062         0.50301        0.014646         0.52238           0.265               
         C         97        ILE         0.25808        0.096141         0.18569        0.027099          0.4653         0.15491               
         C         98        MET           0.569         0.15283         0.66633         0.15548         0.92696         0.36837               
         C         99        HIS          0.5279        0.075404         0.50111         0.08318         0.61688         0.38726               
         C        100        ASP          1.2441         0.27347          1.4659         0.13067          1.6743         0.76276               
         C        101        ARG          0.9563         0.16019          1.0084          0.1789          1.3602         0.79424               
         C        102        THR         0.62394         0.15105          0.4565        0.043195         0.80344         0.39552               
         C        103        LYS         0.68238        0.079854         0.67411        0.092744         0.82213         0.55263               
         C        104        ILE          0.3304         0.10078          0.2471        0.058724         0.49966         0.16255               
         C        105        ARG          0.7279         0.15129         0.82878        0.087127          1.0153          0.5191               
         C        106        GLN         0.77243         0.25876         0.96785         0.16594          1.2187         0.42377               
         C        107        LEU         0.21354        0.073238         0.15415        0.027599         0.36307         0.11642               
         C        108        PRO         0.23342        0.022569          0.2384        0.012421         0.25821         0.19009               
         C        109        ASN         0.49575         0.11924          0.5969         0.07973         0.72811          0.3397               
         C        110        LEU         0.39694        0.050625         0.43049        0.049261         0.50932         0.32706               
         C        111        LEU         0.23325        0.074134         0.16623        0.030672         0.35258         0.13625               
         C        112        ARG         0.38553        0.045735         0.37783        0.019176         0.48072         0.30008               
         C        113        GLY         0.63398          0.1127               0               0         0.79424         0.48072               
         C        114        TYR         0.59878         0.08126         0.56722         0.07739         0.72388         0.45922               
         C        115        GLU          1.1756         0.36373          1.4491         0.26152          1.7367         0.79424               
         C        116        HIS          1.0579         0.34066          1.2978         0.20609          1.5669         0.56996               
         C        117        ILE         0.43029        0.088699         0.35414        0.034664         0.56298         0.29529               
         C        118        ARG         0.77928         0.29902         0.97826         0.17602          1.1509         0.39276               
         C        119        LEU         0.50261        0.091549         0.49983        0.081217         0.65882          0.4095               
         C        120        SER         0.77381         0.16463         0.66097        0.017649          1.0095         0.58054               
         C        121        THR          1.6174         0.29411          1.9433        0.036048          1.9803          1.1979               
         C        122        HIS          2.1853         0.82557          2.7225          0.6128          3.5377          1.0506               
         C        123        ASN         0.95494         0.13343         0.91954        0.076827          1.2399         0.79424               
         C        124        VAL         0.56588         0.10485         0.45686        0.061578         0.69073         0.37104               
         C        125        ILE         0.65306        0.096079         0.58642        0.087682         0.78061         0.45019               
         C        126        ASN          1.2585         0.35446          1.5857         0.17671          1.8591         0.85578               
         C        127        ALA         0.69631         0.06235         0.59488               0         0.76276         0.59488               
         C        128        GLU          1.3612         0.28675          1.5489         0.24092          2.0057         0.94293               
         C        129        ASN          1.8147         0.49257          2.2679         0.26689          2.5885           1.306               
         C        130        ALA         0.86719         0.11453         0.65492               0         0.99813         0.65492               
         C        131        PRO         0.91471          0.1312          1.0126         0.07728          1.0871         0.66669               
         C        132        GLY         0.93076        0.046932               0               0         0.98124         0.86069               
         C        133        GLY          1.0918        0.081101               0               0          1.1843         0.96464               
         C        134        PRO          1.4585         0.23647          1.7113        0.085132          1.8134          1.1641               
         C        135        TYR           0.725         0.23375          0.5661        0.060173          1.1058         0.48384               
         C        136        LYS          1.0898         0.26042          1.2618         0.19246          1.4941         0.63949               
         C        137        ILE         0.79546        0.078902         0.79758        0.077252         0.90092         0.67862               
         C        138        GLY         0.53179        0.021121               0               0         0.55263         0.50608               
         C        139        THR         0.80229         0.15981          0.9634         0.11091          1.1185         0.64332               
         C        140        SER         0.76816         0.10431         0.65809        0.044919         0.92696         0.61317               
         C        141        GLY          1.1149         0.14806               0               0          1.2985          0.8958               
         C        142        SER         0.86705         0.15264         0.82542         0.10154          1.1313         0.68667               
         C        143        CYS         0.76057         0.20745         0.50624         0.09956          1.0211         0.40668               
         C        144        PRO           1.266         0.15743          1.3235         0.18582          1.5483          1.0933               
         C        145        ASN           2.043         0.33849          2.1628         0.32426          2.6255           1.605               
         C        146        ILE          2.9484         0.59898           2.969         0.60922          3.8843           2.058               
         C        147        THR          4.4296         0.70269          5.1488         0.45578          5.7629          3.7523               
         C        148        ASN          3.5115          0.4635          3.6998         0.54251          4.4103          2.9075               
         C        149        GLY          2.3221         0.33855               0               0          2.6824          1.8591               
         C        150        ASN          1.6619         0.15813          1.6763        0.073996          1.9929          1.4253               
         C        151        GLY         0.84021         0.22611               0               0          1.1249         0.60214               
         C        152        PHE         0.31327         0.12228         0.23917        0.071232         0.56646         0.14925               
         C        153        PHE         0.17515        0.063114         0.13016        0.013748         0.29054         0.10762               
         C        154        ALA         0.33855        0.043354         0.40108               0         0.40108         0.28113               
         C        155        THR         0.13975        0.043316         0.09593        0.020399         0.20849        0.068908               
         C        156        MET         0.11909        0.078603        0.049534        0.013113           0.265        0.040446               
         C        157        ALA          0.2642        0.050135         0.35519               0         0.35519         0.21685               
         C        158        TRP         0.26214        0.043408         0.25981        0.047707         0.32706         0.18808               
         C        159        ALA         0.26212        0.019226         0.27417               0         0.28582         0.23177               
         C        160        VAL         0.49734         0.11437         0.47405        0.083011         0.68667         0.36043               
         C        161        PRO         0.75679         0.17552         0.63231        0.052447          1.0566         0.56646               
         C        162        LYS          1.8855         0.71665          2.3666         0.62204           3.237          1.0387               
         C        163        ASN          2.2457         0.46462          2.6478         0.29523          3.1373          1.6342               
         C       163A        ASP          2.7374         0.32886          3.0326         0.17856           3.315          2.3334               
         C       163B        LYS          3.2938         0.71439          3.5355         0.88537          5.0115          2.5885               
         C       163C        ASN          1.9258         0.29581          1.8836         0.24379          2.4143          1.5119               
         C        164        LYS          1.3868         0.18295          1.3362         0.19828          1.6244          1.0933               
         C        165        THR          1.2986         0.29297          1.6042        0.079129          1.7052         0.85578               
         C        166        ALA          1.1758         0.13182          1.0933               0          1.4087          1.0153               
         C        167        THR          1.0497         0.13536         0.95378         0.11666          1.2328         0.78967               
         C        168        ASN          1.8983         0.56759          2.4189         0.26642          2.7814          1.1185               
         C        169        PRO          1.2636         0.16082          1.3322         0.11609          1.4766          1.0566               
         C        170        LEU         0.85947         0.12024          0.8623         0.15855          1.1249         0.70301               
         C        171        THR          1.1554         0.16372          1.3246        0.089338          1.4507         0.95373               
         C        172        ILE         0.70024        0.081752         0.67765         0.08396         0.81742         0.59488               
         C        173        GLU          1.3047         0.54769          1.7144         0.39754           2.197         0.71129               
         C        174        VAL         0.52179         0.12878         0.37979        0.031168         0.69073         0.35519               
         C        175        PRO         0.80141         0.10253         0.86973        0.086274         0.94831         0.64717               
         C        176        TYR          1.1048         0.15919          1.2041        0.076234          1.2836         0.79424               
         C        177        ILE          1.0145         0.10639         0.93536        0.078686          1.1979         0.86069               
         C        178        CYS          1.0846          0.2385         0.80403        0.096892          1.4087         0.70714               
         C        179        THR          1.6867         0.15699          1.8258        0.055603          1.8708          1.3923               
         C        180        GLU          2.9125         0.70129          3.4137         0.54844          4.2883          2.1825               
         C        181        GLY          1.8001         0.25403               0               0           2.126          1.5209               
         C        182        GLU          1.1132         0.12422           1.086         0.05465          1.4337          1.0038               
         C        183        ASP         0.77653          0.1445         0.86353        0.097551         0.97568         0.53568               
         C        184        GLN         0.44703         0.06958         0.47808        0.026507         0.53904         0.32706               
         C        185        ILE           0.199        0.047106         0.21067        0.044772           0.265         0.14364               
         C        186        THR         0.13002        0.038722         0.15814        0.028487          0.1982        0.075446               
         C        187        VAL        0.049232        0.012132        0.043594       0.0079269        0.070535        0.035849               
         C        188        TRP           0.126        0.079913         0.16123        0.067284         0.28113        0.017861               
         C        189        GLY        0.035283        0.014233               0               0        0.052907        0.017861               
         C        190        PHE         0.16026        0.098622          0.2163        0.081018         0.34226        0.045084               
         C        191        HIS         0.14836        0.060893         0.16989        0.060578         0.24265        0.045084               
         C        192        SER         0.39552         0.10024         0.49136        0.064705         0.55607          0.2232               
         C        193        ASP         0.69594         0.11328          0.6502        0.042755         0.90092         0.55607               
         C        194        ASN          1.4653         0.30727          1.7348         0.17259          1.9429          1.0153               
         C        195        GLU          2.2335          0.5755          2.6567         0.43469          3.1373          1.6244               
         C        196        THR          2.2771         0.59746          2.9073         0.29523           3.315           1.605               
         C        197        GLN          1.1017         0.19774          1.0606         0.13538            1.53         0.86069               
         C        198        MET         0.74644         0.15504         0.63689         0.13855         0.94293         0.46225               
         C        199        ALA          1.3461           0.135          1.5483               0          1.5483          1.1313               
         C        200        LYS           1.572         0.34813           1.837         0.22895          2.0714          1.0995               
         C        201        LEU         0.65114         0.12822         0.55146         0.06892         0.90607         0.45319               
         C        202        TYR         0.44494         0.21246         0.31174        0.084446          0.8907         0.19413               
         C        203        GLY          1.0334         0.18664               0               0          1.3213         0.79883               
         C        204        ASP         0.97788         0.12836          1.0291          0.1527          1.2762          0.8364               
         C        205        SER          1.4355         0.23574          1.7603        0.075772          1.8361          1.2258               
         C        206        LYS          1.4378         0.30691          1.6551         0.17158          1.8708         0.87558               
         C        207        PRO          1.0477         0.17193          1.1952         0.13546          1.3289         0.81274               
         C        208        GLN         0.56557        0.076378         0.54085        0.090852         0.69889         0.43539               
         C        209        LYS          1.1806         0.62743          1.6075          0.5454          2.4992         0.60948               
         C        210        PHE         0.39906         0.18668         0.26736        0.055449         0.75397         0.19616               
         C        211        THR         0.77829         0.17198         0.96511        0.067049          1.0446         0.58054               
         C        212        SER         0.64494         0.10615         0.53641        0.033546         0.82213         0.50287               
         C        213        SER          1.0246         0.21536          1.3027        0.097825          1.4005         0.74961               
         C        214        ALA          1.0741         0.20022         0.76276               0           1.306         0.76276               
         C        215        ASN          1.6712         0.26882          1.5171         0.18806          2.1121          1.2543               
         C        216        GLY          2.4663          0.3533               0               0          2.9737          2.0316               
         C        217        VAL          1.5842         0.20022            1.58         0.13447          1.8591          1.2328               
         C        218        THR          1.8352          0.3394          2.0769          0.3635          2.5703          1.4422               
         C        219        THR          1.0404         0.15572         0.97462         0.17147          1.2048         0.74526               
         C        220        HIS          1.3157         0.19099           1.447         0.12243          1.6147          1.0211               
         C        221        TYR         0.68993        0.098049         0.63197        0.056518         0.87558         0.54581               
         C        222        VAL         0.97773         0.19851          1.1864         0.12298          1.3602         0.78513               
         C        223        SER         0.63842         0.16086         0.46332        0.039549         0.91646         0.42377               
         C        224        GLN          1.0006         0.24811          1.1715          0.2019          1.4592         0.70301               
         C        225        ILE          1.1182         0.14587          1.1484         0.19682          1.3842         0.86069               
         C        226        GLY          1.5432         0.14864               0               0          1.7367          1.3682               
         C        227        GLY          1.8138        0.094523               0               0          1.8944          1.6541               
         C        228        PHE           1.083         0.36443         0.82633         0.10602          1.7582         0.66275               
         C        229        PRO          1.5336        0.076808          1.4884        0.018121          1.6642          1.4337               
         C        230        ASN          2.3134         0.64155          2.8666         0.41912          3.5086          1.5391               
         C        231        GLN          1.3309          0.1547          1.2416        0.059666          1.6743          1.1378               
         C        232        THR          1.1121         0.17784          1.2561        0.063045          1.3213         0.76276               
         C        233        GLU         0.84606           0.135         0.86345         0.12174          1.0748         0.65492               
         C        234        ASP          0.9063         0.15611         0.99098         0.16332          1.1979         0.70714               
         C        235        GLY         0.99844         0.18597               0               0          1.2543         0.76276               
         C        236        GLY           1.716         0.42157               0               0          2.3334          1.1708               
         C        237        LEU           1.647         0.20508          1.8041          0.1125          1.8944          1.2688               
         C        238        PRO          1.9997          0.4564          2.4953         0.16346          2.7018          1.4507               
         C        239        GLN         0.95696         0.13125         0.85012        0.046105          1.1843         0.77164               
         C        240        SER         0.98106         0.11944          1.0845        0.086339          1.1708         0.79883               
         C        241        GLY         0.52897         0.06184               0               0         0.62435         0.45619               
         C        242        ARG          0.6129         0.32518         0.80778         0.24253          1.1911         0.18408               
         C        243        ILE         0.10977        0.051378        0.074188        0.036279         0.19009        0.034326               
         C        244        VAL         0.17421        0.075713         0.25683        0.032642         0.29054        0.097257               
         C        245        VAL         0.10124        0.037906        0.070933        0.020513         0.17419        0.041988               
         C        246        ASP         0.25172         0.11786         0.36065         0.05396         0.42377        0.098971               
         C        247        TYR         0.29392         0.12643         0.33351          0.1304          0.5841         0.13442               
         C        248        MET         0.31812        0.083109         0.36599        0.083402         0.49966         0.19616               
         C        249        VAL         0.50128        0.077688         0.50768        0.027819         0.65492         0.39829               
         C        250        GLN         0.59357         0.10677         0.53622        0.070174         0.78061         0.42666               
         C        251        LYS          1.3676         0.26378          1.5843         0.10589            1.78         0.97568               
         C        252        SER          1.8014         0.23206          1.8984         0.10735          2.1399          1.4337               
         C        253        GLY          1.7782        0.052125               0               0          1.8591          1.7156               
         C        254        LYS          2.0653         0.75023          2.5739         0.61974          3.4799          1.0933               
         C        255        THR          1.2486         0.19333          1.3641         0.20223          1.6244          1.0153               
         C        256        GLY         0.79153        0.073865               0               0         0.90092         0.71966               
         C        257        THR         0.76832         0.17788         0.95356        0.083074          1.0687         0.55263               
         C        258        ILE         0.38045         0.11183         0.27589        0.037691         0.54581         0.21266               
         C        259        THR         0.68166         0.17156         0.87276        0.031156         0.91646         0.48072               
         C        260        TYR         0.39206          0.0943         0.35757        0.091891         0.53904         0.26273               
         C        261        GLN         0.60102         0.25477         0.79658         0.16071          1.0038         0.24485               
         C        262        ARG         0.43257         0.17857         0.53637         0.13736         0.78513         0.20024               
         C        263        GLY        0.080052         0.06111               0               0         0.17224         0.01639               
         C        264        ILE        0.090113        0.035274         0.12028        0.018679         0.14738        0.043534               
         C        265        LEU        0.056144        0.022456        0.051169        0.025901        0.095548        0.031293               
         C        266        LEU          0.1997        0.070128         0.26575        0.030899         0.31466         0.11465               
         C        267        PRO         0.17123        0.050338         0.14746        0.009587         0.27648         0.12535               
         C        268        GLN           0.441         0.11316         0.50504         0.10267         0.68667         0.25597               
         C        269        LYS         0.59854         0.27283         0.77839         0.23839          1.1708         0.27417               
         C        270        VAL          0.3109        0.032165         0.31934        0.027558         0.35519         0.26957               
         C        271        TRP         0.19452        0.051073         0.17371        0.035858          0.3049         0.12535               
         C        272        CYS          0.4935        0.075032         0.57173       0.0052684           0.577         0.36043               
         C        273        ALA          0.6262         0.11393         0.48072               0         0.80344         0.48072               
         C        274        SER         0.99918         0.13683          1.1611        0.023237          1.1843         0.77612               
         C        275        GLY          1.1656        0.099746               0               0          1.2762          1.0038               
         C        276        ARG          1.6923          0.5487          1.9372         0.55256          2.7814          1.1775               
         C        277        SER         0.87849         0.11356         0.72388               0          1.0153         0.72388               
         C        278        LYS          1.1461         0.41229          1.4408         0.31692          1.8475         0.62435               
         C        279        VAL         0.66568        0.046304         0.63715        0.018356         0.76276          0.6206               
         C        280        ILE         0.59314        0.028488         0.59021        0.034042         0.63188         0.53904               
         C        281        LYS          1.0009          0.2981          1.2267         0.20921          1.4337         0.67065               
         C        282        GLY         0.73936        0.052894               0               0         0.79424         0.65492               
         C        283        SER          1.1015         0.12976          1.2294        0.017666          1.2471         0.88563               
         C        284        LEU          1.0675         0.31721         0.80476         0.10662          1.6147         0.71547               
         C        285        PRO          1.8464         0.41231          2.2708         0.25365          2.5885           1.417               
         C        286        LEU          1.0476         0.29465         0.78355        0.086858          1.5483          0.6948               
         C        287        ILE          2.1438         0.52209          2.6154         0.28224          2.9293          1.4507               
         C        288        GLY          1.9149         0.24117               0               0          2.1825          1.5763               
         C        289        GLU          1.9554         0.39411          2.2513         0.25082          2.6443          1.4087               
         C        290        ALA          1.0889        0.078788         0.94831               0          1.1911         0.94831               
         C        291        ASP          1.2388         0.24703          1.4419         0.15711          1.6541         0.91125               
         C        292        CYS         0.63116        0.072696          0.6061        0.022001         0.78513         0.56646               
         C        293        LEU         0.54686        0.054706         0.59311        0.038758         0.64717         0.48384               
         C        294        HIS         0.71687         0.13493         0.80603        0.093288         0.94293         0.51256               
         C        295        GLU         0.96489         0.17431          1.0637         0.15966          1.3289         0.71547               
         C        296        LYS          1.3767         0.33505          1.6315         0.22001          1.8944         0.94831               
         C        297        TYR          1.0004         0.15793          1.0683           0.153          1.3762         0.83162               
         C        298        GLY         0.67991        0.062078               0               0         0.75835         0.60214               
         C        299        GLY         0.76535        0.025864               0               0         0.80808         0.74094               
         C        300        LEU          0.7806        0.070865         0.74816        0.056745          0.8907         0.67862               
         C        301        ASN          1.2909         0.21572           1.474         0.14751          1.7261          1.0038               
         C        302        LYS          1.5842         0.31054          1.7015         0.33041          2.2866          1.2328               
         C        303        SER          1.6727         0.16939          1.6118        0.072685          2.0057          1.4679               
         C        304        LYS          1.6382         0.26896          1.7986         0.24641           2.197          1.2615               
         C        305        PRO          1.5965         0.19175          1.7801        0.017945          1.8022          1.2985               
         C        306        TYR          1.4979         0.27553          1.6535         0.19634          2.0057          1.1058               
         C        307        TYR          1.0131        0.073015         0.96411        0.017393          1.1509         0.94293               
         C        308        THR          1.3627         0.11779          1.4942        0.014444          1.5119          1.2187               
         C        309        GLY          1.5098         0.10841               0               0          1.6743          1.4005               
         C        310        GLU          1.8092         0.35886          2.0664         0.23972          2.4143          1.2187               
         C        311        HIS          1.6419         0.18536           1.692         0.19748          1.9803          1.4087               
         C        312        ALA          1.2726        0.091347          1.3136               0          1.3523          1.1121               
         C        313        LYS          1.4131         0.43092           1.685         0.37449          2.2714         0.86069               
         C        314        ALA         0.75924        0.068805         0.69073               0         0.86069         0.69073               
         C        315        ILE         0.67582        0.060506         0.64829        0.058981         0.76276         0.58768               
         C        316        GLY         0.96078        0.056283               0               0          1.0387         0.88563               
         C        317        ASN          1.5061         0.40994          1.8809         0.19503          2.1682         0.96464               
         C        318        CYS         0.97814         0.18275         0.76838        0.077658          1.2543         0.69073               
         C        319        PRO         0.99986        0.070507          0.9415        0.065084          1.0871         0.88563               
         C        320        ILE          1.4147         0.23128          1.6235         0.13166          1.8361          1.1443               
         C        321        TRP          1.6354         0.37079          1.7475         0.37172          2.3176          1.1979               
         C        322        VAL          1.6728         0.12428          1.6153         0.04161          1.8944          1.4941               
         C        323        LYS          2.9133         0.80116          3.5054          0.6024          4.4103          2.0984               
         C        324        THR          1.8799          0.2406          2.0364         0.23741          2.3653          1.5576               
         C        325        PRO          1.6063         0.13484          1.7195         0.10288          1.8361          1.4337               
         C        326        LEU          1.4466         0.10549          1.5349        0.079389           1.605          1.3289               
         C        327        LYS           1.477        0.076541          1.5185        0.055455           1.605          1.3136               
         C        328        LEU          1.8133         0.26768          2.0113         0.23839          2.3815          1.4766               
         C        329        ALA           1.835         0.10064          1.8022               0          1.9929          1.7261               
         C        330        ASN          2.6103         0.43303          2.9729         0.28248          3.2116          1.9677               
         C        331        GLY          2.3024        0.032994               0               0          2.3492          2.2714               
         C        332        THR          2.3492         0.17546          2.5362        0.080223          2.6255          2.1399               
         C        333        LYS           2.457          0.2749          2.5918         0.28278          3.0656           2.126               
         C        334        TYR          3.2519         0.58952          3.5208         0.53096          4.4523          2.3978               
         C        335        ARG          3.7834         0.43337          3.8002         0.43382          4.4103          3.0892               
         C        336        PRO          5.2703         0.48118          5.2549         0.43041          5.7629          4.5381               
         C        337        PRO          6.7114         0.66311          6.4978          0.3356          7.9031          6.0334               
         C        338        ALA          9.6245           1.628               0               0          12.025          7.5773               
