pdb_id: 
analysis type: unbound
radii_file: F:\psiafrombintisolah\PSAIA-1.0\amac_data\chothia.radii
CX_sRadius: 15
CX_vAtom: 20.1

  chain id|    res id|  res name|     average CX|       s_avg CX|    s-ch avg CX|  s-ch s_avg CX|         max CX|         min CX|               
         R          3        PRO          3.9875         0.56323          4.3641         0.42979          4.8127           3.237               
         R          4        PRO          2.7096         0.40238          2.9925         0.20938          3.1866          2.0316               
         R          5        GLY          1.9214         0.19165               0               0          2.2263          1.7474               
         R          6        LYS          1.6025         0.11298          1.6754        0.053934          1.7367          1.3923               
         R          7        PRO          1.0996        0.086044           1.024        0.077116          1.1911         0.95373               
         R          8        GLU           1.352         0.35995          1.6366         0.21726          1.9064         0.93226               
         R          9        ILE         0.66747         0.16231         0.52038        0.044072         0.93226         0.45619               
         R         10        PHE          1.3109         0.23998          1.4532         0.16515          1.6948         0.87558               
         R         11        LYS          1.0336         0.33575          1.3028          0.2457          1.6845         0.58768               
         R         12        CYS          0.5063        0.099196         0.38674        0.034156         0.62811         0.35258               
         R         13        ARG         0.75394         0.25771         0.90663          0.1995          1.2399         0.45319               
         R         14        SER         0.46425        0.026521         0.43854        0.017651         0.50932         0.42089               
         R         15        PRO         0.63009        0.064651         0.69944        0.030513         0.73237         0.54921               
         R         16        ASN         0.72312         0.13704         0.82966         0.11083          1.0153         0.56298               
         R         17        LYS         0.70257        0.084469         0.75672        0.069194         0.83162           0.577               
         R         18        GLU          1.1269         0.34327          1.3743         0.25603          1.7261         0.67462               
         R         19        THR         0.75723         0.15356         0.91122        0.081114          1.0153         0.53904               
         R         20        PHE         0.37598        0.077108          0.3268        0.039528         0.53904          0.2788               
         R         21        THR         0.51696        0.094486         0.62338        0.021536         0.65104         0.42089               
         R         22        CYS         0.39004        0.087366         0.28644        0.028222         0.52238         0.25821               
         R         23        TRP         0.84144         0.18659         0.93558         0.13026          1.1443         0.53233               
         R         24        TRP         0.67197         0.12052         0.61418        0.058398         0.95917         0.52569               
         R         25        ARG          1.7221         0.54545          2.0801         0.33502          2.3978          1.0328               
         R         26        PRO          1.2426         0.11282          1.2657        0.062653          1.4253          1.0871               
         R         27        GLY          1.6459          0.2058               0               0          1.8361          1.3445               
         R         28        THR          2.2269         0.21031          2.4161         0.16131          2.6443          1.9306               
         R         29        ASP          2.7872         0.38379          2.5904         0.20266          3.5377          2.3978               
         R         30        GLY          3.8408         0.17897               0               0          3.9882          3.5377               
         R         31        GLY           3.676         0.21684               0               0          3.8843          3.3416               
         R         34        THR           1.959         0.23233          1.9681         0.22567          2.3021          1.6948               
         R         35        ASN          1.6059         0.29117          1.7818         0.28253          2.2562          1.2762               
         R         36        TYR         0.99689         0.14461          1.0251         0.15736           1.291         0.82213               
         R         37        SER         0.76399         0.14157         0.93239        0.015926         0.94831         0.56646               
         R         38        LEU         0.43449        0.081217         0.36402        0.036584         0.55607         0.33461               
         R         39        THR         0.66576         0.13648         0.81178        0.063141         0.90092         0.50932               
         R         40        TYR         0.65271         0.12185         0.59826        0.074421         0.93758         0.51256               
         R         41        HIS          1.2647         0.23947          1.4399         0.10928          1.5954         0.87558               
         R         42        ARG          1.4205         0.21335          1.4128         0.23049            1.78          1.0871               
         R         43        GLU          1.9775         0.31693          2.0839         0.26931          2.5167          1.4422               
         R         44        GLY          2.5977         0.28154               0               0          2.9293          2.1682               
         R         45        GLU          2.4413         0.35462          2.2702         0.30109          2.9737            1.78               
         R         46        THR          2.7476         0.21641          2.7294         0.23785          3.0656          2.5522               
         R         47        LEU          2.5609         0.23584          2.7191         0.21219          2.9737           2.197               
         R         48        MET          1.7476         0.19771           1.843         0.19511          2.1682          1.4766               
         R         49        HIS          1.2545         0.26333          1.3913         0.23032          1.7261         0.81742               
         R         50        GLU          1.1431         0.25735          1.2947         0.23826          1.7261         0.81742               
         R         51        CYS         0.73567         0.16545         0.60648         0.03301          1.0387         0.57347               
         R         52        PRO          1.0732         0.27119         0.89408         0.17224          1.5858         0.71129               
         R         53        ASP          1.2698         0.20311          1.4396         0.11831          1.5669         0.95373               
         R         54        TYR          1.1136         0.19277          1.0271         0.17319          1.3842         0.80808               
         R         55        ILE          2.4659         0.50979          2.9204         0.26959           3.315          1.6948               
         R         56        THR          1.8611         0.15655          1.8356         0.17256          2.1121          1.5954               
         R         57        GLY          1.4585         0.11793               0               0          1.5763          1.2985               
         R         58        GLY          1.6641         0.16198               0               0          1.8825          1.4253               
         R         59        PRO          1.8211         0.42428          2.2256         0.24418          2.4992          1.2985               
         R         60        ASN          1.0167         0.17243          1.1169         0.14603          1.3602         0.75835               
         R         61        SER         0.81726         0.11083         0.93297        0.037173         0.97014         0.64717               
         R         62        CYS         0.50198        0.051729         0.44424       0.0029656         0.56646         0.44127               
         R         63        HIS         0.86676         0.19063         0.99429         0.13758          1.1843         0.64332               
         R         64        PHE         0.47654         0.14986         0.37182        0.057119         0.72811          0.3049               
         R         65        GLY          1.0799          0.1031               0               0          1.1911         0.93758               
         R         66        LYS          1.9576          0.4603          2.2969         0.33932          2.8018          1.4337               
         R         67        GLN          2.3983         0.59764          2.8775         0.30881          3.2627          1.5576               
         R         68        TYR          1.2246         0.38599          1.3873         0.35525          2.0448         0.65492               
         R         69        THR          0.8226         0.13449         0.68812        0.049893          1.0446         0.64717               
         R         70        SER         0.86773          0.1247         0.99454         0.12395          1.1185         0.70714               
         R         71        MET           1.063         0.10067          1.1252        0.063533          1.1979         0.91646               
         R         72        TRP          1.7077         0.44885          1.9087         0.35552          2.4992         0.96464               
         R         73        ARG          1.4988         0.56406          1.8194         0.45046          2.5522         0.70714               
         R         74        THR         0.99274         0.18587          1.1586         0.14919          1.3682         0.77164               
         R         75        TYR         0.51522        0.066647         0.48838        0.062983          0.6206          0.4095               
         R         76        ILE         0.88132         0.25856          1.1082           0.173          1.3923         0.61688               
         R         77        MET         0.39477         0.12899          0.2732        0.041241           0.577          0.2232               
         R         78        MET         0.69349         0.18502         0.85822         0.11535         0.99247         0.48384               
         R         79        VAL         0.59475        0.086392         0.52528        0.032263         0.76276         0.48072               
         R         80        ASN         0.84374        0.058983         0.87173        0.046328         0.93226         0.71966               
         R         81        ALA           1.281          0.1967          1.1775               0          1.5763          1.0446               
         R         82        THR          1.8499         0.13998          1.9047        0.081821          1.9803          1.5483               
         R         83        ASN          2.6532         0.27275          2.6726         0.18815          3.0422          2.1682               
         R         84        GLN          4.3567         0.77335          4.9257         0.50665          5.5733          3.1131               
         R         85        MET          3.9825         0.50647          4.4418         0.23927          4.7182           3.315               
         R         86        GLY          2.9512         0.29843               0               0          3.3959          2.6255               
         R         87        SER          2.1264          0.1782          2.0337        0.078457          2.4819          1.9429               
         R         88        SER          1.5328         0.17001          1.6085        0.096613          1.7052          1.2399               
         R         89        PHE          1.3919         0.21223          1.4659          0.2236          1.8022          1.1509               
         R         90        SER         0.97753         0.13263          0.8151        0.065493          1.1249         0.74961               
         R         91        ASP          1.6154          0.4858          2.0453         0.25903          2.3021          0.9217               
         R         92        GLU          1.2597         0.23827          1.4079         0.20695          1.7474         0.95373               
         R         93        LEU          0.6894          0.1181         0.72679         0.11984          0.8958         0.49013               
         R         94        TYR          1.2784         0.46657          1.5454         0.33395           2.126         0.66275               
         R         95        VAL         0.44913        0.072694         0.37194       0.0033408         0.55952         0.36837               
         R         96        ASP         0.73625         0.16959         0.87955         0.12334          1.0809         0.55607               
         R         97        VAL         0.49907        0.034189         0.49582        0.047036         0.55607         0.44127               
         R         98        THR         0.74682         0.10202         0.85663        0.039829         0.91125          0.6058               
         R         99        TYR          1.0957         0.36045           1.287         0.29063          1.8361         0.65492               
         R        100        ILE         0.53119        0.067604         0.52584        0.080509         0.62811         0.41517               
         R        101        VAL         0.50648        0.044952         0.49339          0.0119         0.59127         0.45019               
         R        102        GLN         0.72199         0.12815          0.8156        0.092408          0.9217         0.55607               
         R        103        PRO         0.59563        0.060507         0.53493        0.023703         0.68667         0.50932               
         R        104        ASP         0.91217         0.20312          1.0809         0.14601          1.2399         0.64332               
         R        105        PRO         0.86447         0.10552         0.96028        0.074818          1.0269         0.72811               
         R        106        PRO         0.62899         0.10187          0.5293        0.021367         0.78513         0.49966               
         R        107        LEU          1.2933         0.35794          1.6084         0.21726          1.9184         0.84121               
         R        108        GLU          1.8574         0.68941          2.3687         0.51188          3.2116          1.1058               
         R        109        LEU         0.66704         0.17838         0.50616        0.087967         0.92696         0.42377               
         R        110        ALA         0.86768         0.16871          1.1443               0          1.1443         0.64717               
         R        111        VAL         0.64131         0.15703         0.48543        0.047958         0.90607         0.41803               
         R        112        GLU          1.2314         0.42645          1.5711         0.25074          1.8247         0.70301               
         R        113        VAL         0.93742        0.093148           0.917        0.087164          1.1058         0.80344               
         R        114        LYS          1.4115         0.40824          1.6543         0.40162          2.3334         0.96464               
         R        115        GLN          1.5506         0.20804          1.4578         0.06937          2.0057          1.3445               
         R        116        PRO          2.1157         0.26235           1.984          0.2709          2.4478          1.6541               
         R        117        GLU          4.1406          1.0016          4.8778         0.73371          5.8955          2.8434               
         R        118        ASP          4.3489         0.69634          4.9597         0.46407          5.5733           3.597               
         R        119        ARG          2.9122         0.57464          3.1417         0.54477          4.3283           2.154               
         R        120        LYS          1.9975         0.32528          2.1778          0.2697          2.5344          1.5483               
         R        121        PRO          1.2756         0.14203          1.3332         0.10152          1.4766          1.0871               
         R        122        TYR          1.0372         0.24285          1.1562         0.20048           1.503         0.67862               
         R        123        LEU         0.52001        0.056691         0.47648        0.041957         0.60214         0.41803               
         R        124        TRP          1.0968         0.34304          1.2744         0.23204          1.6642         0.60948               
         R        125        ILE         0.48041         0.11873         0.37092        0.027647         0.65882         0.33715               
         R        126        LYS          1.1846           0.515          1.5569         0.40402          2.0984         0.67065               
         R        127        TRP         0.57397         0.14075         0.49046        0.031122         0.88563         0.44721               
         R        128        SER         0.98241         0.20094          1.2512        0.032417          1.2836         0.73665               
         R        129        PRO         0.92171         0.11518          1.0024         0.10939          1.1185         0.77612               
         R        130        PRO         0.77134         0.15834         0.62911        0.040731          1.0038          0.5985               
         R        131        THR           1.506         0.33588          1.8705         0.10235          2.0057          1.0506               
         R        132        LEU          1.0601         0.19164          1.0346         0.15091          1.4087         0.81742               
         R        133        ILE          1.0481         0.29052         0.81135         0.11998          1.5954         0.65882               
         R        136        LYS          1.9039         0.41604          1.6342               0          2.6824           1.605               
         R        137        THR           2.751         0.51633          2.6359          0.1221          3.8174          2.0057               
         R        138        GLY          2.0569         0.22605               0               0          2.4478          1.9064               
         R        139        TRP          1.8851         0.26447          1.8735         0.29713          2.3492          1.4422               
         R        140        PHE         0.94682         0.22725         0.79656         0.10155          1.4087         0.65492               
         R        141        THR          1.1113         0.29307          1.4104         0.15837          1.6342         0.72811               
         R        142        LEU         0.65251        0.086098         0.57711        0.013016         0.78967         0.56298               
         R        143        LEU         0.78229         0.21185         0.96662         0.14074          1.1575           0.529               
         R        144        TYR         0.53833        0.048704         0.52182        0.040527         0.63188          0.4653               
         R        145        GLU         0.65935         0.18098         0.79808          0.1226         0.96464         0.45019               
         R        146        ILE         0.41126        0.059661         0.36675        0.022542         0.52238         0.32957               
         R        147        ARG         0.73866         0.28547         0.90402         0.22888          1.2328         0.41233               
         R        148        LEU         0.51728         0.10681         0.43637        0.037577         0.72811         0.39552               
         R        149        LYS          1.1414         0.36455          1.3946         0.30167          1.8825         0.71547               
         R        150        PRO          1.2673         0.14207          1.2856        0.068148           1.503          1.0626               
         R        151        GLU          1.9322          0.3352          2.1226         0.26267          2.5703          1.3213               
         R        152        LYS          2.8541         0.72854          3.2989         0.67798           4.369          1.9552               
         R        153        ALA          2.2535         0.32141          1.7367               0          2.6632          1.7367               
         R        154        ALA          3.1462          0.2409          3.4515               0          3.4515          2.8859               
         R        155        GLU          3.0344          1.0215          3.7451          0.7939          4.9605          1.6948               
         R        156        TRP          1.2768         0.27565          1.1931         0.25209          1.7474         0.76719               
         R        157        GLU         0.98069         0.14802          1.0178         0.12618          1.1641         0.68667               
         R        158        ILE          1.0731         0.12375          1.1509        0.084737          1.2836         0.87558               
         R        159        HIS         0.80239         0.10457         0.83441         0.11293          1.0038         0.64717               
         R        160        PHE          1.1717         0.16757          1.2638         0.12057          1.4337         0.94831               
         R        161        ALA         0.86563         0.12903         0.69073               0          1.0446         0.69073               
         R        162        GLY          1.0751         0.13825               0               0          1.2399         0.86563               
         R        163        GLN          1.4325         0.40366          1.7167         0.33164          2.2263          1.0328               
         R        164        GLN          1.4418         0.49776          1.8237         0.31281          2.2562         0.71547               
         R        165        THR         0.90823         0.13511         0.97011         0.17271          1.2048         0.79424               
         R        166        GLU          1.2143         0.35003          1.4751         0.25917          1.8134         0.85578               
         R        167        PHE         0.74072         0.11132         0.75814         0.13278         0.97014         0.60214               
         R        168        LYS          1.0527         0.36355          1.3075         0.30122          1.7582         0.67065               
         R        169        ILE         0.53231        0.073776         0.47136         0.05627         0.61688          0.3764               
         R        170        LEU          1.0695         0.23556          1.2475         0.18373            1.53         0.75835               
         R        171        SER          1.0704         0.26167          1.3817         0.20414          1.5858         0.78061               
         R        172        LEU         0.78397         0.13885          0.6564        0.073924         0.93226         0.53568               
         R        173        HIS          1.3887         0.23911          1.5188         0.22242          1.8022          1.0687               
         R        174        PRO          1.5185         0.16141          1.5447        0.079379            1.78           1.306               
         R        175        GLY          1.9055         0.22406               0               0          2.2412          1.6147               
         R        176        GLN            1.61         0.29293          1.7942         0.24635          2.2263          1.1509               
         R        177        LYS          1.6643          0.4949          2.0118         0.39789          2.6255          1.0995               
         R        178        TYR         0.75078        0.080877         0.72446        0.074715         0.91646         0.61688               
         R        179        LEU         0.85529          0.2417          1.0645         0.15185           1.291         0.57347               
         R        180        VAL         0.41671          0.0751         0.33909        0.018074         0.52569         0.31466               
         R        181        GLN         0.61622         0.20811         0.76766          0.1614         0.93758         0.40668               
         R        182        VAL         0.41192        0.034067         0.38826        0.011095         0.48384          0.3791               
         R        183        ARG         0.66546         0.22951         0.78446         0.20884          1.1121         0.43247               
         R        184        CYS         0.46012        0.024423         0.44439        0.014829         0.50608         0.42956               
         R        185        LYS         0.73228         0.24037         0.89457          0.2103          1.2048         0.49329               
         R        186        PRO         0.60553        0.069159         0.55865        0.021143         0.74094         0.53233               
         R        187        ASP          1.0757         0.14568          1.1574        0.083342          1.2836         0.77164               
         R        188        HIS          1.4791         0.44073          1.7845         0.29799          2.2116         0.94831               
         R        189        GLY         0.82264        0.073218               0               0         0.93758         0.74526               
         R        190        TYR         0.87341         0.14375         0.94554         0.10837          1.1378         0.60948               
         R        191        TRP         0.79627         0.13966         0.82208          0.1547          1.0748         0.60214               
         R        192        SER         0.64776        0.072655         0.57187        0.015807         0.75397         0.55607               
         R        193        ALA         0.90101         0.14269          1.1443               0          1.1443         0.72388               
         R        194        TRP         0.80662         0.16012          0.7867         0.17677          1.0809         0.54242               
         R        195        SER         0.75355         0.12089         0.62581        0.048812         0.94293           0.577               
         R        196        PRO          1.2265          0.2192          1.4397         0.11933          1.5576         0.87558               
         R        197        ALA          1.0933        0.089688          1.0328               0          1.2543         0.99813               
         R        198        THR         0.78728        0.069429         0.78407        0.028389         0.88059         0.64332               
         R        199        PHE          1.4091          0.3103           1.624         0.15512          1.8361         0.99813               
         R        200        ILE         0.78975         0.12172         0.68411        0.075063         0.96464         0.55952               
         R        201        GLN          1.5022         0.32949          1.7742         0.16278          2.0316          1.1121               
         R        202        ILE         0.95983         0.21512         0.78244         0.12996          1.2985         0.60214               
         R        203        PRO          1.4014         0.17246          1.3376         0.18114          1.6441          1.1378               
         R        204        SER           2.478         0.47665          3.0886         0.30724          3.3959          1.9803               
         R        205        ASP          2.2796         0.48758          2.6541         0.40459          3.2887          1.6948               
         R        206        PHE          1.1708         0.23919          1.0118         0.12827          1.5858         0.86563               
         R        207        THR          1.8794         0.22523          1.8346        0.080403          2.3176          1.5576               
         R        208        MET          2.4953         0.30235          2.4875         0.21865          3.0191          2.0186               
         R        209        ASN          2.7819         0.28259          2.7932         0.25911          3.2116          2.3653               
         R        210        ASP           3.055         0.54465          3.4785          0.4414          3.8506          2.3978               
         R        211        THR           3.288         0.48545          3.1804         0.16126          3.9882          2.5522               
