pdb_id: 
analysis type: unbound
radii_file: F:\psiafrombintisolah\PSAIA-1.0\amac_data\chothia.radii
CX_sRadius: 15
CX_vAtom: 20.1

  chain id|    res id|  res name|     average CX|       s_avg CX|    s-ch avg CX|  s-ch s_avg CX|         max CX|         min CX|               
         A         13        ALA          1.3455          0.2285          1.4766               0          1.6743         0.99247               
         A         14        VAL           1.624         0.27665          1.9121         0.17132           2.154          1.3367               
         A         15        ILE          1.0895         0.20361         0.89923        0.079131          1.3762         0.76719               
         A         16        THR          2.4217         0.49535          2.9601        0.073167          3.0422          1.6948               
         A         17        ASP          1.8731         0.30602          2.1333         0.11185          2.3176          1.3762               
         A         18        TRP         0.80708          0.2224         0.67992        0.098805          1.2688         0.54581               
         A         19        ARG          2.0064          0.8214          2.4721          0.6792           3.315          1.1058               
         A         20        PRO         0.86889         0.12425         0.74979        0.053474          1.0809         0.68667               
         A         21        GLU          1.1404         0.22274          1.0185         0.14617          1.5954         0.84121               
         A         22        ASP          1.9716         0.36949          2.2707         0.28139          2.5522          1.4679               
         A         23        PRO          2.2011         0.16316          2.3387          0.1313          2.4478          1.9803               
         A         24        ALA          2.6995         0.28699          3.2116               0          3.2116          2.4478               
         A         25        PHE          1.5481         0.28704          1.3853          0.1952          2.1121          1.0933               
         A         26        TRP          1.2114         0.30178          1.0747         0.24397          1.6342         0.71129               
         A         27        GLN          2.5511          0.3333          2.7876         0.23784          3.2116          2.0316               
         A         28        GLN          2.7886         0.64387          3.2608         0.48166          3.9882          2.0186               
         A         29        ARG          1.5317         0.18214          1.5865        0.092694            1.78          1.1313               
         A         30        GLY          0.9527         0.15585               0               0          1.1708         0.74094               
         A         31        GLN          1.2229         0.28553          1.4469         0.17875          1.6845         0.86069               
         A         32        ARG          1.4918         0.34349          1.7299         0.15922          1.9184         0.99813               
         A         33        ILE         0.76741         0.15962         0.84695          0.1315          1.0211          0.5191               
         A         34        ALA         0.48615        0.025221         0.48698               0         0.52569         0.45019               
         A         35        SER         0.79509          0.1706          1.0164        0.089425          1.1058         0.59127               
         A         36        ARG          0.8456          0.1655         0.95309        0.088875          1.0809           0.577               
         A         37        ASN         0.34134        0.052289         0.33037        0.044458         0.44721         0.29768               
         A         38        LEU         0.52813         0.12453         0.62558           0.107         0.78967         0.40108               
         A         39        TRP          1.3807         0.62711          1.6718         0.50336          2.5703          0.6058               
         A         40        ILE         0.52523         0.14713          0.6365          0.1107         0.77164         0.31466               
         A         41        SER         0.23095        0.045796         0.18874        0.028112         0.30733         0.16063               
         A         42        VAL         0.41542         0.10686         0.53596        0.020609         0.55952         0.28347               
         A         43        PRO         0.43311         0.11381         0.55378        0.042535         0.61317         0.28347               
         A         44        CYS         0.19127        0.055019         0.22074        0.046545         0.26728         0.11819               
         A         45        LEU         0.10598          0.0322         0.08984        0.033708         0.14925        0.032807               
         A         46        LEU         0.26641         0.11225         0.36582        0.068982         0.47143         0.12715               
         A         47        LEU         0.26188         0.11404         0.36326        0.053494         0.41233        0.093844               
         A         48        ALA        0.033821         0.03278        0.028277               0        0.092145      0.00048597               
         A         49        PHE        0.016442       0.0099708        0.017287        0.011471        0.035849               0               
         A         50        CYS        0.086815        0.076014         0.18478         0.04484         0.22962       0.0019112               
         A         51        VAL        0.070196        0.037964         0.10085        0.038324         0.15491        0.032807               
         A         52        TRP          0.0172        0.019306         0.02288        0.019952        0.059249               0               
         A         53        MET               0               0               0               0               0               0               
         A         54        LEU        0.029142        0.039882        0.058284        0.038505        0.095548               0               
         A         55        PHE        0.044606         0.04568        0.069413        0.039803         0.11112               0               
         A         56        SER       0.0075168          0.0106      0.00024299      0.00024299        0.025279               0               
         A         57        ALA         0.10472        0.050018         0.15113               0         0.16447        0.025279               
         A         58        VAL        0.090744        0.033829        0.083011        0.020539         0.16255        0.056069               
         A         59        ALA         0.15946        0.073434         0.11288               0         0.27417        0.068908               
         A         60        VAL         0.28427         0.09766         0.23841        0.061917         0.47143         0.17419               
         A         61        ASN         0.44218        0.085875         0.44933        0.087822         0.59127         0.32957               
         A         62        LEU         0.49501         0.15555         0.39084        0.034395         0.81274         0.34998               
         A         63        PRO         0.91953         0.24596         0.78535         0.14855          1.4005         0.61317               
         A         64        LYS          1.0437         0.19816         0.92606         0.10274          1.4592         0.80344               
         A         65        VAL          1.3088         0.27633          1.0713         0.13128          1.7582         0.88563               
         A         66        GLY          1.7149        0.072527               0               0          1.8361          1.6541               
         A         67        PHE          1.0482         0.19238         0.91522         0.05772           1.417          0.8364               
         A         68        ASN          2.0487         0.48638          2.5099         0.19348          2.7814          1.4422               
         A         69        PHE         0.97621         0.10597         0.93113        0.081484          1.1979         0.82686               
         A         70        THR          1.0999          0.2629          1.3506         0.11893          1.4766         0.69889               
         A         71        THR         0.65963         0.10381         0.71324        0.031063         0.77612         0.44721               
         A         72        ASP         0.79632          0.1705         0.95554        0.060126          1.0506         0.54921               
         A         73        GLN         0.88981         0.35872          1.1476         0.27029          1.5763         0.44127               
         A         74        LEU          0.3834        0.084621         0.42962        0.063931         0.49647         0.23393               
         A         75        PHE         0.25965        0.039308         0.25265        0.042937         0.31466         0.19009               
         A         76        MET         0.52552         0.19524          0.6918         0.14089         0.91646         0.32957               
         A         77        LEU         0.26054        0.077336         0.30761        0.052099          0.3764         0.12896               
         A         78        THR        0.096713         0.03559        0.069748        0.029881         0.15681        0.031293               
         A         79        ALA           0.234        0.040862         0.27648               0          0.2788          0.1801               
         A         80        LEU         0.44305         0.12928         0.55516        0.080406         0.65492         0.27187               
         A         81        PRO         0.17947        0.056322         0.11756        0.025083         0.23177        0.098971               
         A         82        SER         0.22798        0.079289         0.14189        0.034266         0.32957         0.10762               
         A         83        VAL         0.62984         0.13791         0.73824         0.11514         0.90092          0.4095               
         A         84        SER         0.52405        0.049966         0.51483        0.058639         0.57347         0.45619               
         A         85        GLY         0.29113        0.054738               0               0         0.34998         0.20849               
         A         86        ALA         0.46088        0.097468         0.42089               0         0.57347         0.32706               
         A         87        LEU           1.044         0.23603          1.2373         0.14721          1.4087         0.67065               
         A         88        LEU         0.60331        0.093705         0.63706         0.10182         0.79424         0.49966               
         A         89        ARG         0.26911         0.17993         0.15299         0.11421         0.52238        0.017861               
         A         90        VAL         0.89827         0.14339         0.99975         0.13715          1.1843         0.67862               
         A         91        PRO          0.9954        0.065994          1.0369         0.06683          1.1313         0.90607               
         A         92        TYR          0.4528         0.10519         0.39546        0.072005         0.66275         0.29054               
         A         93        SER         0.64776        0.080049         0.69409        0.095585         0.78967         0.55607               
         A         94        PHE          1.3212          0.2705          1.4994         0.11302          1.6342         0.80344               
         A         95        MET         0.97873          0.2254          1.1075         0.26051          1.4253         0.76719               
         A         96        VAL         0.55503          0.1703         0.37239        0.043369         0.78967         0.32456               
         A         97        PRO          1.0471         0.19511         0.97643        0.094257           1.417         0.79883               
         A         98        ILE          1.7876         0.30992          2.0517         0.17364          2.2412          1.2836               
         A         99        PHE          1.3967          0.3529          1.5511         0.35279           2.154         0.98124               
         A        100        GLY         0.66566         0.13583               0               0         0.86563         0.53233               
         A        101        GLY         0.37478        0.058119               0               0          0.4653         0.30733               
         A        102        ARG         0.84954         0.40364          1.0733         0.34369          1.4766         0.43247               
         A        103        ARG          1.1895         0.52796          1.5155         0.37793           2.126         0.56996               
         A        104        TRP         0.51048         0.16504          0.5543         0.16948         0.83162         0.31959               
         A        105        THR         0.22872        0.047629         0.18544        0.028752         0.29768         0.14738               
         A        106        ALA         0.51201        0.077058          0.6206               0          0.6206         0.38726               
         A        107        PHE         0.78024         0.26421          0.9393         0.19724          1.2399         0.44423               
         A        108        SER         0.24579        0.050719         0.21383         0.03767         0.33461         0.17616               
         A        109        THR         0.27662        0.065956         0.25918        0.070327         0.35519         0.17029               
         A        110        GLY         0.56597         0.08493               0               0         0.67065         0.43539               
         A        111        ILE         0.61774         0.10613         0.66392         0.13084         0.86069          0.5191               
         A        112        LEU         0.29838         0.10006         0.20552        0.044979         0.42666         0.14179               
         A        113        ILE         0.72958         0.13424          0.8286         0.09845         0.95917         0.49329               
         A        114        ILE         0.92716         0.24392          1.1229         0.20083          1.4087         0.68667               
         A        115        PRO         0.41726        0.069407         0.38845        0.054707         0.54581         0.34226               
         A        116        CYS         0.40818        0.087612         0.30928        0.064431          0.5191         0.24485               
         A        117        VAL         0.97247          0.2197          1.1868         0.14537          1.3923         0.65882               
         A        118        TRP          1.0247         0.23635          1.1378         0.18069          1.3923         0.67065               
         A        119        LEU         0.31883         0.13183          0.1973        0.057429         0.50932         0.13994               
         A        120        GLY         0.72781         0.15381               0               0         0.94831         0.55263               
         A        121        PHE          1.6019         0.46922           1.892         0.32066          2.3978         0.87059               
         A        122        ALA         0.86438        0.056226         0.77612               0         0.93226         0.77612               
         A        123        VAL         0.70757         0.15749         0.56143        0.034661         0.96464           0.529               
         A        124        GLN          1.5437         0.26722          1.6844         0.19428          1.9552          1.0153               
         A        125        ASP          1.7914         0.33439          2.0793         0.18659          2.3492          1.2836               
         A        126        THR           2.038          0.2628          2.3071         0.18356          2.5344          1.8022               
         A        127        SER           2.505         0.42634          3.0897        0.047555          3.1373          2.0448               
         A        128        THR          1.3708         0.16733          1.2298        0.094874          1.6541          1.1121               
         A        129        PRO          1.6065          0.3469          1.9597        0.029147          1.9803          1.0387               
         A        130        TYR          1.0151         0.19064           0.962         0.19429          1.3136         0.72388               
         A        131        SER          1.6714         0.44591           2.268         0.19669          2.4647          1.2543               
         A        132        VAL          1.0982         0.27689          1.2488         0.28408          1.6244         0.73665               
         A        133        PHE         0.51571        0.095151         0.50876        0.073137         0.72388         0.38453               
         A        134        ILE          0.8002         0.17066         0.95576        0.096252          1.0626         0.61688               
         A        135        ILE          1.0767          0.3731           1.396         0.26157          1.7691         0.67065               
         A        136        ILE         0.44578         0.10934         0.44379        0.098915         0.62811          0.3049               
         A        137        SER         0.29131        0.039192         0.27989        0.037233         0.36043         0.24265               
         A        138        LEU         0.62794         0.17573         0.77689         0.12843         0.99813         0.44127               
         A        139        LEU         0.60662         0.20394         0.78141         0.12107         0.90607         0.34226               
         A        140        CYS         0.15743          0.0587         0.13264       0.0072956         0.27417        0.090452               
         A        141        GLY         0.20139        0.012356               0               0         0.21896         0.18408               
         A        142        PHE         0.49556         0.23689         0.63894         0.17501         0.90092         0.20229               
         A        143        ALA         0.06673        0.051012        0.040446               0         0.15681        0.013461               
         A        144        GLY        0.060898       0.0073079               0               0        0.068908        0.049764               
         A        145        ALA         0.15458        0.052729         0.24927               0         0.24927         0.10588               
         A        146        ASN        0.069742        0.026266        0.078218        0.028063         0.12535        0.038909               
         A        147        PHE        0.027921        0.021895        0.012499       0.0090795        0.064057       0.0019112               
         A        148        ALA         0.15065        0.045161         0.21896               0         0.21896        0.082064               
         A        149        SER         0.14051        0.031829         0.16519        0.028937         0.19413        0.098971               
         A        150        SER        0.058146        0.015382        0.052431        0.018105        0.078745        0.034326               
         A        151        MET         0.11412        0.025344         0.10902       0.0097164         0.16447        0.070535               
         A        152        ALA         0.21821        0.051916         0.30248               0         0.30248         0.14179               
         A        153        ASN         0.14788        0.023918          0.1434        0.027832          0.1801         0.10242               
         A        154        ILE          0.2249        0.054697         0.24262        0.044802         0.29768         0.12176               
         A        155        SER         0.32253        0.033633         0.32723        0.015025         0.36837         0.25821               
         A        156        PHE         0.37153        0.071755         0.39757        0.075071         0.48698         0.29529               
         A        157        PHE         0.31593        0.059012         0.29746        0.048798         0.43539         0.22962               
         A        158        PHE         0.50458        0.084104         0.53323         0.08495         0.66275         0.37371               
         A        159        PRO         0.72666        0.077897         0.79305        0.076871         0.86563         0.64717               
         A        160        LYS         0.74262        0.035144         0.76477        0.020444         0.78967         0.67065               
         A        161        GLN          1.0187         0.13649          1.1911               0          1.1911         0.84121               
         A        162        LYS          1.0407         0.28793          1.2464         0.22307          1.4853         0.69889               
         A        163        GLN         0.51326        0.047757         0.49979        0.013918         0.63949         0.46225               
         A        164        GLY         0.56653        0.038316               0               0         0.60948          0.5191               
         A        165        GLY         0.78182        0.047007               0               0         0.86069         0.73665               
         A        166        ALA         0.57161        0.076743         0.59488               0         0.67862         0.48384               
         A        167        LEU         0.29751        0.054851         0.27447        0.033527         0.42089         0.22962               
         A        168        GLY         0.42636        0.024725               0               0         0.45922            0.39               
         A        169        LEU         0.76074         0.22953         0.96281         0.13997          1.1058         0.48698               
         A        170        ASN         0.28657        0.079998          0.2346        0.045962         0.43539         0.16255               
         A        171        GLY         0.21717        0.019488               0               0         0.23828          0.1921               
         A        172        GLY         0.38417        0.037302               0               0         0.43539         0.33715               
         A        173        LEU         0.67482         0.25694         0.90994         0.12778          1.0387         0.36043               
         A        174        GLY         0.21479        0.062688               0               0         0.30733         0.14738               
         A        175        ASN         0.12688        0.049489         0.08334        0.030735         0.18808        0.049764               
         A        176        MET         0.48261          0.1859          0.6399         0.13656         0.80344         0.27187               
         A        177        GLY         0.21808         0.03866               0               0         0.26957         0.17419               
         A        178        VAL        0.090914        0.048468        0.042183        0.014344         0.15491        0.031293               
         A        179        SER         0.35635        0.081698         0.40963        0.046564         0.45619         0.21685               
         A        180        VAL         0.51246         0.07369         0.58154        0.039527         0.62435         0.39552               
         A        181        MET         0.21334         0.10812         0.11086        0.040689         0.36043        0.068908               
         A        182        GLN         0.23482         0.12782         0.13816         0.06567         0.45319        0.049764               
         A        183        LEU         0.89267         0.24648          1.0771          0.1688          1.2615         0.50287               
         A        184        VAL         0.76259        0.064177         0.79786        0.031564         0.84604         0.67065               
         A        185        ALA         0.52215          0.1097         0.33461               0         0.65882         0.33461               
         A        186        PRO         0.78248         0.22935         0.61755        0.071431          1.1708         0.53233               
         A        187        LEU          1.5909         0.27371          1.6872         0.22569          2.0448          1.1378               
         A        188        VAL          1.2436         0.21262          1.1035         0.22755            1.53         0.82686               
         A        189        VAL          1.2762         0.23161          1.1031         0.12727          1.6342         0.94293               
         A        190        SER          2.8374         0.48614          3.1872        0.049847          3.3416          1.9306               
         A        211        TYR          1.3529         0.24862          1.5763               0          1.6244          1.0446               
         A        212        LEU         0.65555         0.17047          0.5559         0.12206         0.97568         0.36307               
         A        213        ALA          0.8111         0.12052          1.0269               0          1.0269         0.66669               
         A        214        ASN          1.1526         0.37707          1.4936         0.21321          1.7474         0.71966               
         A        215        ALA         0.43926         0.11366         0.38181               0         0.63949         0.30248               
         A        216        SER         0.38729        0.044001         0.33463        0.005065         0.45619         0.32957               
         A        217        TRP           1.106         0.33949            1.24         0.30701          1.7367          0.6206               
         A        218        ILE         0.85084         0.15756         0.93607         0.18438          1.1249         0.66669               
         A        219        TRP         0.41844         0.12592         0.34774        0.062735         0.64332         0.26273               
         A        220        VAL         0.95016         0.16196         0.98536         0.17515          1.2118         0.72388               
         A        221        PRO          1.3153         0.16867          1.4059         0.20088          1.6743          1.1443               
         A        222        PHE          1.0088         0.17738          1.0792         0.17406          1.3367         0.78061               
         A        223        LEU         0.52958         0.15724         0.38631        0.080238         0.71547         0.29529               
         A        224        ALA          1.1008         0.12515           1.291               0           1.291         0.90607               
         A        225        ILE          1.5365          0.4196          1.8488         0.39044          2.4647          1.1509               
         A        226        PHE         0.79633          0.1343         0.82088         0.12632         0.99813         0.59488               
         A        227        THR         0.78043        0.080974         0.75072        0.066293         0.90092         0.65882               
         A        228        ILE          1.5403         0.31691          1.8268         0.17335          2.0714          1.1249               
         A        229        ALA         0.99319        0.090316         0.99813               0          1.1121         0.87059               
         A        230        ALA         0.63102        0.089546         0.47143               0         0.71129         0.47143               
         A        231        TRP          1.4569         0.37547          1.6206         0.30123          2.0984         0.78967               
         A        232        PHE          2.0008         0.55682          2.3714         0.32706          2.8225          1.2836               
         A        233        GLY         0.93771         0.12627               0               0          1.1121         0.81274               
         A        234        MET         0.46552         0.16942         0.31916        0.095994         0.68667         0.20229               
         A        235        ASN         0.60229         0.10387         0.68148        0.081895         0.81274         0.45619               
         A        236        ASP         0.79118         0.11289         0.84816        0.090377         0.95917          0.6206               
         A        237        LEU         0.69232         0.20775          0.5232        0.071004          1.0269         0.43539               
         A        238        ALA          1.6362         0.22055          1.9306               0          1.9306          1.2471               
         A        256        LEU          1.1369         0.15936          1.1939         0.18419          1.4853         0.91125               
         A        257        TRP           1.915         0.56234          2.2209         0.32369          2.7412         0.92696               
         A        258        ILE         0.95107         0.29501          1.1454         0.25408          1.4507         0.53568               
         A        259        MET         0.48261        0.078068         0.48909        0.043673         0.61317         0.32957               
         A        260        SER         0.56767         0.14203         0.74201        0.043119         0.78513         0.37371               
         A        261        LEU         0.55797         0.22117         0.72809          0.1722          1.0153           0.265               
         A        262        LEU         0.28579         0.10816         0.36871        0.063004         0.43833         0.10937               
         A        263        TYR         0.10807        0.046051        0.097702         0.04651         0.18808        0.029783               
         A        264        LEU         0.25538         0.11264         0.34648        0.088768         0.49647         0.11997               
         A        265        ALA         0.11475        0.035854         0.15681               0         0.15681        0.065669               
         A        266        THR        0.049405        0.018154        0.063708        0.014173        0.083731        0.019336               
         A        267        PHE       0.0096746        0.011943       0.0046781       0.0067092        0.035849               0               
         A        268        GLY         0.04588       0.0044575               0               0        0.051333        0.038909               
         A        269        SER        0.016203        0.017765        0.039678      0.00076842        0.040446               0               
         A        270        PHE        0.031802        0.041013        0.049975        0.041655         0.11819               0               
         A        271        ILE               0               0               0               0               0               0               
         A        272        GLY               0               0               0               0               0               0               
         A        273        PHE       0.0079107        0.015166        0.012431        0.017472        0.041988               0               
         A        274        SER               0               0               0               0               0               0               
         A        275        ALA         0.00597       0.0073702        0.013461               0         0.01639               0               
         A        276        GLY        0.012338       0.0098656               0               0        0.026776               0               
         A        277        PHE        0.086803         0.06719         0.11418        0.067166         0.21475               0               
         A        278        ALA         0.13492        0.047119         0.14179               0         0.20849        0.060847               
         A        279        MET         0.19016         0.06691         0.22201        0.075735         0.33461         0.11819               
         A        280        LEU         0.11685        0.042225        0.095285          0.0256         0.20849        0.065669               
         A        281        SER         0.32748         0.10668         0.36507        0.067395         0.47451         0.15872               
         A        282        LYS         0.60217         0.19829         0.69652         0.20245         0.96464         0.33461               
         A        283        THR         0.46574         0.10712         0.38233         0.02652         0.67462         0.34482               
         A        284        GLN         0.61036         0.17465         0.51206        0.071812         0.99813         0.40388               
         A        285        PHE         0.92342         0.11771         0.92028         0.13514          1.0871         0.70714               
         A        286        PRO          1.2693         0.11204          1.3019         0.04624          1.4005          1.0809               
         A        287        ASP          1.9469         0.32259            2.14         0.31821          2.6255           1.503               
         A        288        VAL          1.2408         0.16317          1.1731         0.11935          1.4766          1.0095               
         A        289        GLN          1.2605         0.24303           1.447        0.087294          1.5576         0.87059               
         A        290        ILE         0.49144         0.11133         0.40093        0.041388         0.71547         0.33461               
         A        291        LEU         0.49038        0.076292         0.45642        0.087421         0.56298         0.31712               
         A        292        GLN          1.4187         0.59846          1.8685         0.42127          2.4647          0.6948               
         A        293        TYR          1.0439         0.46068          1.2705         0.40151           2.058         0.50932               
         A        294        ALA         0.29093        0.054888         0.22747               0         0.38453         0.22747               
         A        295        PHE         0.72324         0.30663         0.90138         0.24495          1.2399         0.38453               
         A        296        PHE         0.91402         0.34628          1.1263         0.25231          1.5119         0.49966               
         A        297        GLY         0.33339        0.041779               0               0         0.39552          0.2788               
         A        298        PRO         0.20684        0.058357         0.15274        0.020066         0.29768         0.12715               
         A        299        PHE         0.84237         0.34435          1.0371         0.27882          1.4337          0.3764               
         A        300        ILE         0.69446         0.16662         0.81706         0.15451          1.0626         0.51256               
         A        301        GLY         0.31958        0.050374               0               0         0.40668         0.28817               
         A        302        ALA         0.40973        0.059529         0.38453               0         0.48384         0.34226               
         A        303        LEU         0.97798         0.27023           1.226         0.12832           1.417         0.59488               
         A        304        ALA         0.47941        0.068834         0.43539               0         0.60948         0.42666               
         A        305        ARG         0.22336         0.15303         0.12272        0.089525         0.43833        0.028277               
         A        306        SER         0.75765         0.11053         0.79687        0.068758         0.88059         0.54921               
         A        307        ALA         0.94097        0.081217          1.0626               0          1.0626         0.82686               
         A        308        GLY         0.63932        0.053633               0               0         0.71966         0.56996               
         A        309        GLY         0.85994         0.18726               0               0          1.1058         0.63568               
         A        310        ALA          1.4708         0.24924          1.5209               0          1.8591          1.0995               
         A        311        LEU           1.504          0.1577          1.4509         0.16384          1.7691          1.2399               
         A        312        SER          1.1173         0.22019         0.82786        0.042729          1.3842         0.78513               
         A        313        ASP          1.7831         0.35316          1.6485          0.2156          2.4992          1.4005               
         A        314        ARG          4.0883          1.5453           4.844          1.4354          7.3731           2.197               
         A        315        LEU          2.2458          0.3898          2.4395         0.38336          2.8434          1.7052               
         A        316        GLY          1.3197          0.2757               0               0          1.6948         0.98684               
         A        317        GLY         0.75482          0.1846               0               0          1.0506         0.56646               
         A        318        THR         0.77129         0.11316         0.86585         0.11485          1.0269         0.67065               
         A        319        ARG          1.9466          1.0679          2.5387         0.90803          4.0239          0.8364               
         A        320        VAL         0.69733          0.1608          0.7909         0.15632         0.99813         0.49966               
         A        321        THR         0.36382        0.039814         0.33572        0.018643         0.45019          0.3122               
         A        322        LEU         0.85922         0.28331          1.0961         0.21342           1.417         0.53233               
         A        323        VAL         0.89516         0.20848          1.1038         0.15186          1.3136         0.67862               
         A        324        ASN          0.3675        0.086896         0.31169         0.05702         0.53904         0.22533               
         A        325        PHE         0.35465         0.11794         0.29077        0.084353         0.55607         0.18408               
         A        326        ILE         0.98535         0.20753          1.1728        0.087835          1.2543         0.64332               
         A        327        LEU         0.77956         0.19196         0.90454         0.19546          1.2187         0.57347               
         A        328        MET         0.29363         0.12549         0.18161        0.069709         0.45922         0.11642               
         A        329        ALA         0.69318        0.081573         0.77164               0         0.77164         0.55263               
         A        330        ILE          1.1637         0.30202          1.4168         0.22514          1.7582         0.84604               
         A        331        PHE         0.72442         0.19054         0.79946         0.18664          1.0446         0.47451               
         A        332        SER         0.49171        0.085648         0.39705         0.07746         0.58768         0.31959               
         A        333        GLY         0.93154         0.10504               0               0          1.0566         0.76719               
         A        334        LEU          1.1836         0.31555          1.4441         0.24632           1.791         0.84121               
         A        335        LEU         0.48094         0.14719         0.34147        0.056753         0.66275         0.26047               
         A        336        PHE         0.94819        0.088082         0.97681        0.025584          1.0269         0.72811               
         A        337        LEU          1.6705         0.36768          1.9865         0.21513          2.2116          1.1575               
         A        338        THR         0.93779         0.11892         0.89642         0.16193          1.0809         0.68667               
         A        339        LEU         0.80979         0.23954         0.61945          0.1086          1.2615         0.47451               
         A        340        PRO          1.2174         0.15159          1.1864         0.16954          1.3842         0.97014               
         A        341        THR          2.0822         0.28722          2.2076         0.26087          2.5703          1.6845               
         A        342        ASP          2.9521         0.59979          2.9866         0.43927          3.9185           2.058               
         A        343        GLY          3.4677         0.54511               0               0          4.2883          2.7612               
         A        344        GLN          2.6659          0.2675          2.5989         0.27978          3.0656           2.197               
         A        345        GLY           2.349         0.16076               0               0          2.5522          2.1399               
         A        346        GLY          1.9111         0.15017               0               0          2.0984          1.7582               
         A        347        SER          1.4709         0.25732          1.7209        0.015789          1.7367          1.0446               
         A        348        PHE          1.0067         0.17169         0.97082         0.16043          1.3213         0.74526               
         A        349        MET          1.9008          0.8774          2.5976         0.75277           3.597          1.1378               
         A        350        ALA           1.223         0.27124          1.6147               0          1.6147         0.87558               
         A        351        PHE         0.46807         0.15496         0.40077         0.12112         0.78513         0.25597               
         A        352        PHE         0.61808         0.10297         0.65299         0.11175         0.82686         0.49966               
         A        353        ALA         0.82415         0.15732          1.1249               0          1.1249         0.68264               
         A        354        VAL         0.60121          0.1658         0.70383         0.15245         0.91125         0.38181               
         A        355        PHE         0.16414        0.094314         0.10608        0.057444         0.34998        0.031293               
         A        356        LEU         0.55727         0.15592         0.68506         0.12266         0.88563          0.3791               
         A        357        ALA         0.47381        0.090225         0.61317               0         0.61317         0.37371               
         A        358        LEU         0.18043        0.055577          0.1724        0.027456         0.29529        0.097257               
         A        359        PHE          0.1476        0.067263         0.10861        0.050448         0.25373        0.052907               
         A        360        LEU         0.51474          0.1581         0.65674        0.095725         0.76719         0.34226               
         A        361        THR         0.27475        0.049072         0.28896        0.044639         0.33209         0.21266               
         A        362        ALA         0.09606        0.036683        0.054485               0         0.16255        0.054485               
         A        363        GLY         0.18848        0.021903               0               0         0.22108         0.16255               
         A        364        LEU         0.41782         0.12848         0.52605        0.094983         0.62811         0.27648               
         A        365        GLY         0.15772        0.032628               0               0         0.20642         0.12535               
         A        366        SER        0.097591        0.019044        0.077298        0.014848         0.11997         0.06245               
         A        367        GLY         0.26793        0.047164               0               0         0.32456         0.19413               
         A        368        SER         0.32143        0.043597         0.37017        0.025349         0.39552         0.25373               
         A        369        THR         0.15693        0.036962         0.12181        0.027227         0.20849        0.093844               
         A        370        PHE         0.14612        0.050289         0.11643        0.024203         0.24927        0.088764               
         A        371        GLN         0.56399         0.18721         0.70284         0.12749         0.88059         0.29054               
         A        372        MET         0.42558        0.039834         0.42715         0.02648         0.50608         0.37371               
         A        373        ILE         0.38284        0.072828         0.33989        0.043654         0.53233         0.26728               
         A        374        SER         0.50332        0.085356         0.47975        0.029564         0.65104         0.39276               
         A        375        VAL         0.77944         0.12472         0.86717        0.076742         0.95373         0.54921               
         A        376        ILE         0.83632         0.10569         0.80037        0.083529          1.0446         0.71547               
         A        377        PHE         0.83357         0.11358         0.79794         0.11164          1.0211         0.64717               
         A        378        ARG         0.94692         0.13614         0.88888        0.079385          1.2762         0.79424               
         A        379        LYS          1.5673         0.22059          1.6892         0.15063          1.8825          1.1313               
         A        380        LEU          1.4517         0.17176          1.3486         0.12212           1.791          1.2187               
         A        381        THR          1.4896         0.18267          1.3373        0.085468          1.8134          1.2187               
         A        382        MET          1.9397         0.16365          1.9329         0.12564           2.197          1.6948               
         A        383        ASP          2.4262          0.2034          2.3906        0.057958          2.8434          2.0714               
         A        384        ARG          2.2583         0.24686          2.1294         0.16745          2.8018           1.791               
         A        385        VAL          2.4416         0.33928          2.1767         0.16295          3.0656          1.9677               
         A        386        LYS          3.2249          0.3081           3.184         0.17426          3.8843          2.7814               
         A        387        ALA           4.095         0.50341            4.06               0          4.9104          3.3416               
         A        388        GLU          3.4776          0.5684          3.0372         0.30269          4.4103          2.6255               
         A        389        GLY          4.0273         0.13125               0               0          4.1716          3.8506               
         A        390        GLY          3.4187        0.096594               0               0          3.5377          3.2887               
         A        391        SER          2.6594         0.27734          2.6994         0.16507          3.0191          2.2263               
         A        392        ASP          2.3072         0.41757          2.6066         0.25844          2.9963           1.605               
         A        393        GLU          2.1164         0.50515          2.4801         0.36053          2.9075          1.3842               
         A        394        ARG          2.1735         0.54344          2.5188         0.35046          3.1131          1.3445               
         A        395        ALA          1.4549         0.16332          1.6642               0          1.6642          1.2258               
         A        396        MET          1.1822         0.17121          1.2969        0.096114          1.4253         0.88059               
         A        397        ARG          1.2044         0.29668          1.3588         0.26587          1.7367         0.84121               
         A        398        GLU          1.3026         0.33877          1.5633         0.22789          1.8825         0.91125               
         A        399        ALA          0.8253         0.11088         0.92696               0         0.92696         0.65882               
         A        400        ALA         0.66064        0.065005         0.69889               0         0.74094         0.55607               
         A        401        THR         0.73714        0.085393         0.83328        0.011214         0.84121         0.63568               
         A        402        ASP         0.86138         0.20393           1.041         0.11562          1.1575          0.5985               
         A        403        THR         0.42959        0.068923         0.44127        0.037722         0.53904         0.31466               
         A        404        ALA         0.41879        0.016477         0.42377               0         0.43833         0.39552               
         A        405        ALA         0.65654        0.089872         0.81274               0         0.81274         0.54581               
         A        406        ALA         0.51496        0.050964         0.56646               0         0.56646         0.43539               
         A        407        LEU         0.22424        0.069699         0.16667        0.038038         0.34482         0.11642               
         A        408        GLY         0.40641        0.039604               0               0         0.45019         0.34482               
         A        409        PHE         0.89089         0.27438          1.0669         0.17829          1.3289           0.529               
         A        410        ILE          0.4061        0.084047         0.43131        0.086726         0.51582         0.30733               
         A        411        SER         0.20004        0.047309         0.14648       0.0065406         0.27417         0.13994               
         A        412        ALA         0.41416        0.065924         0.53233               0         0.53233          0.3397               
         A        413        ILE         0.62525         0.18361         0.77076         0.15185          1.0095         0.42666               
         A        414        GLY         0.22808        0.064277               0               0         0.32706         0.15872               
         A        415        ALA         0.18854        0.023324         0.15681               0         0.21475         0.15681               
         A        416        ILE         0.50218         0.18344         0.65395         0.14074         0.86563         0.29529               
         A        417        GLY         0.20531         0.04225               0               0         0.26047         0.15872               
         A        418        GLY         0.12281        0.013323               0               0         0.13994         0.10588               
         A        419        PHE         0.52654         0.22315         0.65721         0.17406          0.8907         0.22747               
         A        420        PHE         0.55866         0.17636         0.65674          0.1486         0.90607         0.35519               
         A        421        ILE         0.15228        0.065483        0.091965        0.026917         0.25373        0.054485               
         A        422        PRO         0.19879         0.06611         0.14444        0.014243         0.31712          0.1326               
         A        423        LYS         0.65253         0.20156          0.7752         0.16065         0.98684         0.31466               
         A        424        ALA          0.5456        0.063278         0.49647               0         0.65882         0.48072               
         A        425        PHE         0.27966         0.15349         0.17518        0.074295          0.5191        0.083731               
         A        426        GLY         0.78519         0.15476               0               0         0.97014          0.5841               
         A        427        SER          1.2822         0.17312          1.3215        0.022985          1.5669         0.98684               
         A        428        SER         0.99553         0.16187         0.79592        0.054977          1.2471         0.74094               
         A        429        LEU         0.91047         0.31687         0.65094        0.068232            1.53         0.56996               
         A        430        ALA          1.8222         0.46451          1.5669               0          2.6255          1.2615               
         A        431        LEU          2.4699         0.32228          2.6436         0.21796          2.9075           1.791               
         A        432        THR          2.1469         0.23181          2.1448         0.34492          2.5885          1.7474               
         A        433        GLY            1.51         0.21575               0               0          1.8134           1.306               
         A        434        SER          1.0358         0.15358          1.1635        0.076437          1.2399         0.81274               
         A        435        PRO         0.54276        0.069598         0.49358         0.07216         0.63568         0.41233               
         A        436        VAL          0.9152         0.13051          1.0871               0          1.0871         0.71129               
         A        437        GLY          1.1005        0.073606               0               0          1.1979          1.0038               
         A        438        ALA         0.61913         0.10547         0.48698               0         0.79424         0.48698               
         A        439        MET         0.47089         0.10029         0.39039        0.049352         0.63568         0.32706               
         A        440        LYS          1.4408         0.46097          1.7772         0.33325          2.2866         0.79883               
         A        441        VAL         0.93818         0.10632          1.0212        0.064088          1.0933         0.78061               
         A        442        PHE         0.34883         0.13259         0.25662        0.052823         0.58054         0.17616               
         A        443        LEU         0.94669         0.22108          1.1141         0.16883          1.3762          0.6058               
         A        444        ILE          1.4746         0.35356          1.8013          0.1689          2.0316          1.0748               
         A        445        PHE         0.57012          0.1528         0.48489         0.10304          0.8907         0.32706               
         A        446        TYR         0.36234         0.18184         0.25239         0.10643         0.65882         0.10762               
         A        447        ILE          1.2168         0.23796            1.42         0.13274           1.605         0.82213               
         A        448        ALA          1.0682        0.080335          1.1708               0          1.1708         0.93758               
         A        449        CYS         0.57775         0.12026         0.41538        0.017087         0.71129         0.39829               
         A        450        VAL         0.98831         0.15453         0.99641         0.17671          1.2328         0.80344               
         A        451        VAL          1.5966         0.25266          1.8367         0.15465          2.0448          1.1979               
         A        452        ILE          1.2321         0.25754          1.2867         0.35089          1.8134         0.84604               
         A        453        THR         0.88223         0.19631         0.67578        0.063791          1.1185         0.58768               
         A        454        TRP          2.7538         0.93727          3.1597         0.78248          4.4949          1.2762               
         A        455        ALA          2.4467         0.25735          2.4819               0          2.8645           2.058               
         A        456        VAL          1.6821         0.15962           1.642         0.14609          1.9429          1.5209               
         A        457        TYR          1.1795         0.40943         0.92267          0.1096           2.154         0.77612               
         A        458        GLY          1.9748         0.33537               0               0          2.4309          1.6342               
