pdb_id: 
analysis type: unbound
radii_file: F:\psiafrombintisolah\PSAIA-1.0\amac_data\chothia.radii
CX_sRadius: 15
CX_vAtom: 20.1

  chain id|    res id|  res name|     average CX|       s_avg CX|    s-ch avg CX|  s-ch s_avg CX|         max CX|         min CX|               
         A       1834        GLY          1.6592         0.18812               0               0          1.9677          1.4941               
         A       1835        LEU          1.3047         0.13786          1.2417         0.12891          1.5483          1.1121               
         A       1836        ILE          1.6639           0.266          1.8863         0.16952           2.154           1.306               
         A       1837        TYR          2.0205         0.30787           1.926          0.2275          2.7612          1.6147               
         A       1838        ILE          2.3097         0.26042          2.3387         0.32107          2.8645          1.9929               
         A       1839        ASN          4.2566          1.1796          5.2805         0.78861          6.1045          2.9514               
         A       1840        ASP           3.687          1.1839          4.7244         0.71556          5.5124          2.2412               
         A       1841        SER          1.6066         0.22328          1.5084         0.11605           2.058          1.3923               
         A       1842        LEU          1.0351        0.096886          1.0179        0.072256          1.2118         0.91125               
         A       1843        TYR          1.2613         0.24564          1.4027         0.17448          1.7367         0.96464               
         A       1844        TYR          1.2274         0.17792          1.2721          0.1899          1.6642          1.0095               
         A       1845        PHE          1.7921         0.16344          1.8235         0.12217          2.0186          1.4087               
         A       1846        LYS          2.6199         0.37776          2.5558         0.29747          3.1373          2.0848               
         A       1847        PRO          4.5475         0.69974          4.4068         0.65253          5.5733          3.6272               
         A       1848        PRO          5.5715         0.52221          5.3312         0.44533          6.4824          4.7182               
         A       1849        VAL          5.0949          0.7562          5.7288         0.72006           6.729          4.2099               
         A       1850        ASN          3.5281          0.5483           3.873         0.49524          4.6721          2.7814               
         A       1851        ASN           2.737          0.3987          3.0326         0.08847          3.1131          2.0057               
         A       1852        LEU          1.6601          0.1515           1.554        0.092581          1.9552          1.4337               
         A       1853        ILE          1.4596         0.17221          1.5219         0.22201          1.8475          1.2985               
         A       1854        THR          1.2581         0.13532          1.3999        0.071432          1.4941          1.0995               
         A       1855        GLY         0.87208         0.10953               0               0          1.0038         0.72811               
         A       1856        PHE         0.77978         0.12889         0.70875        0.076039          1.0748          0.6058               
         A       1857        VAL          0.9678        0.077698          1.0105        0.044569          1.0626         0.82213               
         A       1858        THR          1.5602         0.19215          1.6184        0.037304          1.8944          1.2615               
         A       1859        VAL          1.5993         0.23014          1.4406         0.15486          1.9429          1.2688               
         A       1860        GLY          2.9725         0.31288               0               0          3.2627          2.4478               
         A       1861        ASP          3.5574          1.2184          4.6069         0.76525          5.5124          1.9929               
         A       1862        ASP          1.5658         0.23918          1.6661         0.17748          1.9064          1.2399               
         A       1863        LYS         0.83317        0.094826         0.83256        0.059535          1.0328         0.71966               
         A       1864        TYR         0.78491         0.20395         0.88622         0.17581          1.2399         0.54242               
         A       1865        TYR         0.73327         0.19131          0.8221         0.17582          1.1641         0.52238               
         A       1866        PHE         0.76837        0.052317         0.77509        0.021142         0.86563         0.63949               
         A       1867        ASN          1.0957         0.16667          1.1738         0.12822           1.291         0.77612               
         A       1868        PRO          1.7278         0.34581          1.5794          0.2367          2.3176           1.291               
         A       1869        ILE          2.3872         0.37276          2.4146         0.41521          3.1131          1.9429               
         A       1870        ASN          1.7307         0.23643          1.7622         0.29029          2.2412          1.4766               
         A       1871        GLY          1.6259         0.18961               0               0          1.8475          1.4253               
         A       1872        GLY             1.1         0.13291               0               0          1.2836         0.94293               
         A       1873        ALA         0.94326         0.13124          1.1249               0          1.1249         0.77612               
         A       1874        ALA          0.7555        0.033971         0.74526               0         0.80344         0.71129               
         A       1875        SER         0.65981        0.023587         0.67282        0.017902         0.69073         0.62811               
         A       1876        ILE         0.96744         0.22703          1.1337         0.21367          1.4766         0.74526               
         A       1877        GLY         0.79214        0.091344               0               0         0.90092         0.65882               
         A       1878        GLU         0.84698          0.0763         0.86924         0.08277          1.0095         0.74961               
         A       1879        THR         0.69827        0.054095         0.70831        0.065965         0.78967         0.62811               
         A       1880        ILE          1.2332         0.22285          1.3887         0.17872          1.6845         0.91646               
         A       1881        ILE          1.0764         0.18779         0.95023         0.16948          1.3445          0.6948               
         A       1882        ASP          2.0578         0.13831          2.1383        0.078243          2.2562            1.78               
         A       1883        ASP          2.7446         0.97424           3.614         0.56891          4.2488          1.6244               
         A       1884        LYS          1.1636         0.29971          1.3152         0.27365          1.6441         0.77612               
         A       1885        ASN         0.71052         0.15151         0.83238         0.10809         0.94293           0.529               
         A       1886        TYR         0.59267        0.099754         0.62841         0.10367         0.82686         0.48072               
         A       1887        TYR         0.74545         0.22202         0.84981         0.20276          1.2543         0.50608               
         A       1888        PHE         0.57289         0.12286         0.49344        0.040389         0.84121         0.45922               
         A       1889        ASN          1.1557         0.18644          1.2886          0.1268          1.4853         0.84604               
         A       1890        GLN          1.9505         0.39278          2.2642         0.23365          2.6069          1.5119               
         A       1891        SER          1.3243         0.29973          1.6635         0.19562          1.8591         0.97568               
         A       1892        GLY         0.74284        0.084965               0               0         0.87558         0.63949               
         A       1893        VAL         0.90334         0.14294          1.0601        0.056683          1.1249         0.73665               
         A       1894        LEU         0.64706        0.074799         0.59629        0.028615         0.80808         0.56646               
         A       1895        GLN         0.81995         0.21457         0.97674         0.16022          1.2048         0.54581               
         A       1896        THR         0.67183        0.062402         0.72883        0.035459         0.77612         0.59488               
         A       1897        GLY         0.51747        0.049823               0               0           0.577         0.44721               
         A       1898        VAL         0.49188        0.036098         0.47568        0.014305         0.57347         0.45619               
         A       1899        PHE         0.62205        0.089407         0.65237        0.088234         0.78513         0.47451               
         A       1900        SER          1.0559         0.19016          1.2905        0.085661          1.3762         0.78513               
         A       1901        THR          1.1022         0.24187         0.89865        0.092091          1.4853         0.77612               
         A       1902        GLU          2.3272         0.35731          2.4623         0.34345          3.0892          1.7156               
         A       1903        ASP          1.5691         0.15709            1.59         0.17617          1.8825           1.417               
         A       1904        GLY          0.9887         0.15405               0               0          1.2118         0.82686               
         A       1905        PHE         0.72038         0.14361         0.76871         0.15209          1.0211         0.55952               
         A       1906        LYS         0.59131         0.19283         0.71003         0.18247          1.0153         0.39276               
         A       1907        TYR         0.51239          0.1211         0.56434         0.11668         0.80808         0.38181               
         A       1908        PHE         0.43729        0.039812         0.44743        0.039476         0.50608          0.3764               
         A       1909        ALA         0.66636        0.076274         0.72388               0         0.72811         0.53904               
         A       1910        PRO          1.1196         0.14355          1.1253         0.11777          1.2688         0.87059               
         A       1911        ALA          1.8409         0.29835            1.78               0          2.2562          1.3842               
         A       1912        ASN           2.984         0.56773          3.5108         0.20532          3.7846           2.197               
         A       1913        THR           1.507         0.27086          1.2144         0.10326          1.8247          1.0748               
         A       1914        LEU          1.6223         0.23257           1.493         0.25081          1.9184          1.2688               
         A       1915        ASP          2.6164         0.37757           2.696         0.49742          3.5086          2.1682               
         A       1916        GLU          3.8931          1.3312          4.9022          0.9163          5.8955          2.3334               
         A       1917        ASN          1.4616         0.25878          1.2359          0.1027          1.8825          1.0809               
         A       1918        LEU          1.2427         0.22294          1.3756         0.18122          1.6541         0.87059               
         A       1919        GLU         0.95891         0.19906          1.1046         0.11323          1.2471         0.65492               
         A       1920        GLY         0.54853        0.053522               0               0         0.61688         0.46835               
         A       1921        GLU          0.8073         0.23771         0.98776         0.16753          1.2048         0.56298               
         A       1922        ALA         0.56316        0.060527         0.53904               0         0.67462         0.51256               
         A       1923        ILE         0.69983        0.071123         0.76023        0.036984         0.80808         0.58768               
         A       1924        ASP          1.1193         0.18962           1.212         0.16803          1.4766         0.83162               
         A       1925        PHE         0.84425        0.093514         0.80153        0.085906         0.98124          0.6948               
         A       1926        THR          1.3143         0.23709          1.5713         0.10711          1.7156          1.0626               
         A       1927        GLY         0.87641         0.13318               0               0          1.0387         0.69889               
         A       1928        LYS         0.88877         0.14884         0.97577         0.14312          1.2118         0.71547               
         A       1929        LEU         0.65131         0.05987         0.62601        0.064881         0.74094         0.53568               
         A       1930        ILE            1.23          0.1808          1.3502         0.13452          1.5483         0.91646               
         A       1931        ILE          1.2467         0.20135          1.1115         0.14602          1.5763         0.90092               
         A       1932        ASP          2.6436         0.34872          2.9324         0.18424          3.1866          2.0057               
         A       1933        GLU          2.6885         0.95603          3.3633         0.71366          4.3283          1.4087               
         A       1934        ASN          1.1764         0.19869          1.2763         0.15793          1.4941          0.8958               
         A       1935        ILE         0.70687         0.10502         0.77532        0.080862         0.86563         0.55952               
         A       1936        TYR         0.54431        0.097379         0.58372        0.094126         0.77164         0.42377               
         A       1937        TYR         0.78522         0.28179         0.92251         0.24937          1.4253          0.4653               
         A       1938        PHE         0.62009         0.14388         0.54166        0.058187         0.95917         0.46835               
         A       1939        ASP          1.1697         0.19226          1.2298         0.17353          1.5119         0.83162               
         A       1940        ASP          2.3574         0.37014          2.6629         0.12582          2.7814          1.6743               
         A       1941        ASN           1.609         0.23385          1.5897         0.24526          1.9552          1.2762               
         A       1942        TYR          1.4918         0.54841          1.7414         0.49473          2.7612         0.72388               
         A       1943        ARG         0.89963         0.10824         0.96282        0.075418          1.0748         0.73237               
         A       1944        GLY         0.64856        0.048439               0               0         0.72811         0.60948               
         A       1945        ALA         0.66755        0.037743         0.70714               0         0.70714          0.6206               
         A       1946        VAL         0.92803         0.11291          1.0146         0.10254          1.1575         0.79424               
         A       1947        GLU          1.2036         0.42674          1.5298          0.2879          1.8944         0.67065               
         A       1948        TRP         0.84452         0.11737         0.81612          0.1143          1.0687         0.65882               
         A       1949        LYS         0.99969          0.2232          1.1147         0.24057          1.4853         0.79424               
         A       1950        GLU          1.7391         0.48059          2.0811         0.36679          2.6069          1.1575               
         A       1951        LEU          1.2025         0.24211         0.99808         0.11626          1.5576         0.81742               
         A       1952        ASP           2.581         0.25416          2.7212         0.13491          2.9514          1.9929               
         A       1953        GLY          2.3802         0.27829               0               0          2.7018           2.058               
         A       1954        GLU          1.4587         0.25371          1.5858         0.19131          1.8134          1.0809               
         A       1955        MET         0.90169         0.21167          1.0277         0.21503          1.3842         0.68264               
         A       1956        HIS         0.67655        0.097932         0.72811         0.09258         0.87558         0.55607               
         A       1957        TYR         0.73054         0.21748         0.82917         0.20412          1.2328          0.5191               
         A       1958        PHE         0.54521        0.080605         0.49333        0.026777         0.71966         0.45019               
         A       1959        SER          0.9274         0.15946          1.0582         0.16753          1.2258         0.70301               
         A       1960        PRO          1.4064         0.15792          1.4203         0.14493          1.5954          1.1641               
         A       1961        GLU           2.115         0.56153          2.5127         0.45275          3.2887          1.5119               
         A       1962        THR          1.0453         0.24357          1.2038         0.21227          1.4941         0.70301               
         A       1963        GLY         0.59834        0.075232               0               0         0.71547         0.51256               
         A       1964        LYS         0.82298         0.27119          1.0068         0.23701          1.4005         0.56646               
         A       1965        ALA          0.6045        0.051382         0.56646               0         0.68667         0.54242               
         A       1966        PHE         0.75483         0.13773         0.82768         0.12267         0.99813         0.61317               
         A       1967        LYS         0.99987         0.26422          1.1726         0.23507          1.5669         0.71547               
         A       1968        GLY         0.76247        0.072537               0               0          0.8364         0.66275               
         A       1969        LEU          0.7797         0.05886         0.76075        0.047706         0.90607          0.6948               
         A       1970        ASN         0.75774        0.069559         0.79013        0.070976         0.90607         0.66669               
         A       1971        GLN          1.4677         0.34953          1.7482         0.19266          2.0186         0.99247               
         A       1972        ILE          1.0876         0.20569         0.93622         0.15827          1.3682         0.70714               
         A       1973        GLY          1.9685         0.14129               0               0          2.0714          1.7261               
         A       1974        ASP          2.8719          0.8519          3.6366         0.48296          4.0967          1.8708               
         A       1975        TYR          1.6258         0.55456          1.8359         0.55454          2.9737          1.0153               
         A       1976        LYS         0.92712         0.19031          1.0589         0.13651          1.2118         0.67065               
         A       1977        TYR         0.72126         0.15038         0.79364         0.13383          1.0626         0.54242               
         A       1978        TYR         0.76243         0.20245         0.86025         0.18036          1.2258         0.53233               
         A       1979        PHE         0.57861        0.087036         0.52401        0.017944         0.78061         0.49966               
         A       1980        ASN           1.032         0.17569          1.1764         0.10855          1.2985         0.74961               
         A       1981        SER          1.5686         0.29352          1.9711         0.10029          2.0714           1.306               
         A       1982        ASP          1.3598         0.39306           1.697         0.24116          1.9803          0.8509               
         A       1983        GLY         0.68898        0.062979               0               0         0.78513          0.6206               
         A       1984        VAL         0.83824         0.13766         0.99343        0.043317          1.0269         0.70301               
         A       1985        MET         0.72489         0.07377         0.70734        0.075622         0.84121         0.62811               
         A       1986        GLN         0.86709         0.15971         0.97414         0.13743          1.1843         0.68264               
         A       1987        LYS          1.1385         0.20898          1.2571         0.19184          1.5763         0.88563               
         A       1988        GLY         0.82829        0.093621               0               0          0.9217         0.67862               
         A       1989        PHE         0.76604         0.12112         0.70188        0.077524          1.0328          0.5841               
         A       1990        VAL          0.8985        0.071924           0.904        0.077241          1.0095         0.79883               
         A       1991        SER          1.5128         0.21623            1.78               0            1.78          1.1979               
         A       1992        ILE          1.2872         0.25081           1.084         0.15756          1.6441          0.8509               
         A       1993        ASN          2.6493         0.25126          2.6795        0.085013          2.9737           2.058               
         A       1994        ASP          3.6116          1.1727          4.6819         0.63538           5.394          2.2412               
         A       1995        ASN          1.5612         0.29272          1.7237         0.22331          2.0316          1.1575               
         A       1996        LYS         0.96831          0.2209           1.087         0.22086          1.3842         0.72811               
         A       1997        HIS         0.72303         0.11188         0.79438        0.084105          0.9217         0.56996               
         A       1998        TYR         0.69532         0.17558         0.77214         0.16871          1.0933         0.52569               
         A       1999        PHE          0.6086        0.064747         0.57781        0.021847         0.76719         0.54242               
         A       2000        ASP         0.97828         0.10676          1.0473        0.050127          1.1313         0.74961               
         A       2001        ASP           1.818         0.39152           2.182         0.18257          2.4647          1.3602               
         A       2002        SER          1.1846         0.28096          1.5171         0.18811          1.7052         0.88059               
         A       2003        GLY         0.71595        0.066494               0               0         0.80808         0.62811               
         A       2004        VAL         0.81732         0.12595         0.95948        0.024716         0.98684         0.67862               
         A       2005        MET         0.65072        0.066022         0.68449        0.069692         0.78513         0.54921               
         A       2006        LYS         0.74554         0.19995         0.85362         0.21085          1.1575         0.55607               
         A       2007        VAL         0.80095         0.11223         0.90453        0.083932          1.0211         0.69073               
         A       2008        GLY         0.72762        0.067748               0               0         0.81274         0.62811               
         A       2009        TYR         0.84044        0.091391         0.85301        0.098226          1.0269         0.71547               
         A       2010        THR         0.68031        0.052937          0.6355        0.042392         0.75835         0.58768               
         A       2011        GLU          1.5447          0.4868          1.9007         0.36133          2.4819         0.94293               
         A       2012        ILE          1.0754         0.22129         0.92109         0.16054          1.3842         0.69073               
         A       2013        ASP          2.7007         0.62096           3.167         0.48256          3.7523          1.7367               
         A       2014        GLY           2.075         0.17853               0               0          2.3021          1.8944               
         A       2015        LYS          1.4069         0.40807          1.6196         0.39662          2.2412         0.91646               
         A       2016        HIS         0.85926         0.23275           1.001         0.18785          1.2543         0.55607               
         A       2017        PHE         0.58923         0.10061         0.63983        0.093086         0.79424         0.48072               
         A       2018        TYR         0.61831         0.15444         0.68665         0.14717         0.96464         0.45922               
         A       2019        PHE         0.52257        0.075041         0.48216         0.02903         0.70301         0.45922               
         A       2020        ALA         0.87642         0.11966          1.0387               0          1.0387         0.68264               
         A       2021        GLU          1.9898         0.74993          2.5455         0.56287           3.315          1.2543               
         A       2022        ASN          1.2856         0.22612          1.4726         0.10748           1.605         0.93758               
         A       2023        GLY         0.73363         0.08839               0               0         0.86563         0.61688               
         A       2024        GLU          1.1523         0.38228          1.4435         0.26639          1.8022         0.74094               
         A       2025        MET         0.62071        0.057185         0.57816        0.021046         0.73237         0.55607               
         A       2026        GLN         0.71451         0.18589         0.84955         0.14229          1.0038         0.49329               
         A       2027        ILE         0.67046        0.068052         0.71246        0.044626         0.77612         0.56298               
         A       2028        GLY         0.48862        0.049301               0               0         0.53904         0.42956               
         A       2029        VAL          0.4363        0.026792         0.42389        0.013143         0.49329          0.4095               
         A       2030        PHE         0.54675        0.076182         0.57594        0.073878         0.67065         0.41803               
         A       2031        ASN            1.05         0.22073          1.2343         0.10619          1.3923         0.67065               
         A       2032        THR         0.93203         0.20138         0.76116        0.070516          1.2688         0.67862               
         A       2033        GLU            1.84         0.30119          1.8431         0.32732          2.2412          1.3523               
         A       2034        ASP          1.4648         0.10733          1.4826          0.1259          1.6948          1.3445               
         A       2035        GLY         0.92397         0.17353               0               0          1.1708         0.72811               
         A       2036        PHE         0.65731         0.13304         0.69258         0.15132         0.90607         0.49013               
         A       2037        LYS         0.59504         0.20321         0.73667         0.16604         0.93758          0.3764               
         A       2038        TYR         0.48513         0.12069         0.53606         0.11832         0.76719         0.36837               
         A       2039        PHE         0.41571        0.047421         0.41794        0.052949         0.49647         0.36043               
         A       2040        ALA         0.65097        0.092545         0.67862               0         0.75397         0.50287               
         A       2041        HIS          1.2159         0.11802          1.2623        0.042271          1.3289         0.91646               
         A       2042        HIS          2.4777         0.66536          2.8831         0.52466          3.6272          1.4679               
         A       2043        ASN          2.5895         0.31656          2.5444         0.25823          2.9963           2.126               
         A       2044        GLU          5.7584          1.4243          6.8365         0.90839          8.1343           3.597               
         A       2045        ASP          4.8386           1.407          5.9305          1.1739          7.7918          3.1618               
         A       2046        LEU          2.3204         0.63238          1.7457         0.23611          3.3959          1.4592               
         A       2047        GLY          2.6125         0.23175               0               0          2.8645          2.3653               
         A       2048        ASN          1.5091         0.24425          1.3298         0.17334          1.9306          1.1249               
         A       2049        GLU          1.2572         0.16914          1.3528         0.10968          1.4766         0.93226               
         A       2050        GLU          1.0115         0.19174          1.1407         0.10867          1.2985         0.68667               
         A       2051        GLY         0.55081        0.062208               0               0         0.64717         0.47761               
         A       2052        GLU          0.8162         0.23945         0.99715         0.16988          1.1911         0.55607               
         A       2053        GLU         0.61189         0.08573         0.65318        0.085356         0.75397         0.52238               
         A       2054        ILE          0.6534        0.085436         0.72669         0.05601         0.82213         0.53904               
         A       2055        SER          1.0055         0.16462          1.1131        0.044419          1.2187         0.72811               
         A       2056        TYR           0.836        0.092907         0.80307        0.087215         0.96464         0.65882               
         A       2057        SER          1.3988         0.25658          1.7331         0.13771          1.8708          1.1378               
         A       2058        GLY         0.97188         0.12937               0               0          1.1058         0.79883               
         A       2059        ILE         0.89718        0.093812         0.94223        0.094944          1.0506         0.78061               
         A       2060        LEU         0.69605        0.074032         0.66968         0.08126         0.80344         0.55263               
         A       2061        ASN          1.3592         0.25413          1.5762         0.10743          1.7052         0.94293               
         A       2062        PHE          1.0197         0.12199          0.9351        0.033243          1.2688          0.8907               
         A       2063        ASN          2.0452         0.30371          2.1803         0.35933          2.7814          1.6743               
         A       2064        ASN          2.8441         0.84957          3.6192         0.46743           4.369          1.8825               
         A       2065        LYS          1.2409         0.17084          1.2908         0.15417          1.5209          1.0153               
         A       2066        ILE         0.85116          0.1579          0.9521         0.14338          1.1378         0.65882               
         A       2067        TYR         0.56676         0.05281         0.57752        0.054271         0.68264         0.49647               
         A       2068        TYR         0.79479         0.27479         0.93044         0.24054           1.417         0.49013               
         A       2069        PHE         0.63934         0.14847         0.55555         0.07934         0.96464         0.46225               
         A       2070        ASP          1.2958         0.18443           1.333         0.18006           1.605         0.98124               
         A       2071        ASP          2.5389         0.39152          2.8788          0.1883          3.1618          1.8944               
         A       2072        SER          1.6059         0.21606          1.7535         0.12907          1.8825          1.2688               
         A       2073        PHE           1.371         0.41404          1.5923         0.33302           2.058         0.74094               
         A       2074        THR          0.8549         0.11796         0.96991        0.056236          1.0387         0.68667               
         A       2075        ALA         0.59192        0.046585          0.5191               0         0.66275          0.5191               
         A       2076        VAL         0.71192        0.063857         0.74421        0.056389         0.81274          0.5985               
         A       2077        VAL          1.0998         0.11693          1.1469         0.10297           1.291         0.91125               
         A       2078        GLY           1.343         0.10114               0               0          1.4853          1.2187               
         A       2079        TRP          1.8713         0.32283          2.0473         0.18897          2.3334          1.3445               
         A       2080        LYS          1.1897         0.15695          1.1315         0.18745          1.4507         0.97568               
         A       2081        ASP          1.9285         0.31276          2.2126         0.16457          2.4647           1.503               
         A       2082        LEU          1.6015         0.38879          1.2717         0.14075          2.2562          1.1249               
         A       2083        GLU           3.625         0.59255           3.973         0.31275          4.4103          2.4478               
         A       2084        ASP          2.8196          0.4501           2.438         0.28024          3.4799          2.0186               
         A       2085        GLY          2.9091         0.22126               0               0          3.1866          2.6824               
         A       2086        SER          1.9611         0.19496          1.8595         0.13341          2.3492          1.7261               
         A       2087        LYS          1.9658         0.32672          2.2185         0.17585          2.3815          1.4941               
         A       2088        TYR          1.0634         0.11207         0.99201        0.043412          1.2985          0.9217               
         A       2089        TYR           1.629         0.38995           1.866         0.24227          2.3334          1.1121               
         A       2090        PHE         0.83584         0.19788         0.69348        0.052951          1.1775         0.63568               
         A       2091        ASP          1.5379          0.3559          1.8163         0.28752          2.1825          1.0809               
         A       2092        GLU          2.0528         0.30601          2.3192        0.073007          2.4647          1.6244               
         A       2093        ASP          2.3134         0.60363          2.8791         0.27055          3.1618          1.5954               
         A       2094        THR           1.144         0.25808          1.3233         0.17169          1.5576         0.75397               
         A       2095        ALA         0.69785        0.073385         0.63188               0         0.83162         0.63188               
         A       2096        GLU         0.99103         0.18315          1.1124          0.1568          1.3445         0.78967               
         A       2097        ALA         0.95851         0.13518         0.84604               0          1.1509         0.81274               
         A       2098        TYR          1.6806         0.29397          1.8031         0.25513           2.154          1.1443               
         A       2099        ILE          1.6274         0.29863          1.9001         0.15556          2.0848          1.2399               
         A       2100        LEU          1.5774         0.23832           1.424        0.043934          2.0848          1.3762               
         A       2101        GLU          2.5441           0.282          2.7681         0.10268          2.8645          2.0057               
         A       2102        HIS          2.9657         0.38212          2.8308         0.27124          3.8174          2.5167               
         A       2103        HIS          3.7274         0.54578          3.4284         0.14804          4.8127          3.2116               
         A       2104        HIS          5.0702         0.20262               0               0          5.2798          4.7651               
