pdb_id: 
analysis type: unbound
radii_file: F:\psiafrombintisolah\PSAIA-1.0\amac_data\chothia.radii
CX_sRadius: 15
CX_vAtom: 20.1

  chain id|    res id|  res name|     average CX|       s_avg CX|    s-ch avg CX|  s-ch s_avg CX|         max CX|         min CX|               
         A        278        GLN          4.6598          1.5113           5.789         0.96927          7.2746          2.5885               
         A        279        ILE          2.6648         0.66466          3.1145         0.60017          3.9882          1.8134               
         A        280        SER          1.5635         0.20769          1.6496        0.034929          1.9064          1.2543               
         A        281        PHE         0.96891         0.25518          1.0809          0.2279          1.3923         0.63188               
         A        282        ARG         0.76426         0.33387         0.93309         0.29881           1.417         0.33715               
         A        283        ASP         0.30304        0.051183         0.29524        0.054098         0.36571         0.20849               
         A        284        CYS         0.34924         0.10267         0.26332        0.027217         0.53568          0.2361               
         A        285        ALA         0.59212         0.13795         0.50932               0         0.81274         0.42089               
         A        286        GLU         0.77266         0.11734         0.75918        0.067578          1.0328         0.59488               
         A        287        VAL          0.8002         0.15001         0.69916        0.071843          1.0933          0.6206               
         A        288        PHE          1.2398         0.24018          1.3163         0.23559          1.6441         0.88059               
         A        289        LYS          1.5841         0.26843          1.5694          0.1494           2.154          1.1575               
         A        290        SER          1.9587         0.31916          1.7694         0.03271          2.5522          1.5763               
         A        291        GLY          2.1639         0.17738               0               0          2.3978          1.9677               
         A        292        HIS          1.6213         0.19662          1.7153         0.15082          1.9184          1.2118               
         A        293        THR          1.9163         0.24102          2.1221         0.21859          2.4309          1.6541               
         A        294        THR          1.8857         0.41694          2.3048         0.21048          2.5885           1.291               
         A        295        ASN          1.2564         0.12621           1.185        0.038555          1.5209          1.1443               
         A        296        GLY         0.91581          0.1347               0               0          1.0809         0.71547               
         A        297        ILE          1.0057         0.13916          1.0838         0.14251          1.3289         0.84604               
         A        298        TYR         0.85886         0.21027         0.95215          0.1951          1.2762         0.56996               
         A        299        THR         0.97634         0.21142          1.2137        0.064495          1.2762         0.74094               
         A        300        LEU         0.48089         0.19919         0.30584        0.080954         0.80808         0.18607               
         A        301        THR          1.0359         0.26485          1.3181         0.12759          1.4766         0.71966               
         A        302        PHE         0.90953         0.16889         0.82017         0.10729          1.2762         0.67462               
         A        303        PRO          1.1663         0.29868         0.91347         0.12105          1.6244         0.79883               
         A        304        ASN          2.5004         0.35291          2.5358         0.28247          3.0892          1.9552               
         A        305        SER          2.1846         0.14591          1.9934        0.038214          2.3653          1.9552               
         A        306        THR          2.8803         0.48637          3.4083         0.23081          3.6272          2.3492               
         A        307        GLU          1.6323         0.20215          1.6203         0.12243          1.9929           1.291               
         A        308        GLU           1.562         0.46298          1.9013         0.31273          2.2412         0.93758               
         A        309        ILE         0.55981         0.13506         0.45088        0.064453         0.81274         0.34998               
         A        310        LYS         0.99188         0.46512          1.3446          0.3243          1.7474         0.46835               
         A        311        ALA          0.3691        0.072363          0.2515               0         0.45922          0.2515               
         A        312        TYR         0.56643          0.2291         0.69027         0.17789         0.97014         0.25373               
         A        313        CYS          0.4721        0.064136         0.45618        0.046682         0.58768          0.4095               
         A        314        ASP         0.56349         0.08655          0.5945        0.088727         0.71129         0.42089               
         A        315        MET          0.9893         0.20799         0.91172         0.17793          1.3445         0.74961               
         A        316        GLU          1.7267         0.48065          2.0764          0.3651          2.6824          1.1443               
         A        317        ALA         0.92248          0.1075         0.77612               0          1.0687         0.77612               
         A        318        GLY          1.1299        0.018312               0               0          1.1443          1.0995               
         A        319        GLY          1.3058        0.089641               0               0          1.4087          1.1911               
         A        320        GLY         0.81484         0.12961               0               0          1.0038         0.65882               
         A        321        GLY         0.50069         0.15146               0               0         0.69073         0.31712               
         A        322        TRP         0.34361         0.10434         0.37609         0.10117         0.53568          0.1982               
         A        323        THR        0.062365        0.033519        0.072726        0.024685         0.10762       0.0062112               
         A        324        ILE         0.12308        0.063763         0.17935        0.038004          0.2232        0.041988               
         A        325        ILE       0.0002389      0.00063206               0               0       0.0019112               0               
         A        326        GLN        0.023067        0.025271        0.011324        0.010209        0.080402               0               
         A        327        ARG         0.34432         0.13007          0.4276        0.078727         0.50608         0.13625               
         A        328        ARG         0.21356         0.06215         0.18012        0.044983         0.32207         0.11642               
         A        329        GLU         0.71178         0.14787         0.79799        0.099536         0.93758         0.42956               
         A        330        ASP          1.1331         0.25324           1.321         0.20255          1.6441         0.74094               
         A        331        GLY         0.91869         0.14843               0               0          1.1185         0.76276               
         A        332        SER           1.373         0.15502          1.4914         0.12325          1.6147          1.1249               
         A        333        VAL         0.87246         0.11875          0.8601         0.10641          1.0211         0.70714               
         A        334        ASP         0.90472         0.20667           1.072         0.12951          1.2762         0.62435               
         A        335        PHE         0.31976        0.096759         0.26488        0.068725         0.50287         0.17029               
         A        336        GLN         0.79772         0.17755         0.89627         0.14052          1.0566           0.529               
         A        337        ARG         0.82535         0.21351         0.92984         0.20148          1.2328          0.5985               
         A        338        THR          1.0126          0.3143          1.3543         0.10531          1.4941         0.58768               
         A        339        TRP         0.67256         0.11019         0.66857          0.1223          0.8509         0.48384               
         A        340        LYS          1.5361         0.62167          2.0264          0.3878          2.5703         0.82213               
         A        341        GLU         0.99846          0.3255          1.2348         0.20892          1.4679         0.52569               
         A        342        TYR         0.24648        0.091915         0.20576        0.057047         0.47761         0.12535               
         A        343        LYS         0.70207          0.3208         0.93014         0.26032          1.3367         0.38181               
         A        344        VAL         0.70234         0.20279         0.92517        0.080669         0.99813         0.49647               
         A        345        GLY           0.528         0.11881               0               0         0.71129         0.39829               
         A        346        PHE         0.47276         0.10469         0.42992          0.1023         0.63568         0.30248               
         A        347        GLY         0.81307        0.024665               0               0          0.8509         0.78513               
         A        348        ASN           1.219         0.35464           1.543         0.18294          1.8134         0.77164               
         A        349        PRO         0.75207        0.074274         0.75785        0.083853         0.87558         0.68264               
         A        350        SER          1.2773         0.23713          1.6063        0.057917          1.6642          1.0626               
         A        351        GLY         0.85748         0.18562               0               0          1.0933         0.61688               
         A        352        GLU         0.61586        0.071232         0.60005        0.049409         0.74094         0.51582               
         A        353        TYR         0.30671        0.076192         0.30943        0.069594         0.44721         0.18607               
         A        354        TRP        0.081326        0.078648        0.041563        0.050935         0.21896               0               
         A        355        LEU         0.12531        0.050649         0.12013        0.052473         0.20849        0.070535               
         A        356        GLY         0.11851        0.018786               0               0         0.13994        0.098971               
         A        357        ASN          0.1515        0.044811         0.13163        0.044191         0.21475        0.064057               
         A        358        GLU         0.56071         0.19512         0.72096        0.093351         0.77612         0.27417               
         A        359        PHE         0.27623        0.072412         0.29323        0.081657         0.42089         0.18209               
         A        360        VAL        0.083555        0.057037        0.025474        0.019283         0.17419               0               
         A        361        SER         0.38302         0.11188         0.45673         0.08569         0.54242          0.1982               
         A        362        GLN         0.72927         0.24752         0.89478         0.21378          1.1313         0.42956               
         A        363        LEU         0.33133        0.098429         0.25417        0.069499         0.49647          0.1664               
         A        364        THR         0.37625         0.14326         0.25295        0.051739         0.62435          0.1801               
         A        365        ASN         0.87417         0.18141         0.84325        0.076112          1.2399           0.577               
         A        366        GLN          1.2492          0.2272          1.2801         0.23619          1.6948         0.93758               
         A        367        GLN         0.91545         0.10982         0.94048        0.088724          1.0809         0.69073               
         A        368        ARG          1.2711         0.33137          1.5014         0.15094          1.6948         0.77164               
         A        369        TYR         0.38475         0.11182          0.3197        0.054041         0.65104         0.23393               
         A        370        VAL         0.43205         0.15903         0.56786         0.11717         0.73237          0.1921               
         A        371        LEU         0.11588        0.097054        0.028468        0.033704         0.25821               0               
         A        372        LYS         0.33828         0.22973         0.50568         0.17405         0.76276        0.057657               
         A        373        ILE         0.12017        0.078355         0.05383        0.023764         0.26728        0.031293               
         A        374        HIS         0.40515         0.20058         0.45389         0.19507         0.79883         0.16255               
         A        375        LEU          0.3023         0.13196         0.20431        0.060033         0.56996         0.11642               
         A        376        LYS         0.68181          0.1705         0.81342        0.097844         0.95373         0.43247               
         A        377        ASP         0.87558         0.17581         0.99806         0.15392          1.1443         0.66275               
         A        378        TRP          1.0415          0.2722         0.94858         0.18761          1.7261         0.67462               
         A        379        GLU          1.8469         0.37165          1.6912         0.25962          2.5522          1.3289               
         A        380        GLY          2.1132         0.19277               0               0          2.4309          1.9184               
         A        381        ASN          1.7198         0.37948          1.9826          0.3064          2.4478          1.1378               
         A        382        GLU          1.3543         0.19566          1.4398          0.2061          1.8134          1.1121               
         A        383        ALA         0.68424         0.10815         0.74961               0         0.78967         0.51256               
         A        384        TYR          0.8126         0.28421         0.93402         0.27264          1.4253         0.49329               
         A        385        SER         0.39218        0.041753         0.40202        0.036307         0.44423         0.32207               
         A        386        LEU         0.58897         0.12005         0.65305         0.12395         0.85578         0.45619               
         A        387        TYR         0.37873         0.11146         0.31597        0.076022         0.57347         0.20849               
         A        388        GLU          1.1165         0.24781          1.3276        0.087519          1.4766         0.76276               
         A        389        HIS         0.87051         0.19601          1.0114        0.098441          1.1575         0.56996               
         A        390        PHE         0.18253         0.14861        0.081419        0.064398         0.47143               0               
         A        391        TYR         0.65647         0.29853         0.82696         0.21525          1.2258         0.30008               
         A        392        LEU         0.25156         0.14543         0.12676        0.052149         0.50932        0.085404               
         A        393        SER         0.72443         0.14189         0.89158        0.040679         0.93226         0.52238               
         A        394        SER          1.0881          0.2333          1.3994         0.13058            1.53         0.90607               
         A        395        GLU          1.0683         0.12246          1.1183         0.12624           1.306         0.91125               
         A        396        GLU          1.9897         0.39712          2.2873         0.25284          2.7214          1.3602               
         A        397        LEU          1.4529         0.41074          1.7769         0.29197          2.1399         0.88059               
         A        398        ASN         0.79532         0.20531         0.93295         0.12562          1.0566         0.44127               
         A        399        TYR          0.4432         0.10321          0.4697         0.08124         0.62435         0.22747               
         A        400        ARG         0.83788         0.38246           1.066         0.29305          1.4853            0.39               
         A        401        ILE          0.2362         0.13262         0.13276        0.064811         0.49013        0.034326               
         A        402        HIS         0.64958         0.19307         0.78015         0.12976         0.95917         0.36837               
         A        403        LEU         0.46588         0.22988         0.26865        0.093471         0.87059         0.17813               
         A        404        LYS          1.3055         0.39263          1.6062         0.25682          1.8825         0.78513               
         A        405        GLY          1.1942         0.13341               0               0          1.3445          1.0153               
         A        406        LEU         0.98263         0.25152         0.79581         0.11026          1.4853          0.6058               
         A        407        THR          1.1848         0.26684          1.3929         0.25687          1.7156         0.84121               
         A        408        GLY          1.2286         0.10131               0               0          1.3762          1.0995               
         A        409        THR          1.2626         0.23981           1.434         0.26453            1.78          1.0211               
         A        410        ALA         0.67581         0.10586         0.51582               0         0.83162         0.51582               
         A        411        GLY          1.0278         0.11502               0               0          1.1378         0.86069               
         A        412        LYS          2.3433         0.77237          2.8774         0.64677          3.9882          1.4853               
         A        413        ILE          1.5096         0.48341          1.8663         0.38168          2.3815         0.86069               
         A        414        SER         0.63185          0.1284          0.5144        0.087744         0.86069         0.42666               
         A        415        SER         0.33794        0.066765         0.33556         0.03548         0.43247         0.24927               
         A        416        ILE          0.2004         0.12656        0.094227        0.056557         0.42377        0.025279               
         A        417        SER         0.64393          0.1643         0.82238         0.14776         0.97014         0.43539               
         A        418        GLN          0.9624         0.18603         0.89051        0.058873          1.3923         0.75835               
         A        419        PRO          1.2861         0.26949          1.5618         0.10275          1.6441         0.94293               
         A        420        GLY         0.71513        0.091662               0               0         0.83162         0.60948               
         A        421        ASN         0.57227         0.12956         0.65415         0.12346         0.84604          0.3791               
         A        422        ASP         0.58198         0.21835         0.77053         0.12871          0.8907          0.3049               
         A        423        PHE         0.14361         0.10278        0.078379        0.056813         0.32706               0               
         A        424        SER         0.30692        0.095317         0.42586        0.030337         0.45619          0.1801               
         A        425        THR         0.47765        0.099625         0.45597        0.082992         0.62811         0.34998               
         A        426        LYS          1.0602         0.24152           1.156         0.19168          1.4422         0.62435               
         A        427        ASP          1.1883         0.16888          1.2271         0.18986           1.417         0.93226               
         A        428        GLY         0.78627          0.1084               0               0         0.91125          0.6206               
         A        429        ASP          1.2163          0.2318          1.3828         0.19333          1.7052         0.93758               
         A        430        ASN         0.77835        0.090747         0.77257         0.12722         0.97568         0.65882               
         A        431        ASP         0.94296         0.16525         0.90499         0.14702          1.2187         0.78967               
         A        432        LYS          1.5704         0.27224           1.555         0.14757          2.1682          1.1575               
         A        433        CYS          1.7702         0.26256          1.6316         0.13747           2.126          1.4422               
         A        434        ILE          3.6456         0.82983          4.4128         0.43304          5.0633          2.7018               
         A        435        CYS          1.9461         0.26479          1.8497         0.23509          2.3492          1.6147               
         A        436        LYS          1.5871          0.4304            1.87         0.33451          2.3176          1.0328               
         A        437        CYS         0.72825         0.11305         0.72188        0.086199          0.9217          0.5985               
         A        438        SER         0.52632        0.051578         0.47143               0         0.59127         0.47143               
         A        439        GLN          1.2666         0.33572          1.5061         0.25677          1.8944         0.79883               
         A        440        MET          1.2595         0.40506          1.5907         0.32197          1.9677         0.82686               
         A        441        LEU         0.48338        0.094694         0.46417        0.086832         0.66275         0.38726               
         A        442        THR         0.43289         0.13714          0.5288         0.12362          0.6948         0.22108               
         A        443        GLY         0.24489        0.046411               0               0         0.31959          0.1921               
         A        444        GLY        0.074384        0.053101               0               0         0.13994       0.0090985               
         A        445        TRP        0.016064        0.028591       0.0030367       0.0062514         0.10069               0               
         A        446        TRP        0.072421        0.082622        0.036409        0.049323         0.26047               0               
         A        447        PHE         0.30345        0.087453         0.26664        0.050512         0.48698         0.20024               
         A        448        ASP         0.86575         0.19564         0.99417         0.14623          1.1185         0.50608               
         A        449        ALA          1.1745         0.21683          1.5119               0          1.5119         0.90607               
         A        450        CYS         0.65721         0.12427         0.70287        0.082264         0.83162         0.46225               
         A        451        GLY         0.52495        0.052129               0               0         0.60948         0.46835               
         A        452        PRO         0.50829         0.14398         0.64073        0.064716         0.72811         0.30248               
         A        453        SER         0.12038        0.057792        0.082105       0.0066591         0.24265        0.075446               
         A        454        ASN        0.046879        0.042551        0.071941        0.044322         0.13809               0               
         A        455        LEU               0               0               0               0               0               0               
         A        456        ASN        0.036289        0.056203               0               0         0.15681               0               
         A        457        GLY         0.16617        0.049974               0               0         0.21475        0.093844               
         A        458        MET         0.55436         0.16914         0.70516        0.096402         0.86069         0.32706               
         A        459        TYR         0.60734         0.13155         0.59559         0.12069         0.84604         0.42089               
         A        460        TYR         0.89201         0.17286         0.94265         0.18493          1.1979         0.67462               
         A        461        PRO          1.4416         0.20135          1.6126         0.16514          1.7691          1.1313               
         A        462        GLN          2.0232         0.30233          2.2512         0.18154          2.5344          1.5483               
         A        463        ARG          3.2766         0.89626          3.8551         0.57808          4.7651          2.0848               
         A        464        GLN          2.0266         0.45128          2.3398         0.31334          2.8645          1.3136               
         A        465        ASN          1.0403         0.14893          1.0608         0.12321          1.2985         0.84604               
         A        466        THR          1.4935         0.18408          1.6207         0.15847          1.8361          1.2543               
         A        467        ASN          2.0127         0.45934          2.4441         0.17538          2.6824          1.4087               
         A        468        LYS          1.2749         0.38205          1.4915         0.35583          2.0057         0.71129               
         A        469        PHE          1.1323          0.2732          1.2918         0.16497          1.5858         0.60214               
         A        470        ASN         0.70415         0.20597         0.86774         0.12472          1.0506         0.41233               
         A        471        GLY         0.31507         0.10857               0               0         0.45319         0.18209               
         A        472        ILE          0.1382         0.04679          0.1246        0.051868          0.1982        0.054485               
         A        473        LYS           0.263         0.14683         0.37247         0.10351         0.53233        0.070535               
         A        474        TRP         0.18952        0.086966         0.16691        0.080778         0.34998        0.041988               
         A        475        TYR           1.082         0.50158          1.3272         0.42784           2.154         0.34998               
         A        476        TYR          1.1388         0.33026          1.2769         0.31115          1.7156         0.65104               
         A        477        TRP         0.71837         0.13529          0.7002         0.14602         0.93226         0.47143               
         A        478        LYS         0.73851         0.16951         0.71243         0.20731          1.0446         0.48072               
         A        479        GLY         0.87895          0.1241               0               0          1.0328         0.69889               
         A        480        SER          1.3348         0.22167          1.6441               0          1.6441          1.1058               
         A        481        GLY         0.85808        0.044719               0               0          0.9217         0.79883               
         A        482        TYR           0.685         0.14428         0.74038         0.12128         0.91125         0.40108               
         A        483        SER         0.44687        0.055787         0.44074        0.036866         0.53233         0.37371               
         A        484        LEU         0.27147        0.063336         0.22869        0.064018         0.33715         0.13625               
         A        485        LYS         0.75894         0.32968          1.0055         0.24127           1.291          0.4095               
         A        486        ALA         0.33296        0.077165         0.45319               0         0.45319         0.24927               
         A        487        THR        0.091426        0.051459        0.036989        0.011272         0.16834        0.028277               
         A        488        THR         0.13193        0.060933         0.19797        0.023322         0.22533        0.052907               
         A        489        MET       0.0016826       0.0044517               0               0        0.013461               0               
         A        490        MET          0.1072        0.091515         0.18111        0.072112         0.25373               0               
         A        491        ILE        0.045749        0.030179        0.027072          0.0175        0.092145       0.0076528               
         A        492        ARG         0.51661         0.22494         0.63698         0.18943         0.91646         0.17813               
         A        493        PRO         0.59402         0.10019         0.57908          0.1043         0.71966         0.46225               
         A        494        ALA          1.0535         0.17961          1.0566               0          1.2836         0.78513               
         A        495        ASP          1.6478         0.18533          1.7363         0.14113          1.8944           1.291               
         A        496        PHE          1.1186         0.20925         0.97697        0.050678            1.53         0.90092               
         A        497        GLY          2.1437         0.38256               0               0          2.6443          1.7156               
