pdb_id: 
analysis type: unbound
radii_file: F:\psiafrombintisolah\PSAIA-1.0\amac_data\chothia.radii
CX_sRadius: 15
CX_vAtom: 20.1

  chain id|    res id|  res name|     average CX|       s_avg CX|    s-ch avg CX|  s-ch s_avg CX|         max CX|         min CX|               
         A         21        HIS          2.6441          1.0171          3.3131         0.75946          4.4523          1.3923               
         A         22        THR          0.9297         0.14605         0.90077        0.098749          1.2328         0.78513               
         A         23        ARG         0.68275         0.22638         0.78596         0.21212          1.1775         0.36837               
         A         24        PRO         0.39062         0.11867         0.49936        0.051699         0.54242          0.2232               
         A         25        VAL        0.097556        0.049994        0.079582        0.045409         0.19009        0.019336               
         A         26        ILE        0.041003        0.054885        0.082006        0.051598         0.15302               0               
         A         27        LEU        0.013061        0.021979        0.020919        0.027594        0.067286               0               
         A         28        VAL        0.011165        0.014558        0.013644        0.018953        0.040446               0               
         A         29        PRO        0.066214        0.018328        0.072628        0.022159        0.097257        0.041988               
         A         30        GLY         0.10301        0.013307               0               0         0.11465        0.080402               
         A         31        CYS         0.17133       0.0087788         0.17127       0.0029257         0.18607         0.15681               
         A         32        LEU         0.20669        0.030627         0.23237        0.008159         0.24485         0.15681               
         A         33        GLY           0.156        0.012589               0               0         0.17616         0.14364               
         A         34        ASN         0.19808        0.032913         0.17202        0.017678         0.24706         0.14179               
         A         35        GLN         0.42714          0.1167          0.5218        0.063745         0.60214         0.28113               
         A         36        LEU         0.28246        0.063151         0.22566        0.020204         0.37371         0.20435               
         A         37        GLU         0.70061         0.20399         0.86063         0.12723          1.0446         0.45619               
         A         38        ALA         0.65415         0.14955         0.47761               0         0.88059         0.47761               
         A         39        LYS          1.5694         0.62814          2.0198         0.49759          2.7612         0.86563               
         A         40        LEU          1.0144          0.2621         0.79025         0.10754          1.4853         0.67065               
         A         41        ASP          1.8473         0.43105          2.2114         0.29137          2.4819          1.2615               
         A         42        LYS          1.2087          0.3485         0.93514         0.12912          1.8361         0.80808               
         A         43        PRO          2.2891          0.3931          2.2127         0.37085          2.9075          1.7261               
         A         44        ASP           2.206         0.45983          2.6097         0.16511          2.8645          1.4592               
         A         45        VAL          1.7143          0.1688          1.6174         0.15253          2.0186          1.4087               
         A         46        VAL          1.5607         0.33465           1.274         0.13099          2.2116          1.1058               
         A         47        ASN          1.9212         0.22181          1.8897         0.24153          2.2866          1.6441               
         A         48        TRP          3.4075          0.6308          3.7739         0.27098          4.2099          2.3176               
         A         49        MET          2.0717         0.45554          2.4122          0.3209          2.8434          1.4253               
         A         50        CYS          1.1911         0.10203           1.109       0.0031619          1.3602          1.1058               
         A         51        TYR          1.3124          0.2723          1.4275         0.26488          1.9064          1.0211               
         A         52        ARG          1.9776         0.56237          2.3198         0.41736          2.9737          1.3445               
         A         53        LYS          2.2539         0.65606          2.7375          0.4926          3.3959          1.5391               
         A         54        THR          1.6649         0.29601          1.3862         0.15377          2.0714          1.1911               
         A         55        GLU          3.3068         0.51882          3.7311          0.2227          3.9882          2.4647               
         A         56        ASP          2.7165         0.68975           3.284         0.40331          3.7204          1.6441               
         A         57        PHE          1.4863         0.23935          1.4373         0.25624          1.8247          1.1121               
         A         58        PHE         0.75305         0.15757         0.71399         0.14097          1.0211         0.51582               
         A         59        THR         0.60449        0.084422         0.64187        0.062365         0.71547         0.48384               
         A         60        ILE         0.30859        0.049999         0.28203        0.034019          0.4095         0.24485               
         A         61        TRP         0.33799        0.045922         0.33368         0.05001         0.41803         0.26728               
         A         62        LEU         0.62626         0.11699         0.67622        0.095963         0.80344         0.46225               
         A         63        ASP         0.87588         0.14988          0.9373         0.14135          1.1378         0.62435               
         A         64        LEU          1.5413          0.2025          1.6322         0.16254          1.8134          1.1443               
         A         65        ASN          1.7141         0.29267          1.9469         0.23825          2.2866          1.3602               
         A         66        MET         0.90021         0.21078         0.70911         0.10211          1.1443         0.59488               
         A         67        PHE          1.5326         0.35995          1.3753         0.24392          2.3021          1.0506               
         A         68        LEU          2.5294         0.44519          2.8513         0.34925          3.4515          1.8475               
         A         69        PRO          3.0239         0.54473          3.6133         0.17148          3.8506          2.3334               
         A         70        LEU          2.0292         0.45885          2.3934         0.25544          2.7018          1.2985               
         A         71        GLY          1.1412         0.24657               0               0          1.4507         0.80344               
         A         72        VAL         0.87932         0.13582         0.97047        0.065261          1.0506         0.63949               
         A         73        ASP         0.98826         0.25786          1.2254         0.10209          1.3136         0.60948               
         A         74        CYS         0.64709         0.18499         0.83755         0.15492         0.99247         0.42089               
         A         75        TRP         0.35166        0.045856         0.34433        0.033129         0.47143         0.29291               
         A         76        ILE         0.44138        0.071216         0.50567        0.042944           0.577         0.37371               
         A         77        ASP         0.63137         0.16932          0.7861        0.086333         0.86563         0.41803               
         A         78        ASN         0.37599        0.072357         0.42036         0.07958         0.53233         0.30733               
         A         79        THR           0.269        0.022858         0.25639         0.02302         0.30248         0.22962               
         A         80        ARG         0.58408         0.22085         0.70263         0.19449         0.99247         0.34998               
         A         81        VAL         0.40459        0.082388         0.33074        0.021021         0.53233         0.31466               
         A         82        VAL         0.83046         0.11253         0.92626        0.073765          1.0211         0.63188               
         A         83        TYR         0.85794         0.15045         0.77286        0.047375          1.1843         0.71966               
         A         84        ASN          2.0334         0.62934          2.5328          0.5326          3.3959          1.3682               
         A         85        ARG          1.7632         0.18418          1.7301         0.15613          2.0714          1.5391               
         A         86        SER          3.5155         0.59056          4.2332         0.34888          4.5821          2.7018               
         A         87        SER          2.4789         0.35781          2.6849        0.096464          2.8225          1.8944               
         A         88        GLY          1.2421         0.27844               0               0          1.6845         0.96464               
         A         89        LEU          1.3455         0.30627          1.5635         0.29468          2.0448          1.0446               
         A         90        VAL         0.71805         0.16399         0.53386        0.048913         0.88563         0.49013               
         A         91        SER         0.96555         0.21271          1.2373        0.046241          1.2836         0.67862               
         A         92        ASN         0.68521         0.12506         0.58774        0.065097         0.93226         0.48384               
         A         93        ALA         0.74659         0.10743         0.63568               0          0.8907         0.63568               
         A         94        PRO          1.2977         0.16142           1.398         0.17879          1.5858          1.1185               
         A         95        GLY          1.2988          0.1336               0               0          1.4422          1.1313               
         A         96        VAL         0.75069         0.12968         0.61912        0.059542         0.95917         0.53568               
         A         97        GLN          1.1868         0.44938          1.5331         0.29621          1.8361         0.64332               
         A         98        ILE         0.47125         0.10019         0.38197        0.033886         0.64332         0.33715               
         A         99        ARG          1.0253          0.5133          1.3275          0.4019          1.8475         0.43247               
         A        100        VAL         0.42142        0.094237         0.32538        0.033229         0.56298         0.29291               
         A        101        PRO         0.54492        0.078149         0.55842        0.074935         0.66275         0.41803               
         A        102        GLY         0.55984        0.056085               0               0         0.62811         0.47451               
         A        103        PHE         0.53934         0.12308         0.48108        0.084002         0.82686         0.35519               
         A        104        GLY         0.54042        0.028622               0               0         0.58054         0.49966               
         A        105        LYS         0.79392         0.35273          1.0668         0.22545          1.3682         0.33715               
         A        106        THR         0.44368        0.059998         0.46769        0.071727         0.56646         0.38181               
         A        107        TYR         0.69258          0.1155         0.77102        0.029856         0.82686         0.49013               
         A        108        SER         0.36575        0.049599           0.342          0.0371         0.43539          0.3049               
         A        109        VAL         0.23147        0.058179         0.16577       0.0036354          0.3049         0.16063               
         A        110        GLU         0.52721         0.10299         0.58274        0.082431         0.69073         0.35258               
         A        111        TYR          1.0032         0.35361          1.2105         0.24058          1.5954         0.54921               
         A        112        LEU         0.50455        0.091491         0.42763        0.058877         0.62811          0.3474               
         A        113        ASP          1.1391         0.18769          1.2752         0.15415          1.5209         0.85578               
         A        114        SER          1.4364         0.21248           1.346          0.1132          1.7691          1.1843               
         A        115        SER          2.1217         0.22698          2.1282        0.083418          2.5167          1.7582               
         A        116        LYS          1.7189         0.12517          1.7045         0.09829          1.9552          1.5483               
         A        117        LEU          2.2811         0.61298          2.8037         0.44374          3.3959          1.6441               
         A        118        ALA           1.076         0.16706          1.0933               0          1.3367          0.8364               
         A        119        GLY         0.92748         0.12893               0               0          1.1185         0.78967               
         A        120        TYR         0.33329         0.12344         0.26366        0.079248           0.577         0.16063               
         A        121        LEU         0.21293        0.095304         0.12531        0.038059         0.33461        0.065669               
         A        122        HIS         0.86845         0.31229          1.0802         0.21516          1.3523         0.42666               
         A        123        THR          0.7515         0.13478         0.88829        0.089008         0.95917         0.60948               
         A        124        LEU         0.27901         0.12493         0.16193        0.045051         0.45922        0.093844               
         A        125        VAL         0.41248        0.093347         0.37884        0.090711         0.55263           0.265               
         A        126        GLN          1.1383         0.31687           1.368         0.21522          1.6743         0.62811               
         A        127        ASN          0.7952          0.1194         0.77652         0.15344          1.0211          0.5985               
         A        128        LEU         0.48713         0.20085         0.30428        0.069615         0.80808          0.2232               
         A        129        VAL          1.1445         0.24126          1.1585         0.19007          1.4941         0.74526               
         A        130        ASN          1.7107         0.19093          1.8231        0.060529          1.9064           1.291               
         A        131        ASN          1.2758        0.085533           1.211         0.07761          1.3602          1.1249               
         A        132        GLY          1.3284         0.11046               0               0          1.4592          1.1843               
         A        133        TYR         0.67475         0.24834         0.51448        0.098956          1.1509         0.38453               
         A        134        VAL          1.1484         0.28857           1.451         0.11987          1.5576         0.76276               
         A        135        ARG         0.99177         0.10233          1.0161         0.11122          1.2615         0.87059               
         A        136        ASP         0.91925         0.13802          1.0223        0.090167          1.1378         0.72811               
         A        137        GLU           1.186         0.46305          1.5389         0.31641          2.0186         0.63949               
         A        138        THR         0.61301         0.17299         0.76717        0.050662         0.82686         0.32957               
         A        139        VAL         0.32348        0.070681         0.29444        0.084183         0.40108          0.1921               
         A        140        ARG         0.48022          0.2898         0.65123         0.22292         0.95373        0.093844               
         A        141        ALA         0.15658        0.044226         0.11112               0         0.21896         0.11112               
         A        142        ALA         0.09528       0.0090066        0.087081               0         0.10762        0.085404               
         A        143        PRO         0.18916        0.024718         0.20676        0.020285         0.23177         0.15491               
         A        144        TYR         0.12738        0.030674         0.11288        0.027319         0.17224        0.077093               
         A        145        ASP         0.19219        0.036641          0.2218        0.029757         0.26728         0.15681               
         A        146        TRP         0.15554        0.015932         0.16117        0.013663         0.18209         0.12176               
         A        147        ARG          0.2155        0.055607         0.24465        0.050127         0.31466         0.15872               
         A        148        LEU         0.24483        0.040971         0.28133          0.0159          0.3049         0.18607               
         A        149        GLU         0.28528        0.036603         0.27733        0.033123         0.35258         0.23177               
         A        150        PRO         0.37979          0.1277         0.28191        0.031936         0.61688         0.25821               
         A        151        GLY         0.69596         0.11202               0               0         0.86563         0.55263               
         A        152        GLN         0.66767        0.062247         0.71249        0.045026         0.77612         0.58054               
         A        153        GLN         0.45186          0.1425         0.33453        0.056872         0.67065         0.24927               
         A        154        GLU          1.1887         0.18962          1.3298         0.11469          1.5391         0.87059               
         A        155        GLU          1.2275         0.23395          1.3946         0.16042          1.6642          0.8958               
         A        156        TYR         0.34367         0.17547         0.23923         0.10059         0.68264        0.087081               
         A        157        TYR         0.48502         0.11428         0.44572         0.12015         0.61688         0.28582               
         A        158        ARG          1.5591         0.60596          1.9508         0.39127          2.4478         0.82213               
         A        159        LYS         0.76065         0.14105         0.83951         0.12201          1.0269         0.55607               
         A        160        LEU         0.24859         0.10457         0.15901        0.051189         0.43539         0.11112               
         A        161        ALA         0.51569        0.060574           0.577               0           0.577         0.42089               
         A        162        GLY         0.74487        0.055607               0               0         0.81274         0.67862               
         A        163        LEU         0.45676        0.093246         0.38967         0.07858         0.58768         0.28113               
         A        164        VAL         0.41447         0.12015         0.31089        0.067701          0.5985         0.22108               
         A        165        GLU          1.0417         0.16231          1.1201        0.079211          1.2543         0.68264               
         A        166        GLU          1.1362         0.10864          1.1943        0.082988          1.3213         0.97568               
         A        167        MET         0.67495         0.19434         0.50377         0.11069         0.94293         0.38453               
         A        168        HIS          1.2515         0.22165          1.2896         0.19815          1.5858         0.88059               
         A        169        ALA          1.8934         0.30396          1.9677               0          2.3815          1.4337               
         A        170        ALA          1.7047         0.14756           1.503               0          1.9552           1.503               
         A        171        TYR          1.2767         0.21995          1.1498         0.15355          1.5763         0.91646               
         A        172        GLY          1.6579         0.10081               0               0          1.7691          1.5483               
         A        173        LYS          1.1638          0.2519          1.3004         0.22007          1.5576         0.80344               
         A        174        PRO         0.65404          0.1602         0.74374         0.14253         0.93226         0.45619               
         A        175        VAL          0.2602        0.089169         0.26553        0.092121         0.38726         0.16447               
         A        176        PHE         0.16307          0.1202         0.22897        0.094547          0.3578               0               
         A        177        LEU        0.010262        0.014484        0.020523        0.014456        0.040446               0               
         A        178        ILE       0.0020487       0.0054204       0.0040974       0.0070969         0.01639               0               
         A        179        GLY               0               0               0               0               0               0               
         A        180        HIS         0.10445        0.055253         0.14078         0.04062          0.1921        0.029783               
         A        181        SER        0.071263        0.028086         0.10937               0         0.10937        0.037377               
         A        182        LEU        0.090112        0.027995          0.1157        0.013851         0.13442        0.054485               
         A        183        GLY        0.047552        0.023401               0               0        0.073804        0.019336               
         A        184        CYS        0.029787         0.01871       0.0074615       0.0074615        0.057657               0               
         A        185        LEU        0.073963        0.032655         0.06844        0.019323         0.13625        0.026776               
         A        186        HIS         0.12561        0.030216         0.14471        0.022486         0.18209        0.082064               
         A        187        LEU        0.033268        0.028473       0.0074879        0.009104        0.078745               0               
         A        188        LEU         0.14891        0.050109          0.1677        0.030344         0.21266         0.06245               
         A        189        TYR         0.46558         0.17316         0.54364         0.15001         0.80808         0.18607               
         A        190        PHE         0.25689        0.067659         0.23286        0.057391         0.39552         0.16255               
         A        191        LEU         0.24184         0.13282         0.13566        0.037534         0.48698        0.090452               
         A        192        LEU         0.58924         0.16142         0.51217        0.055401         0.93758         0.42377               
         A        193        ARG         0.99292         0.18215          1.0431         0.17431          1.2985         0.71129               
         A        194        GLN         0.78862         0.15496         0.67935        0.071296          1.0446         0.55263               
         A        195        PRO          1.4531         0.25361          1.6573         0.22294          1.8475          1.1121               
         A        196        GLN          1.4616         0.20649          1.4226          0.2514          1.8022          1.1058               
         A        197        ALA           1.936         0.38214          2.6069               0          2.6069          1.4766               
         A        198        TRP         0.87509         0.30419         0.77159         0.26253          1.4679         0.41803               
         A        199        LYS         0.68461        0.099738         0.63341        0.085032         0.86563         0.50287               
         A        200        ASP          1.3319         0.30375          1.5654         0.26708          1.9929         0.98684               
         A        201        ARG          1.7707         0.59307          2.1438         0.40601          2.6255          1.0153               
         A        202        PHE         0.93144         0.30862          1.1043         0.22938          1.4087         0.45019               
         A        203        ILE         0.31647        0.090436         0.24166        0.038489         0.45922         0.19413               
         A        204        ASP         0.38949         0.10976         0.47235        0.094114           0.577         0.27187               
         A        205        GLY         0.11811        0.053282               0               0         0.17419        0.043534               
         A        206        PHE        0.025285        0.022981        0.014531        0.013095        0.073804               0               
         A        207        ILE        0.050291        0.046824        0.089428        0.034536         0.13809               0               
         A        208        SER        0.020147        0.022442        0.031792        0.022693        0.054485               0               
         A        209        LEU        0.048822        0.020922        0.057354        0.010016        0.070535       0.0019112               
         A        210        GLY        0.078503        0.013595               0               0        0.095548        0.060847               
         A        211        ALA        0.059832        0.016717        0.035849               0        0.083731        0.035849               
         A        212        PRO         0.06501        0.023119        0.054012       0.0075233         0.10937        0.041988               
         A        213        TRP         0.12666        0.036825         0.11551        0.027621         0.20024        0.073804               
         A        214        GLY         0.19601        0.020818               0               0         0.22533         0.17029               
         A        215        GLY         0.10823        0.013726               0               0         0.12896        0.092145               
         A        216        SER         0.12492        0.013857         0.13633       0.0091787         0.14551         0.10069               
         A        217        ILE         0.19208        0.061959         0.24855        0.022051         0.28347        0.090452               
         A        218        LYS             0.3         0.16667         0.40907         0.15196         0.65104         0.14179               
         A        219        PRO         0.12117        0.014321          0.1089        0.010943         0.13994        0.097257               
         A        220        MET        0.088249        0.024247        0.080555        0.024955         0.12535        0.056069               
         A        221        LEU         0.31607         0.10408         0.38706        0.072227         0.47143         0.13442               
         A        222        VAL         0.36829        0.044649         0.36227        0.011015         0.45619         0.29291               
         A        223        LEU         0.28654        0.060578          0.2353        0.018618         0.40668         0.20642               
         A        224        ALA         0.34135        0.097124         0.26047               0         0.49966         0.25597               
         A        225        SER         0.67752        0.086856         0.70952        0.022849         0.74094         0.49013               
         A        226        GLY         0.86158         0.11463               0               0          1.0153         0.71966               
         A        227        ASP          1.4286         0.17463          1.5672         0.11199          1.7156          1.1249               
         A        228        ASN           1.871         0.28714          2.1171         0.18955          2.3492          1.5483               
         A        229        GLN          0.8793         0.16623         0.82896        0.095811          1.2471          0.6948               
         A        230        GLY         0.68098         0.11024               0               0         0.82686          0.5191               
         A        231        ILE         0.77961         0.15839         0.89712         0.14275          1.1249         0.59488               
         A        232        PRO         0.54345         0.13033         0.61931         0.10763         0.73237         0.34482               
         A        233        ILE          0.3183        0.053325         0.28237        0.028985         0.42956         0.24265               
         A        234        MET          0.4106          0.1027         0.33021        0.057526          0.5841         0.24927               
         A        235        SER         0.69629        0.068516         0.71763        0.010486         0.79424         0.56646               
         A        243        GLN          1.4832         0.24629          1.4474         0.18996          2.0186          1.1313               
         A        244        ARG         0.69222          0.1035           0.642        0.058346         0.93758         0.59488               
         A        245        ILE         0.58776        0.087887         0.65107        0.040533         0.69889         0.44721               
         A        246        THR         0.28736         0.05373         0.23262        0.012668         0.38181         0.21475               
         A        247        THR         0.22099        0.025003         0.22647        0.022867         0.25597         0.18408               
         A        248        THR         0.13433        0.021883          0.1192        0.021404         0.16447        0.090452               
         A        249        SER         0.11245        0.028826         0.15023       0.0065835         0.15681        0.073804               
         A        250        PRO         0.11977        0.030583         0.14255        0.029503         0.17813        0.085404               
         A        251        TRP         0.13338        0.017348         0.13755        0.014747          0.1664        0.095548               
         A        252        MET        0.072989        0.014964        0.075654        0.015011        0.097257        0.052907               
         A        253        PHE        0.079249        0.026713        0.075433        0.015386         0.13625        0.037377               
         A        254        PRO         0.16087        0.053596         0.12679        0.031016         0.25373        0.093844               
         A        255        SER         0.39246        0.071559         0.40749         0.03378          0.4653         0.26047               
         A        256        ARG            1.02         0.27774          1.1824         0.20251          1.5391         0.58054               
         A        257        MET         0.80451        0.092381         0.86217         0.08752          1.0095         0.69073               
         A        258        ALA         0.58304          0.1118         0.39552               0         0.74094         0.39552               
         A        259        TRP         0.47609         0.17099         0.38619         0.10304         0.79883         0.22962               
         A        260        PRO          1.3427         0.24671          1.5351         0.23612          1.7691          1.0687               
         A        261        GLU          1.2254         0.14542          1.2272          0.1736          1.5483          1.0328               
         A        262        ASP          2.0052         0.63554          2.5673         0.40417           3.237          1.2985               
         A        263        HIS         0.76071         0.17177         0.68228        0.097566          1.1509         0.55263               
         A        264        VAL         0.71029         0.17519         0.86443         0.12959          1.0446         0.49329               
         A        265        PHE         0.29244        0.037302         0.28179        0.029039         0.38453         0.23393               
         A        266        ILE         0.33531          0.1086         0.25338        0.072428         0.49966         0.17813               
         A        267        SER         0.79034          0.1525         0.92452          0.1024          1.0269         0.52238               
         A        268        THR          1.0298         0.20611         0.88825         0.10419          1.3367         0.74094               
         A        269        PRO          1.9459         0.26054          1.9511         0.26382          2.2714          1.5483               
         A        270        SER          1.9167        0.083179          1.8945        0.011911          2.0848          1.8361               
         A        271        PHE          1.2782         0.22307          1.3242          0.2228          1.6541          0.9217               
         A        272        ASN           1.143         0.23765          1.3037         0.21274          1.6541         0.82213               
         A        273        TYR         0.52233         0.07904         0.51684        0.088956         0.69073         0.40108               
         A        274        THR         0.71856         0.18889         0.92987        0.046782         0.97568         0.49329               
         A        275        GLY         0.64269         0.06072               0               0         0.70714         0.57347               
         A        276        ARG           1.478         0.44599          1.7783         0.24501          2.0714         0.83162               
         A        277        ASP         0.81867         0.24577           1.017         0.17904          1.2688         0.50287               
         A        278        PHE         0.33871        0.077001         0.28975        0.040049         0.49013         0.22962               
         A        279        GLN          1.0581         0.34797          1.3304         0.21595          1.5954          0.5985               
         A        280        ARG          1.1068         0.36163          1.3184         0.28179          1.7582         0.64332               
         A        281        PHE          0.2529         0.12518         0.17109        0.063692         0.49966         0.10588               
         A        282        PHE         0.36628         0.11587           0.299        0.067316         0.56996         0.21896               
         A        283        ALA         0.89441         0.12353          1.1121               0          1.1121         0.73665               
         A        284        ASP         0.83241         0.10181         0.89894         0.10157         0.99813         0.69889               
         A        285        LEU         0.47257         0.15293         0.33386        0.062909         0.67462         0.23828               
         A        286        HIS          1.2518         0.36004          1.5162         0.18907          1.7261         0.78061               
         A        287        PHE         0.44621          0.1348         0.35792        0.065413         0.69889         0.27417               
         A        288        GLU          1.2132         0.44349          1.5556         0.29739          1.8591         0.73665               
         A        289        GLU         0.80907         0.20488         0.95055         0.15462          1.1313         0.53568               
         A        290        GLY         0.38869        0.045306               0               0          0.4653          0.3474               
         A        291        TRP         0.77681         0.19848         0.87239         0.14785          1.1058         0.45922               
         A        292        TYR          1.1581         0.39993          1.3776         0.30669          1.8944         0.66275               
         A        293        MET         0.41969        0.070496          0.3632        0.032486         0.55263         0.30733               
         A        294        TRP         0.39822        0.082632         0.38462        0.083529         0.52238         0.28113               
         A        295        LEU          0.9371         0.17558          1.0796         0.10216          1.2471         0.63568               
         A        296        GLN         0.84755        0.086613         0.89764        0.039578         0.96464         0.68667               
         A        297        SER         0.43759         0.10235         0.30463        0.035064         0.57347         0.26957               
         A        298        ARG         0.85031         0.31949          1.0175         0.28382          1.3682         0.47143               
         A        299        ASP           1.128         0.27052          1.3391         0.22121          1.6948         0.78513               
         A        300        LEU         0.58595         0.11394         0.48199        0.063471         0.71129          0.3764               
         A        301        LEU         0.48091         0.14558         0.34555        0.072399         0.64717         0.24046               
         A        302        ALA          1.0371         0.15884          1.2258               0          1.2258         0.80808               
         A        303        GLY          1.1103        0.097171               0               0          1.2328         0.97568               
         A        304        LEU         0.53438         0.18452         0.36226        0.066915         0.81742         0.29768               
         A        305        PRO         0.75246         0.13585         0.85632        0.084677         0.97014         0.50287               
         A        306        ALA          0.6804        0.075013         0.77164               0         0.77164         0.56646               
         A        307        PRO         0.36193         0.08666         0.27927        0.051346          0.4653         0.22962               
         A        308        GLY         0.62602        0.075545               0               0         0.72388         0.51582               
         A        309        VAL         0.35482        0.087682         0.27464         0.06608         0.48384         0.18209               
         A        310        GLU         0.50902         0.20422         0.66535         0.12164          0.8509         0.20849               
         A        311        VAL          0.2548        0.055639         0.22179       0.0026493         0.37371         0.20229               
         A        312        TYR         0.34728         0.16783         0.43642         0.13115         0.63568        0.097257               
         A        313        CYS          0.1915        0.030002         0.18909       0.0030154          0.2515         0.15113               
         A        314        LEU         0.17205        0.034922         0.19489        0.030169         0.23828         0.11997               
         A        315        TYR         0.40398         0.13065          0.4419         0.13422         0.70714         0.24706               
         A        316        GLY         0.50862        0.069493               0               0           0.577         0.39276               
         A        317        VAL         0.93884         0.15618         0.94523         0.13535          1.1443         0.72388               
         A        318        GLY          1.5088         0.21794               0               0          1.8134          1.2048               
         A        319        LEU          1.2514         0.18062          1.3189         0.21506          1.6743          1.0328               
         A        320        PRO          1.3982         0.27741          1.6848         0.13826          1.8591          1.0626               
         A        321        THR         0.66004         0.11065          0.5609        0.062485         0.86069         0.47761               
         A        322        PRO         0.56103        0.067164         0.59196        0.032952         0.62435         0.43247               
         A        323        ARG          0.9156         0.44743          1.1624         0.38106          1.7052         0.40388               
         A        324        THR         0.56618        0.064394         0.61197       0.0075828         0.63949         0.45619               
         A        325        TYR         0.46285         0.08339         0.43211        0.078306         0.59127         0.31466               
         A        326        ILE          1.0825         0.19071            1.24         0.10964          1.3602         0.76276               
         A        327        TYR         0.81444         0.31071         0.63327         0.14172          1.4422         0.45019               
         A        328        ASP          1.9414         0.28912          2.1823         0.14747          2.3653            1.53               
         A        329        HIS          3.0421         0.74442          3.6134         0.30756          3.9531          2.0057               
         A        330        GLY           1.703         0.26719               0               0          2.0448          1.4253               
         A        331        PHE          0.8122         0.28238         0.62387         0.15122          1.2688         0.44127               
         A        332        PRO         0.82978         0.08719         0.78198         0.10343          0.9217         0.67462               
         A        333        TYR          1.5429         0.16668          1.6207        0.055699          1.7474          1.1185               
         A        334        THR          1.5563         0.30124          1.7938         0.26568          2.1399          1.0995               
         A        335        ASP          1.4691          0.1556          1.5197         0.15747          1.7261          1.2399               
         A        336        PRO          1.0521         0.19201         0.88341        0.046582          1.4337         0.84121               
         A        337        VAL          1.8191         0.26052          1.9073        0.052466           2.197          1.2762               
         A        338        GLY          1.2758         0.18832               0               0          1.4679          1.0038               
         A        339        VAL          1.1811         0.19697          1.0119        0.068342          1.5483          0.9217               
         A        340        LEU          1.2905         0.28331          1.5055         0.23994          1.8708         0.91125               
         A        341        TYR          1.3432         0.15797          1.3834          0.1697          1.5954          1.1185               
         A        342        GLU         0.82016         0.16681         0.69704         0.11896          1.0269         0.55263               
         A        343        ASP         0.97758         0.18112          1.1134        0.078758          1.2471         0.63188               
         A        344        GLY         0.67955        0.070137               0               0         0.75397         0.60948               
         A        345        ASP         0.49936         0.12748         0.38269        0.047015         0.68264         0.33209               
         A        346        ASP         0.77342          0.1239          0.8718        0.094655         0.97568         0.62435               
         A        347        THR         0.37981        0.080065         0.38825         0.08825         0.50287         0.28817               
         A        348        VAL         0.23342        0.056414         0.17427       0.0097921          0.3122          0.1664               
         A        349        ALA         0.34784        0.044558          0.4095               0          0.4095         0.28582               
         A        350        THR         0.55846         0.10002          0.6721        0.014653         0.69073         0.44423               
         A        351        ARG         0.65941         0.17553         0.75502         0.14923          1.0269         0.43539               
         A        352        SER         0.23953        0.058879         0.18435        0.017945         0.34998          0.1664               
         A        353        THR         0.22058        0.022231         0.21489        0.031925         0.25597         0.17813               
         A        354        GLU         0.65785         0.23149         0.82475         0.16514         0.98684         0.31466               
         A        355        LEU         0.47695        0.085811         0.46607         0.10388         0.64332         0.38726               
         A        356        CYS         0.41662         0.12135         0.29411       0.0035716          0.6206         0.29054               
         A        357        GLY         0.87054         0.20262               0               0          1.1509         0.59488               
         A        358        LEU          1.1217         0.19601          1.1558         0.20066          1.4592         0.86069               
         A        359        TRP         0.60881          0.3123         0.44044         0.16323          1.2543         0.21896               
         A        360        GLN           1.497         0.26768          1.3755        0.078969           2.058          1.1775               
         A        361        GLY          2.5319         0.32863               0               0          2.9075          2.0057               
         A        362        ARG          2.1616         0.45641          2.3605         0.44276          3.2627          1.5669               
         A        363        GLN          1.1372         0.42292         0.78893         0.20642          1.6845          0.5841               
         A        364        PRO          1.7597         0.13063          1.8288         0.14761          1.9677          1.6147               
         A        365        GLN         0.97198         0.11642         0.91056        0.093491          1.2118         0.78513               
         A        366        PRO          1.0033         0.19095          1.1423        0.020295          1.1708         0.61688               
         A        367        VAL         0.75999         0.10981         0.69549        0.058318         0.95917         0.61317               
         A        368        HIS         0.71578         0.19556         0.83741         0.14992          1.0687         0.40668               
         A        369        LEU         0.66844        0.073619         0.68011        0.063975         0.78513         0.56298               
         A        370        LEU         0.52911        0.082683         0.56874        0.089872         0.71966         0.40388               
         A        371        PRO         0.79838         0.13672          0.9246        0.095875          1.0566         0.64332               
         A        372        LEU         0.61462         0.16227         0.48001         0.07579         0.87059         0.37104               
         A        373        HIS           1.559         0.29333          1.7688          0.1561          2.0057          1.0748               
         A        374        GLY           1.296        0.052885               0               0          1.3523          1.2187               
         A        375        ILE         0.89561         0.14382         0.87767          0.1549          1.1313         0.71547               
         A        376        GLN           1.275         0.45274           1.619         0.29989          1.9306         0.70301               
         A        377        HIS         0.38338         0.13023         0.29959        0.082357         0.63188          0.1982               
         A        378        LEU         0.78953         0.10351         0.81122         0.12438         0.93226         0.61688               
         A        379        ASN          1.1367         0.37186          1.4704         0.21548          1.7261         0.69073               
         A        380        MET          0.3664         0.10385         0.27498         0.04973           0.529         0.20024               
         A        381        VAL         0.34653        0.082772         0.27799        0.076651         0.44423         0.18607               
         A        382        PHE         0.81832        0.099354          0.8342        0.047468          1.0038          0.5985               
         A        383        SER         0.88255        0.072306         0.89894        0.033315         0.98684         0.77612               
         A        384        ASN          1.5451         0.42067          1.9312         0.22069          2.2866          1.0566               
         A        385        LEU          1.0939         0.18329          1.2259        0.092519          1.3842         0.78967               
         A        386        THR         0.47413         0.11132         0.41342        0.096031         0.67862         0.28347               
         A        387        LEU         0.60412        0.098906         0.62935         0.12925         0.79424         0.43247               
         A        388        GLU          1.3021         0.45462           1.665         0.26835          1.9677         0.78513               
         A        389        HIS         0.73753         0.19274         0.83688         0.18024          1.0995         0.49647               
         A        390        ILE         0.28867         0.11036         0.18578        0.044778         0.42666         0.12176               
         A        391        ASN         0.69498         0.11336         0.75021        0.092165         0.86563         0.48698               
         A        392        ALA         0.90853        0.092818          1.0387               0          1.0387         0.78967               
         A        393        ILE         0.53404         0.10055          0.4405        0.045378         0.66275          0.3764               
         A        394        LEU          0.4669         0.17468         0.31662        0.088761         0.72388         0.23393               
         A        395        LEU            1.27         0.24047          1.4545         0.16311          1.7261         0.84604               
         A        396        GLY          1.4804         0.22007               0               0          1.8022          1.2328               
         A        397        ALA          1.8014         0.34197            1.53               0          2.3978          1.4253               
         A        398        TYR          1.3881         0.30805           1.183         0.10103          1.9429          1.0506               
         A        399        ARG          1.8333         0.98881          1.1494         0.39903          3.7846         0.65104               
