pdb_id: 
analysis type: unbound
radii_file: F:\psiafrombintisolah\PSAIA-1.0\amac_data\chothia.radii
CX_sRadius: 15
CX_vAtom: 20.1

  chain id|    res id|  res name|     average CX|       s_avg CX|    s-ch avg CX|  s-ch s_avg CX|         max CX|         min CX|               
         A        229        ARG          2.7158         0.49082           2.854         0.46558          3.7846          1.9184               
         A        230        PRO          1.9889         0.41641          2.3423         0.21334          2.5344           1.417               
         A        231        PHE         0.70974         0.26564         0.54096         0.16094          1.1843         0.34226               
         A        232        THR         0.82888         0.23507          1.0675          0.1376          1.2543         0.54581               
         A        233        LEU         0.37018         0.17028         0.21431        0.050885         0.63949         0.13625               
         A        234        PRO         0.59257         0.10768          0.5341         0.10569         0.72811         0.40388               
         A        235        ASN          1.2961         0.26553          1.4641         0.22863          1.8361         0.94293               
         A        236        LEU          1.0618         0.26263          1.2427         0.21264          1.5954         0.62435               
         A        237        PRO           1.023         0.24586          1.2767         0.13115          1.3923         0.69889               
         A        238        LEU         0.45655         0.14464         0.32069        0.056005         0.63568           0.265               
         A        239        SER          1.0224         0.15863          1.1529        0.065838          1.2187         0.78061               
         A        240        SER          1.1866         0.12355           1.331        0.069467          1.4005          1.0328               
         A        241        LEU         0.67847         0.11241         0.60647         0.10696         0.84121          0.4653               
         A        242        SER         0.46519          0.1025         0.53802        0.031937         0.56996          0.3049               
         A        243        ASN         0.23704        0.064374         0.19364        0.049191          0.3474         0.12176               
         A        244        SER         0.10835        0.032897        0.071431        0.030985         0.13625        0.040446               
         A        245        ARG        0.062007        0.032437        0.048623        0.033845        0.098971      0.00048597               
         A        246        ALA         0.22542        0.065502         0.19009               0         0.30248         0.13625               
         A        247        PRO         0.53214         0.11071         0.50834        0.090304         0.72811         0.39276               
         A        248        LEU         0.55724        0.080447         0.52472        0.086604         0.67065         0.41803               
         A        249        PRO          0.9703         0.18201          1.1679        0.057219          1.2118         0.74526               
         A        250        ILE         0.57505         0.18388         0.41378        0.070139          0.8907         0.30733               
         A        251        SER          0.9165         0.10744         0.98175        0.080831          1.0626         0.73665               
         A        252        SER         0.62018         0.13638            0.75        0.026119         0.77612         0.42089               
         A        253        MET         0.33976         0.10795         0.24664        0.047124         0.52238          0.1801               
         A        254        GLY         0.34667        0.057667               0               0         0.41803           0.265               
         A        255        ILE          0.5921         0.13826         0.66308          0.1541         0.88059         0.45619               
         A        256        SER         0.71379         0.11851         0.66827        0.051392          0.8958         0.56298               
         A        257        PRO           1.204         0.18413          1.2004         0.22312          1.4679          0.9217               
         A        258        ASP          2.3421         0.39477          2.5742         0.39729          3.1373          1.8247               
         A        259        ASN           2.592         0.37788          2.7776         0.37998          3.1618          2.1121               
         A        260        VAL          1.2238          0.2259          1.0246         0.12056          1.6147         0.86563               
         A        261        GLN          2.1436         0.81055          2.7711         0.52558          3.4799          1.1641               
         A        262        SER         0.96584         0.13558          1.1047        0.066068          1.1708         0.76276               
         A        263        VAL         0.46435        0.079295         0.38822        0.036129          0.6058         0.33715               
         A        264        GLN         0.58498         0.22583         0.75654         0.14995         0.94831          0.3049               
         A        265        PHE         0.17116        0.043046         0.15068        0.036743         0.24927         0.10762               
         A        266        GLN         0.24031        0.088689         0.30361        0.071211         0.37371         0.14551               
         A        267        ASN         0.08562        0.015501        0.093311        0.018727         0.12355        0.072167               
         A        268        GLY        0.075143        0.010713               0               0        0.085404        0.057657               
         A        269        ARG         0.24622        0.087813         0.27257        0.094321          0.4653         0.13442               
         A        270        CYS         0.31142        0.071091         0.38737        0.062814         0.45019         0.23393               
         A        271        THR         0.54413         0.10567         0.66015        0.046641         0.71129         0.43833               
         A        272        LEU         0.41416         0.13913          0.3088        0.077178         0.63568         0.20642               
         A        273        ASP          1.0638         0.17418          1.1739         0.10157          1.3136         0.72811               
         A        274        GLY          0.8991        0.079657               0               0          1.0153         0.80808               
         A        275        ARG          1.1161         0.26348          1.2972          0.1074          1.4766         0.63568               
         A        276        LEU         0.64945        0.067666         0.63554        0.053414         0.74961         0.56298               
         A        277        VAL         0.48812         0.10054         0.57537        0.054724         0.64332         0.30976               
         A        278        GLY         0.37365        0.029002               0               0         0.41803         0.33715               
         A        279        THR         0.18839        0.037163         0.16163        0.034163         0.24265         0.12355               
         A        280        THR         0.27428            0.06         0.24096          0.0247          0.3764         0.20642               
         A        281        PRO         0.43352        0.074693         0.39582        0.074743         0.53904         0.30733               
         A        282        VAL         0.88647         0.17061           1.074        0.051275          1.1249         0.66275               
         A        283        SER         0.90696         0.18257          1.1391        0.052014          1.1911         0.66669               
         A        284        LEU         0.69099        0.092431         0.67244           0.111         0.78513         0.49647               
         A        285        SER          1.0504         0.21604          1.3451        0.039085          1.3842         0.83162               
         A        286        HIS         0.75208         0.25377         0.90776         0.18618          1.1509         0.36571               
         A        287        VAL         0.31625        0.059864         0.30628        0.042177         0.43539         0.24485               
         A        288        ALA         0.14553        0.021434         0.12535               0         0.17813         0.11997               
         A        289        LYS         0.39373         0.25838         0.57715         0.20875         0.91646         0.12355               
         A        290        ILE         0.16186        0.072206         0.10998        0.033752          0.3049        0.056069               
         A        291        ARG         0.80951         0.45211          1.0632         0.37797          1.5763         0.28113               
         A        292        GLY         0.54838        0.072528               0               0          0.6206         0.45319               
         A        293        THR          1.0336         0.23536          1.2875        0.095152           1.417         0.71547               
         A        294        SER          1.2116         0.23423          1.1141          0.1046          1.5858         0.93226               
         A        295        ASN          2.3329          0.3345          2.3921         0.18638          2.8225          1.6441               
         A        296        GLY          2.0875        0.090978               0               0           2.197          1.9552               
         A        297        THR          2.0799         0.51364          2.5752         0.33177          3.0422          1.4087               
         A        298        VAL          1.2324         0.16121          1.3089         0.11083          1.4422         0.97568               
         A        299        ILE         0.53948        0.090176         0.47879        0.041982         0.72811         0.42956               
         A        300        ASN         0.91586         0.24656          1.1412         0.13653          1.3682         0.64717               
         A        301        LEU         0.40821         0.18825         0.23976        0.057434         0.73665         0.18408               
         A        302        THR         0.71994         0.16551         0.88591        0.083113         0.99247         0.48384               
         A        303        GLU          0.7766        0.077874         0.78105         0.10076          0.8907          0.6206               
         A        304        LEU         0.73386         0.22234         0.55781        0.099638          1.0995         0.45922               
         A        305        ASP          1.7274         0.26332          1.8346         0.16977          2.0984          1.2543               
         A        306        GLY          1.6221         0.15714               0               0          1.7582          1.3682               
         A        307        THR          1.9161         0.44884          2.2332         0.47018          2.8645          1.3136               
         A        308        PRO          1.9984          0.4463          2.4621           0.218          2.6255          1.4592               
         A        309        PHE         0.85965         0.26147         0.66846         0.05553          1.2836         0.61688               
         A        310        HIS          1.9801         0.63319          2.4477         0.33485          2.8434          1.1249               
         A        311        PRO          1.3349        0.078366           1.383        0.060088          1.4679          1.2118               
         A        312        PHE          2.4095         0.58496          2.8165         0.27998           3.237           1.605               
         A        313        GLU          1.1288         0.18116          1.1911               0          1.3923         0.91125               
         A        314        GLY         0.69987        0.058899               0               0         0.79424         0.63188               
         A        315        PRO          0.4382        0.053113          0.4417        0.024764         0.51256          0.3578               
         A        316        ALA          0.2754        0.061534         0.16834               0         0.34482         0.16834               
         A        317        PRO         0.27509        0.044355         0.29835        0.029384         0.33209         0.19009               
         A        318        ILE         0.39581        0.095376         0.48337        0.040637         0.54921         0.26273               
         A        319        GLY         0.17283        0.054624               0               0         0.23828         0.11112               
         A        320        PHE        0.050824        0.022978        0.050995        0.010808         0.10937        0.022299               
         A        321        PRO         0.01052        0.010746        0.012427        0.010325        0.026776               0               
         A        322        ASP        0.045514        0.026892        0.052618        0.023054        0.088764               0               
         A        323        LEU         0.08615        0.032243         0.08803        0.032326         0.13809        0.037377               
         A        324        GLY         0.23342        0.057247               0               0         0.29768         0.14551               
         A        325        GLY         0.51797        0.056272               0               0         0.58054         0.42666               
         A        326        CYS         0.40687        0.076716         0.34181         0.07908         0.49329         0.26273               
         A        327        ASP         0.55436         0.15159         0.68968        0.082686         0.80808         0.37371               
         A        328        TRP         0.16105         0.12422        0.087764        0.045434         0.41233        0.026776               
         A        329        HIS         0.64182          0.1485         0.75168        0.070159         0.85578         0.39276               
         A        330        ILE         0.34778         0.15828         0.20415        0.068069         0.56996         0.10937               
         A        331        ASN         0.85905         0.28253          1.1156          0.1611           1.291         0.55952               
         A        332        MET         0.68027         0.24939         0.49295         0.13941          1.1443         0.30733               
         A        333        THR          1.2154         0.19394          1.3722         0.12443           1.503          0.8907               
         A        334        GLN          1.7083         0.24983          1.6073         0.16479          2.2263          1.4253               
         A        335        PHE          2.1514         0.41767          1.9459         0.26673          2.9293          1.5763               
         A        336        GLY          4.1406         0.47424               0               0          4.8127          3.4799               
         A        337        HIS          3.3212         0.24418           3.204         0.23738          3.6272          2.8859               
         A        338        SER          4.3563         0.82355           5.403         0.49254          5.8955          3.4799               
         A        339        SER          3.0097         0.63507          3.5279         0.39058          3.9185          2.0714               
         A        340        GLN          2.0273         0.35143          2.1948         0.33084          2.7814          1.5209               
         A        341        THR          1.1792         0.16394          1.2529        0.088135          1.3602         0.86563               
         A        342        GLN           1.162         0.18755          1.2928         0.13106          1.4592         0.88059               
         A        343        TYR         0.41868         0.13074         0.35275          0.0905         0.69073         0.23393               
         A        344        ASP         0.77251          0.2386         0.98731         0.14263          1.1911          0.5191               
         A        345        VAL         0.31796        0.075376          0.2349        0.017201         0.41233         0.21057               
         A        346        ASP         0.67811         0.20107         0.84977         0.14624          1.0871         0.46835               
         A        347        THR         0.37035         0.10145         0.26861        0.051657         0.51582         0.20849               
         A        348        THR         0.92929          0.1655          1.0065        0.074332          1.1313          0.6206               
         A        349        PRO          1.0499         0.13924          1.0187          0.1634          1.2328          0.8364               
         A        350        ASP          1.8045         0.38484          2.1595         0.20443          2.4992          1.4005               
         A        351        THR          1.0743         0.23462          1.2404         0.18614           1.503         0.71966               
         A        352        PHE         0.39502         0.18001          0.2766        0.098342         0.71547         0.14364               
         A        353        VAL         0.70603         0.19348         0.91495        0.084696          1.0269         0.47761               
         A        354        PRO         0.30995        0.061522         0.24911        0.040796         0.37371         0.20849               
         A        355        HIS         0.80526         0.23507         0.94005         0.19472          1.2187         0.45319               
         A        356        LEU         0.96192         0.26559          1.1937         0.17354          1.3523         0.65882               
         A        357        GLY         0.50094        0.026973               0               0         0.54242         0.47143               
         A        358        SER         0.56478          0.1282          0.7402        0.049474         0.78967         0.45922               
         A        359        ILE          0.3672         0.13903         0.24111        0.045773          0.5841          0.1664               
         A        360        GLN         0.63976        0.086807         0.64923         0.09957         0.81274         0.51256               
         A        361        ALA          0.8682        0.083484          1.0269               0          1.0269         0.78061               
         A        362        ASN          1.0486         0.13908          1.0441         0.18279          1.3289         0.83162               
         A        363        GLY          1.5081         0.13603               0               0          1.6845          1.3602               
         A        364        ILE         0.99723         0.21177         0.79826        0.055233           1.306         0.71129               
         A        365        GLY          1.4496         0.11504               0               0          1.6244           1.306               
         A        366        SER          1.9503         0.36431          2.4229         0.24035          2.6632          1.6244               
         A        367        GLY          1.3291          0.1498               0               0          1.4853          1.1249               
         A        368        ASN          1.1131        0.073109          1.1102        0.051834          1.2399          1.0095               
         A        369        TYR         0.85515         0.21873         0.95528         0.18977          1.2985           0.529               
         A        370        VAL         0.64822        0.090929         0.73078        0.068101         0.81742         0.51582               
         A        371        GLY         0.33094        0.031286               0               0         0.37104         0.28582               
         A        372        VAL         0.45849        0.093883         0.54588         0.07436         0.65104         0.36307               
         A        373        LEU         0.27234          0.1083         0.18042        0.019109         0.46835         0.14925               
         A        374        SER         0.70135         0.16202         0.88773         0.11609          1.0038         0.48384               
         A        375        TRP         0.99678         0.29772          1.1628         0.16397          1.4005         0.52238               
         A        376        ILE          0.5427         0.14587         0.42989        0.067381         0.82686         0.32957               
         A        377        SER         0.84351           0.121         0.97757        0.061105          1.0387         0.68264               
         A        378        PRO           1.178          0.1823           1.378        0.067258          1.4679         0.98124               
         A        379        PRO          1.1014         0.17174          1.0101        0.033553          1.4853         0.96464               
         A        380        SER          1.4181         0.28177          1.2368        0.032006          1.9552          1.1378               
         A        381        HIS          2.1367         0.62968          2.5109         0.54118          3.3416          1.3289               
         A        382        PRO          2.5445         0.40832          2.6445         0.48689          3.1866          2.0057               
         A        383        SER          4.0048         0.33679          4.4106         0.04162          4.4523          3.6579               
         A        384        GLY          3.3998         0.22116               0               0          3.7523          3.2116               
         A        385        SER          2.0686         0.30836          1.9571         0.15499          2.6824          1.8022               
         A        386        GLN          1.9563         0.64569          2.4272          0.4456          3.1131          1.0871               
         A        387        VAL         0.84284         0.12152         0.76338        0.078213          1.0809         0.65492               
         A        388        ASP         0.67866         0.16808         0.81349         0.10085         0.97568         0.43247               
         A        389        LEU          0.2951        0.057668         0.28369        0.032275         0.41803         0.21475               
         A        390        TRP         0.48417         0.10792          0.5161         0.11168         0.71547          0.3578               
         A        391        LYS         0.56278         0.28665         0.76774         0.22317          1.0748         0.21057               
         A        392        ILE         0.31808        0.068787         0.34844        0.081677         0.45619         0.24927               
         A        393        PRO         0.21096        0.076994         0.13817        0.028254         0.31959         0.11819               
         A        394        ASN         0.64506         0.22812          0.8501          0.1365          1.0446         0.38181               
         A        395        TYR         0.31888         0.14801         0.22753        0.079987         0.55607         0.11997               
         A        396        GLY         0.87993        0.088989               0               0         0.98124         0.73665               
         A        397        SER          1.6609          0.2271          1.7427         0.17574          1.9184           1.291               
         A        398        SER          2.7448         0.48071          2.7622        0.060355          3.6272          2.0714               
         A        399        ILE          3.6232         0.49879          3.9695         0.41259          4.5821          2.8645               
         A        400        THR          2.2241         0.33839          2.3934         0.20521          2.6824          1.6642               
         A        401        GLU          2.0526         0.47164          2.3901         0.33107          2.9514          1.3842               
         A        402        ALA         0.99155          0.1519         0.71547               0          1.1249         0.71547               
         A        403        THR          1.3606         0.33251          1.6945         0.19451          1.9677         0.90607               
         A        404        HIS          1.4099         0.45323          1.6935         0.35975          2.1399         0.82213               
         A        405        LEU         0.74356        0.094911         0.69353        0.089311          0.8958         0.55607               
         A        406        ALA         0.59773        0.086875         0.43539               0         0.67862         0.43539               
         A        407        PRO         0.89921         0.16004          1.0295         0.11266          1.1185         0.64332               
         A        408        SER         0.89177         0.10142          1.0247        0.037872          1.0626         0.77164               
         A        409        VAL         0.52227         0.11397         0.39456        0.034967         0.65104         0.34998               
         A        410        TYR          1.2754         0.50563          1.5648         0.36148          2.2714         0.63568               
         A        411        PRO         0.81762        0.080704         0.83894        0.041296         0.95917         0.69889               
         A        412        PRO         0.84991         0.25161          0.6435        0.094876          1.3289         0.55952               
         A        413        GLY           1.119          0.1053               0               0          1.2258         0.98684               
         A        414        PHE          1.5669         0.21858          1.5832         0.23452          2.0316           1.306               
         A        415        GLY          1.0375         0.19812               0               0           1.291         0.78513               
         A        416        GLU         0.64005        0.081171         0.63793        0.079177         0.76719         0.54581               
         A        417        VAL         0.47891         0.14521         0.60791        0.097647         0.74094         0.27417               
         A        418        LEU         0.32049        0.063133         0.36595        0.034858         0.40668         0.21266               
         A        419        VAL        0.086326        0.031783        0.085634        0.038668         0.13994        0.046639               
         A        420        PHE         0.17044        0.061487         0.20444        0.051032         0.27648        0.092145               
         A        421        PHE         0.10272        0.065925        0.065753        0.048934         0.21266               0               
         A        422        MET         0.37856        0.062217         0.36895        0.058168         0.48698         0.27187               
         A        423        SER          0.4851        0.043439         0.47145       0.0061567         0.56646         0.42089               
         A        424        LYS          1.3635         0.65445          1.8095         0.56535          2.7412         0.73237               
         A        425        MET         0.65396         0.18329         0.48941        0.067923         0.93758          0.3791               
         A        426        PRO          1.0371         0.14106          1.0885         0.16022          1.3136         0.84121               
         A        427        GLY          1.5512         0.28178               0               0          1.9429          1.2688               
         A        428        PRO          1.9666         0.27911          1.7899         0.26705          2.3021          1.5209               
         A        429        GLY          1.9911         0.11392               0               0          2.0984          1.8022               
         A        430        ALA          1.7619         0.38502          2.2866               0          2.2866          1.2762               
         A        431        TYR          1.0016         0.17758          1.0684         0.16348          1.2836         0.77164               
         A        432        ASN         0.70088          0.2186         0.88146         0.13118          1.0269            0.39               
         A        433        LEU         0.21915        0.066743         0.16939        0.043066         0.34226         0.13077               
         A        434        PRO          0.1699        0.057516         0.21757       0.0039836          0.2232        0.068908               
         A        435        CYS        0.044887        0.029598        0.067308       0.0048588        0.085404       0.0076528               
         A        436        LEU        0.049701        0.057543        0.098925        0.042141         0.14364               0               
         A        437        LEU        0.023483        0.029349        0.026294        0.034825        0.085404               0               
         A        438        PRO         0.14126        0.051708          0.1357        0.059655         0.21266        0.067286               
         A        439        GLN         0.35745        0.064851         0.38701        0.051957         0.45319         0.24265               
         A        440        GLU         0.59573          0.1372         0.69881        0.090159         0.80344          0.4095               
         A        441        TYR         0.20808        0.079773         0.16261         0.05331         0.34998        0.082064               
         A        442        ILE         0.32829         0.12808         0.25944         0.10176         0.55263         0.15872               
         A        443        SER         0.79286         0.15251         0.78532        0.018125          1.0566         0.54242               
         A        444        HIS         0.78887         0.12448         0.79907         0.13776          1.0038         0.65492               
         A        445        LEU          0.5642         0.23167         0.36753        0.087705         0.97568         0.23393               
         A        446        ALA          1.0957          0.2345         0.94293               0          1.4337         0.78967               
         A        447        SER          1.7512         0.24755          1.8451         0.16061          2.0714          1.3136               
         A        448        GLU           1.616         0.24263          1.5699         0.25238          2.0057          1.2399               
         A        449        GLN          1.8401         0.33549           2.058         0.28066          2.3815          1.4422               
         A        450        ALA          1.2745        0.078133          1.2258               0          1.3523          1.1443               
         A        451        PRO          1.7413         0.32616          2.0795         0.16037          2.3021          1.3445               
         A        452        THR          1.1424         0.20062         0.94293        0.059537          1.4853          0.8958               
         A        453        VAL          1.7169          0.2416          1.8866         0.15033          2.0448           1.306               
         A        454        GLY          1.2725          0.1107               0               0          1.3842          1.1058               
         A        455        GLU          1.5446         0.57335          1.9557          0.4215          2.6069         0.76276               
         A        456        ALA         0.68255        0.090743         0.61317               0         0.83162          0.6058               
         A        457        ALA         0.41381        0.052643         0.42666               0         0.45922         0.31466               
         A        458        LEU         0.62554         0.13932         0.73404         0.12116         0.93226         0.47761               
         A        459        LEU          0.2863        0.097658         0.19877        0.059849         0.38726         0.10069               
         A        460        HIS          0.7053         0.25601         0.88061         0.17716          1.1378         0.40108               
         A        461        TYR         0.44385        0.097829         0.40988        0.063612         0.67065         0.33209               
         A        462        VAL         0.96069         0.12973          1.0355        0.074321          1.1249         0.68264               
         A        463        ASP          1.8301         0.36349          2.1233         0.21555          2.4478          1.2543               
         A        464        PRO           1.923         0.30473          1.6975         0.12686          2.4309          1.5209               
         A        465        ASP          3.1996         0.37557          3.1942        0.076441          3.8843          2.4647               
         A        466        THR          3.4133         0.40965          3.5274         0.54298          4.1716          2.8434               
         A        467        GLY          2.2299         0.24529               0               0          2.5885          1.9306               
         A        468        ARG           2.192         0.37331           2.414         0.18036          2.7018          1.4253               
         A        469        ASN          1.1988         0.21119          1.0636          0.1619          1.5954         0.82213               
         A        470        LEU         0.97815          0.1724          1.0771         0.18798          1.3842         0.79883               
         A        471        GLY         0.56663        0.084363               0               0         0.68264         0.46225               
         A        472        GLU         0.65675         0.24467         0.84288         0.15907          1.0687         0.34998               
         A        473        PHE         0.19783        0.055474          0.1711        0.047741         0.28347         0.11997               
         A        474        LYS         0.39409         0.22573         0.56273         0.16161         0.78967         0.12535               
         A        475        ALA         0.17706        0.050273         0.13077               0           0.265         0.13077               
         A        476        TYR         0.37384         0.15564         0.45194         0.13134         0.64332          0.1664               
         A        477        PRO         0.52901         0.11988         0.65332        0.075921         0.72811         0.39829               
         A        478        ASP         0.55557         0.20528         0.73666         0.11815          0.8364         0.29054               
         A        479        GLY         0.13768        0.052543               0               0          0.2232        0.090452               
         A        480        PHE         0.17407         0.11992          0.2505         0.07848         0.35519       0.0033404               
         A        481        LEU        0.022354        0.033366               0               0        0.088764               0               
         A        482        THR         0.19006         0.06382         0.25643        0.024264         0.29054        0.090452               
         A        483        CYS         0.33849        0.075451         0.31124         0.01833         0.43247         0.21685               
         A        484        VAL         0.78063          0.1318         0.86126          0.1175          1.0269         0.56646               
         A        485        PRO          0.9698         0.22925         0.80191         0.10737          1.3367         0.72388               
         A        486        ASN          2.2612          0.4585          2.5932         0.32513          2.8645          1.4422               
         A        488        ALA          2.4639         0.23587          2.2714               0          2.7612          2.1399               
         A        489        SER          3.0502         0.63764          3.9245         0.17219          4.0967          2.3815               
         A        490        SER          1.7147         0.26969          1.9368        0.018393          1.9552           1.306               
         A        491        GLY         0.93375         0.14651               0               0          1.1575         0.77164               
         A        492        PRO         0.46112        0.079839         0.38405        0.056286         0.55952         0.33209               
         A        493        GLN          1.0879         0.27503          1.2559         0.23234          1.6541         0.68667               
         A        494        GLN          1.2681         0.14818          1.5119               0          1.5119          1.0748               
         A        495        LEU          0.7502         0.13867         0.62784        0.084685         0.92696         0.50608               
         A        496        PRO          1.0015         0.17113          1.1465         0.06738          1.2187         0.68264               
         A        497        ILE         0.77561         0.16009         0.78491          0.2112          1.0995          0.5191               
         A        498        ASN          1.3003          0.2982          1.5518         0.21405          1.8825         0.97014               
         A        499        GLY         0.72377        0.093939               0               0         0.82213         0.60214               
         A        500        VAL         0.68253         0.15237         0.82868         0.11114         0.98124         0.50932               
         A        501        PHE         0.21995         0.13068         0.12639         0.04298         0.42377        0.092145               
         A        502        VAL         0.67163         0.19128         0.86923        0.099181         0.99247         0.42666               
         A        503        PHE         0.74221          0.1601         0.77712         0.15009          1.0038         0.53233               
         A        504        VAL          1.0087         0.19709           1.004         0.15545          1.3523         0.73665               
         A        505        SER          1.1405          0.2058          1.3924        0.016275          1.4087         0.84604               
         A        506        TRP          1.0511         0.24121         0.97334         0.22758          1.4853         0.68667               
         A        507        VAL          1.1255         0.11803          1.0958         0.16065          1.2543         0.87558               
         A        508        SER          1.5471         0.35187          2.0016        0.083201          2.0848          1.0933               
         A        509        ARG          1.6246         0.50356          1.8862         0.45275          2.6824          1.0153               
         A        510        PHE          2.0781          0.4921          2.3809         0.34416          2.9293          1.3682               
         A        511        TYR          1.2112          0.1713          1.2193         0.18486           1.503         0.95917               
         A        512        GLN          1.4736         0.22762          1.6586         0.10955          1.8134          1.1249               
         A        513        LEU         0.78398         0.23954         0.56584        0.092247          1.1641         0.43539               
         A        514        LYS          1.3748         0.39805          1.6631         0.29023          2.1121         0.79883               
         A        515        PRO          1.3476         0.25384          1.6201         0.11895          1.7582          1.0446               
         A        516        VAL         0.95518         0.26074         0.72567         0.11164          1.4253           0.577               
         A        517        GLY          1.7065         0.35856               0               0           2.154          1.1843               
         A        518        THR          1.9682         0.28896           2.308         0.13977          2.4478          1.6147               
