pdb_id: 
analysis type: unbound
radii_file: F:\psiafrombintisolah\PSAIA-1.0\amac_data\chothia.radii
CX_sRadius: 15
CX_vAtom: 20.1

  chain id|    res id|  res name|     average CX|       s_avg CX|    s-ch avg CX|  s-ch s_avg CX|         max CX|         min CX|               
         B        308        LEU          11.132          3.9453           14.52          2.8489          19.095          7.3731               
         B        309        PRO          5.8749         0.49623          5.9735         0.26224          6.5628          5.0115               
         B        310        THR           5.269          0.4341          5.6185         0.39648          5.9638          4.8127               
         B        311        TYR          3.8902         0.31024          3.9543         0.26242          4.3283          3.3959               
         B        312        ARG           3.066         0.27903          3.4515               0          3.4515          2.7214               
         B        313        TYR          1.8428         0.38975          1.6047         0.22062          2.5522          1.3523               
         B        314        PRO          2.0547        0.086142          1.9933        0.031202          2.2116          1.9552               
         B        315        LEU           2.767         0.31436          3.0435         0.17374          3.3416          2.2866               
         B        316        GLU          2.9901         0.21702          2.7214               0           3.237          2.7214               
         B        317        LEU          3.5497         0.16757          3.8174               0          3.8174          3.2887               
         B        318        ASP          4.0959         0.38732          3.9882               0          4.7182          3.6272               
         B        319        THR          5.3001         0.64175           5.116               0          6.2509          4.4103               
         B        320        ALA          7.8645          1.0837          7.6832               0          9.4976          6.1045               
         B        321        ASN          7.3812         0.64798          7.6401         0.76406          8.9062           6.729               
         B        322        ASN          5.4699         0.33685          5.9638               0          5.9638          5.0633               
         B        323        ARG          5.2548          1.0603          5.8077         0.91714          7.0844          3.7523               
         B        324        VAL          3.5971         0.17016           3.597               0          3.9185          3.4235               
         B        325        GLN          3.1689         0.19824          3.2849         0.07919          3.4235          2.8018               
         B        326        VAL          2.5073         0.12702          2.5885               0          2.6824          2.3021               
         B        327        ALA          2.0617         0.10597          1.8825               0           2.197          1.8825               
         B        328        ASP          2.2255         0.23733          2.6255               0          2.6255          1.9929               
         B        329        ARG          1.4885         0.15404          1.4371          0.1276          1.8134          1.1843               
         B        330        PHE          1.5723         0.12863          1.6133         0.13609          1.8591          1.3842               
         B        331        GLY          1.7975        0.050873               0               0          1.8825          1.7474               
         B        332        MET          1.7004         0.19229          1.8125         0.20638          2.0186          1.4853               
         B        333        ARG          1.0532        0.098225          1.0413        0.081798          1.2118         0.86563               
         B        334        THR           1.358         0.25768          1.6394         0.11676            1.78          1.0748               
         B        335        GLY         0.98336        0.037888               0               0          1.0387         0.93226               
         B        336        THR          1.0606         0.10698          1.2615               0          1.2615         0.95373               
         B        337        TRP         0.64874         0.10758         0.59534        0.076719         0.82213         0.47761               
         B        338        THR          1.4038         0.26935           1.694        0.084808          1.8134          1.0095               
         B        339        GLY          1.0762        0.054773               0               0          1.1443         0.99813               
         B        340        GLN          1.4121         0.53597          1.8158          0.3721          2.3653         0.75835               
         B        341        LEU         0.50077         0.13563           0.336        0.059519         0.66275         0.27648               
         B        342        GLN         0.55385        0.086133         0.69889               0         0.69889         0.45619               
         B        343        TYR         0.61042          0.1252         0.56435        0.086326          0.9217         0.42666               
         B        344        GLN         0.97292        0.091711          1.0218        0.036499          1.0748         0.74094               
         B        345        HIS          1.5939          0.2713          1.5609         0.25534          1.9929          1.2471               
         B        346        PRO            2.84          0.4718          2.7747         0.43967           3.597           2.197               
         B        347        GLN          2.8337         0.24125          3.1131               0          3.1131          2.4819               
         B        348        LEU          1.5542         0.25281          1.4027         0.15594          2.0316          1.1708               
         B        349        SER          1.6697         0.26115          1.9264         0.24185          2.1682          1.3923               
         B        350        TRP         0.84973         0.28736         0.73601         0.25305          1.2985         0.43539               
         B        351        ARG           1.476          0.2368          1.6033         0.18215            1.78          1.0871               
         B        352        ALA         0.94899        0.074209          0.8907               0          1.0446         0.84604               
         B        353        ASN          1.6934         0.55976          2.1865          0.3679          2.7814          1.0933               
         B        354        VAL         0.83215         0.15034         0.66249        0.041843         0.98684         0.61317               
         B        355        THR          1.1282          0.2422          1.3885         0.12884          1.5483         0.87558               
         B        356        LEU          0.5358         0.15688         0.38946        0.062153         0.74961         0.28817               
         B        357        ASN          1.0255         0.31068          1.3058         0.15832          1.5209          0.5841               
         B        358        LEU         0.53942          0.1261         0.43092        0.062383         0.73237         0.32957               
         B        359        MET         0.91933         0.29646          1.1654         0.22802          1.4005         0.61317               
         B        360        LYS         0.77989         0.12086         0.71057        0.054918          1.0269         0.62811               
         B        361        VAL           1.289           0.194          1.4547         0.15737          1.6743         0.98124               
         B        362        ASP          1.5939         0.36435          1.9171         0.21986          2.2263          1.1443               
         B        363        ASP          1.2518         0.23443          1.4461         0.14052          1.6342         0.93758               
         B        364        TRP          1.2503         0.35598          1.4176         0.27505          1.8944         0.72811               
         B        365        LEU         0.38649        0.077409         0.32307        0.046288          0.5191         0.26728               
         B        366        VAL         0.60183         0.19018         0.81206        0.065614         0.86563         0.39276               
         B        367        LEU         0.29434         0.11425         0.19029         0.03774         0.47143          0.1326               
         B        368        SER         0.75512         0.20311           1.006         0.12537          1.1313         0.49013               
         B        369        PHE         0.45126         0.23316         0.29831         0.10236          0.8907         0.16834               
         B        370        SER          1.1413         0.19618          1.3609        0.039612          1.4005          0.8364               
         B        371        GLN           1.627          0.3685          1.9083         0.25418          2.3492          1.1979               
         B        372        MET         0.70676         0.22462         0.52091         0.16807         0.95917         0.31466               
         B        373        THR          1.0534         0.14252          1.2045        0.066684          1.2985         0.87059               
         B        374        THR         0.57436         0.10252         0.46495        0.049166          0.6948         0.39552               
         B        375        ASN         0.97264         0.31833          1.2549         0.17008          1.4766         0.51256               
         B        376        SER         0.81643         0.13296         0.98019         0.09456          1.0748         0.67462               
         B        377        ILE         0.55097         0.13583         0.42389        0.046799         0.74961         0.35258               
         B        378        MET            1.13         0.38887          1.4598         0.27631          1.8591         0.67065               
         B        379        ALA          0.9934         0.12837          1.2399               0          1.2399         0.87558               
         B        380        ASP           1.092         0.28838          1.3512         0.16595          1.5119         0.75397               
         B        381        GLY          0.6174        0.029088               0               0         0.65492           0.577               
         B        382        LYS         0.68111          0.1756         0.81642         0.10014         0.93226         0.42666               
         B        383        PHE         0.19545        0.050518         0.16201        0.018327         0.30976         0.14364               
         B        384        VAL         0.48318         0.12538           0.614         0.05745         0.67862          0.3049               
         B        385        ILE         0.30966        0.097336         0.22575        0.061046         0.43539         0.13994               
         B        386        ASN         0.89013         0.24063          1.0969          0.1555          1.3289         0.55952               
         B        387        PHE         0.49213         0.22738         0.34025        0.091341         0.90607         0.23177               
         B        388        VAL          1.4338         0.21281          1.5858       0.0077623          1.6342          1.0095               
         B        389        SER           1.406         0.22103          1.6795        0.015311          1.6948          1.0748               
         B        390        GLY          1.2678         0.10158               0               0           1.417          1.1708               
         B        391        LEU           1.034         0.30128          0.8004         0.12367          1.6244         0.63188               
         B        392        SER          1.5303         0.15196           1.481         0.10483          1.7474           1.291               
         B        393        SER          2.3787         0.38969          2.9076        0.021709          2.9293          1.9429               
         B        394        GLY          1.8108         0.29483               0               0          2.1682          1.4766               
         B        395        TRP           0.907         0.28914         0.75308         0.16358          1.4253           0.529               
         B        396        GLN          1.6091         0.52386          2.0303         0.28235          2.2263         0.87558               
         B        397        THR          1.0783         0.18192          1.2299        0.095037          1.3367         0.75397               
         B        398        GLY         0.92765         0.13798               0               0          1.0995         0.75835               
         B        399        ASP         0.70518         0.16038         0.81592         0.10685          0.8958         0.47451               
         B        400        THR          0.4052        0.036259         0.38785        0.028783         0.47143          0.3578               
         B        401        GLU         0.95182         0.37809          1.2341         0.27422          1.5954         0.49966               
         B        402        PRO         0.76201         0.15226         0.65804        0.055602          1.0328         0.61688               
         B        403        SER          1.4383         0.28524          1.3845        0.024249          1.9429          1.0269               
         B        404        SER          1.6772          0.2869          2.0414        0.098533          2.1399           1.306               
         B        405        THR          2.1066          0.3227           2.423         0.22574          2.7412          1.7367               
         B        406        ILE          2.2284         0.48834          2.6195         0.35867          3.0656          1.5209               
         B        407        ASP          1.7976         0.27867          1.5851         0.14802          2.3334          1.3523               
         B        408        PRO          1.5353         0.18356          1.5735         0.21963          1.8361          1.2985               
         B        409        LEU          1.0274         0.14876         0.94409         0.16372          1.2118         0.75835               
         B        410        SER         0.92706        0.082322         0.93653        0.055938          1.0269         0.78061               
         B        411        THR          1.1614         0.15544           1.278         0.14725          1.4853         0.98684               
         B        412        THR         0.90851        0.051668         0.86563               0         0.98124          0.8364               
         B        413        PHE           1.382         0.34357          1.6011         0.22652          1.9306         0.91125               
         B        414        ALA         0.66658         0.09202         0.49329               0         0.76719         0.49329               
         B        415        ALA         0.89934         0.16157          1.1979               0          1.1979         0.75397               
         B        416        VAL         0.71053         0.12922         0.58702        0.067157         0.91646         0.49329               
         B        417        GLN           1.187         0.28081          1.4008         0.19013          1.6845         0.82213               
         B        418        PHE         0.94443         0.24763         0.80181          0.1458          1.4679         0.60948               
         B        419        LEU          1.7265         0.26019          1.9198         0.19089           2.058          1.2762               
         B        420        ASN           2.393         0.29518          2.3745         0.17317          2.8859          1.9429               
         B        421        ASN          3.7144         0.49678          4.0967               0          4.2883          2.8645               
         B        422        GLY          3.6257         0.16646               0               0          3.8506          3.3959               
         B        423        GLN          3.4238         0.87238          4.0284         0.63002           5.116           2.126               
         B        424        ARG          2.0509         0.14972          2.0352         0.12798          2.2714          1.8475               
         B        425        ILE          1.7166         0.23793          1.8919           0.136          2.0448          1.2762               
         B        426        ASP          1.7134         0.23407          1.9103         0.14249           2.126          1.3923               
         B        427        ALA          1.0354        0.073205          1.0038               0          1.1313         0.93226               
         B        428        PHE          1.3929          0.4149          1.6596         0.26721           2.058         0.81742               
         B        429        ARG         0.60727         0.10807         0.58082         0.12211         0.74526          0.4095               
         B        430        ILE           0.891         0.26605          1.1277         0.14511          1.3762         0.52569               
         B        431        MET         0.43163         0.15514         0.29255        0.074348         0.65104         0.18209               
         B        432        GLY         0.53635         0.04841               0               0         0.60948         0.47451               
         B        433        VAL         0.52222          0.1118         0.42976        0.041026         0.74526         0.38453               
         B        434        SER         0.80168         0.14367         0.75069        0.043549          1.0566         0.58768               
         B        435        GLU          1.0842         0.35341          1.3553         0.22753          1.6541         0.60948               
         B        436        TRP         0.85431         0.23169         0.80475         0.23329          1.2328         0.49013               
         B        437        THR          1.4926          0.2504          1.7163         0.17812          1.9677          1.0809               
         B        438        ASP          2.1227         0.51425          2.6066          0.2198          2.9075          1.5119               
         B        439        GLY         0.89554         0.16192               0               0          1.1313         0.68264               
         B        440        GLU         0.98658         0.26678          1.1907         0.14381          1.4422           0.577               
         B        441        LEU          0.2813        0.075732          0.2203        0.047178         0.41233         0.14551               
         B        442        GLU         0.63997         0.25112         0.83045         0.17605          1.0387          0.3578               
         B        443        ILE          0.2384        0.061567         0.18353        0.033123         0.32957         0.12896               
         B        444        LYS         0.76987         0.29583         0.99531         0.20691          1.2471         0.45619               
         B        445        ASN         0.49487         0.09334         0.43036        0.033869         0.68264         0.38181               
         B        446        TYR          1.0776         0.11448           1.123        0.052413          1.2118         0.76719               
         B        447        GLY         0.97805        0.084849               0               0          1.0687         0.84121               
         B        448        GLY          1.3396         0.10848               0               0          1.5119          1.2399               
         B        449        THR          1.5252         0.34491          1.7975         0.32192          2.2263          1.0387               
         B        450        TYR          1.1521         0.22166          1.0337         0.14413          1.6244         0.82686               
         B        451        THR          1.4639         0.23654          1.6793         0.17967          1.9184          1.1378               
         B        452        GLY          1.5545        0.063143               0               0          1.6342          1.4592               
         B        453        HIS          1.0397         0.25876         0.84937         0.14443          1.3367         0.69073               
         B        454        THR          1.6243          0.3036          1.9612        0.073919          2.0316          1.2615               
         B        455        GLN          1.3093         0.33945          1.5495          0.2626          1.8591          0.8958               
         B        456        VAL         0.57574        0.086321         0.47875         0.01275         0.68667         0.46225               
         B        457        TYR          1.2099         0.38899          1.4376         0.26633          1.9184         0.72811               
         B        458        TRP         0.40682         0.21009         0.28643        0.064991          0.8958         0.20229               
         B        459        ALA          1.0089         0.15519          1.2399               0          1.2399         0.82686               
         B        460        PRO           1.437         0.25678          1.7137         0.11944          1.8825          1.1313               
         B        461        TRP         0.53133         0.25582         0.39807         0.15514         0.97568         0.21896               
         B        462        THR         0.90133         0.17288          1.0625         0.12868          1.2258         0.68667               
         B        463        ILE         0.43538        0.071106         0.39138        0.060427         0.53904         0.28817               
         B        464        MET           0.636         0.11643         0.76321        0.092569         0.85578         0.51582               
         B        465        TYR         0.41916         0.14999         0.33436         0.10297         0.65882         0.20849               
         B        466        PRO         0.95729         0.18441          1.1511        0.099486          1.2762         0.75835               
         B        467        CYS         0.67647         0.11276         0.52572       0.0066192         0.80808          0.5191               
         B        468        ASN          1.3185         0.29821          1.5538         0.21401          1.8944         0.91125               
         B        469        VAL          1.0376         0.15215         0.94699        0.090364          1.3523         0.88059               
         B        470        ARG          1.2466         0.24219          1.4015         0.19308          1.6845         0.98684               
