pdb_id: 
analysis type: unbound
radii_file: F:\psiafrombintisolah\PSAIA-1.0\amac_data\chothia.radii
CX_sRadius: 15
CX_vAtom: 20.1

  chain id|    res id|  res name|     average CX|       s_avg CX|    s-ch avg CX|  s-ch s_avg CX|         max CX|         min CX|               
         A         24        PRO          3.5379         0.80962          4.1594           0.653          4.8612          2.5522               
         A         25        LYS          1.5074         0.32146          1.3341          0.1976          2.0984          1.1249               
         A         26        ILE          1.2788         0.30143          1.4696         0.27694          1.7691         0.91125               
         A         27        VAL         0.50702         0.10133         0.45415        0.099509         0.68264         0.32456               
         A         28        ASN         0.47934         0.20443         0.64652         0.13459         0.78513         0.19413               
         A         29        ILE         0.16842         0.05168         0.13553        0.035259         0.26273        0.083731               
         A         30        GLY        0.068723        0.025833               0               0        0.097257        0.035849               
         A         31        ALA         0.16263        0.043491         0.17616               0         0.23177         0.10415               
         A         32        VAL         0.18157        0.027335         0.19701        0.032272         0.24265         0.14551               
         A         33        LEU         0.43503        0.078242         0.44953        0.065786         0.52569         0.30008               
         A         34        SER         0.86415         0.15393          0.9016        0.035976          1.0809          0.5985               
         A         35        THR           1.355         0.19069           1.523        0.071693          1.5954          1.0387               
         A         36        LYS          1.9053         0.24171          2.3815               0          2.3815          1.7052               
         A         37        LYS          1.8642         0.27831          2.3334               0          2.3334          1.5669               
         A         38        HIS          1.0857         0.13839          1.0969         0.10931          1.3367         0.87059               
         A         39        GLU          1.0021        0.082525          1.0089         0.10223          1.1843         0.90607               
         A         40        GLN          2.0532         0.71723          2.6015         0.49639          3.2887           1.306               
         A         41        ILE           1.064         0.18813          1.1319          0.1681           1.306         0.80808               
         A         42        PHE          0.4684         0.17191         0.36274         0.10779         0.78967         0.22533               
         A         43        ARG          1.2109         0.36095          1.3825         0.34472          2.0186         0.79424               
         A         44        GLU          1.5069         0.43093          1.8438         0.27543           2.126          1.0211               
         A         45        ALA         0.64458        0.090821         0.49647               0         0.78061         0.49647               
         A         46        VAL         0.59247          0.1199          0.4869        0.054103         0.78513         0.41233               
         A         47        ASN          1.4565         0.40813          1.7818         0.31404          2.1825         0.90092               
         A         48        GLN          1.5632         0.41782          1.8407         0.36884          2.3492          1.1378               
         A         49        ALA         0.85575          0.1513         0.57347               0         0.97568         0.57347               
         A         50        ASN           1.237         0.25572          1.0719         0.11718          1.7474         0.96464               
         A         51        LYS          2.2698         0.43723          2.5885               0          2.8645          1.5858               
         A         52        ARG          1.6868         0.20248          1.7052               0          1.8944          1.3136               
         A         53        HIS          1.8173         0.10643          1.7582               0          1.9803          1.7156               
         A         54        PHE          1.5951         0.15526          1.3762               0           1.791          1.3762               
         A         55        THR          2.6419         0.35398          2.7214               0          3.1866          2.0848               
         A         56        ARG          2.5989         0.23308          3.0422               0          3.0422          2.4309               
         A         57        LYS          2.0989          0.2059          2.2866               0          2.2866          1.8247               
         A         58        ILE          1.1303         0.21987         0.96266        0.097513          1.5954          0.8364               
         A         59        GLN          1.3833         0.39199          1.6757         0.27046           2.154         0.88059               
         A         60        LEU         0.63111         0.13548         0.51209        0.041514          0.8509         0.45319               
         A         61        GLN         0.83459         0.34391          1.0849         0.25677          1.5119            0.39               
         A         62        ALA         0.60691        0.064807         0.61688               0         0.71547          0.5191               
         A         63        THR         0.48058         0.10389         0.57363        0.061943         0.62811         0.30248               
         A         64        SER          0.5848         0.11486         0.56047        0.082857         0.80808         0.47761               
         A         65        VAL         0.57295         0.10256         0.63699         0.11074         0.76276         0.43539               
         A         66        THR          0.8555         0.18462          1.0591        0.071563          1.1378         0.63949               
         A         67        HIS          0.6911         0.13142          0.6467        0.093687         0.98124         0.50608               
         A         68        ARG          1.1353         0.19351           1.203         0.19112          1.6342         0.81274               
         A         69        PRO          1.6672         0.16665           1.784         0.17342          1.9184          1.4253               
         A         70        ASN          1.9922         0.51076          2.4084         0.37501          2.9963          1.3136               
         A         71        ALA          1.3779         0.13793          1.4853               0          1.5576          1.1575               
         A         72        ILE          1.9676         0.37157          2.3231        0.073033          2.4478          1.4005               
         A         73        GLN           2.011         0.58149           2.447         0.37739          2.9293          1.2258               
         A         74        MET         0.71424         0.19928         0.58788         0.14447          1.0995         0.41517               
         A         75        ALA         0.77739        0.047786          0.8509               0          0.8509         0.71547               
         A         76        LEU          1.3981         0.41184           1.774         0.23336           2.154         0.98684               
         A         77        SER         0.81843         0.10655         0.87849        0.027588         0.91646         0.66275               
         A         78        VAL         0.43696        0.096056         0.33611        0.044491         0.56996          0.2788               
         A         79        CYS         0.78348        0.086525         0.83182        0.019081         0.86563         0.62811               
         A         80        GLU          1.5879         0.45961          1.9089         0.36071          2.5167         0.95373               
         A         81        ASP         0.99484         0.20143          1.1372         0.18235          1.4005         0.75397               
         A         82        LEU         0.47177         0.07064          0.3578               0         0.58054          0.3578               
         A         83        ILE         0.52481         0.10395         0.47638         0.10858         0.65104         0.33209               
         A         84        SER          1.0579         0.16214          1.1708       0.0067001          1.2615         0.77612               
         A         85        SER         0.84926        0.094471         0.91644          0.0704         0.98684         0.72388               
         A         86        GLN         0.79865         0.26939          1.0045         0.17388          1.2543          0.4653               
         A         87        VAL         0.25291        0.051622          0.2474        0.020733         0.36043         0.19009               
         A         88        TYR          0.2905           0.156         0.37042         0.12899         0.62811        0.085404               
         A         89        ALA        0.018832        0.013853        0.013461               0        0.041988               0               
         A         90        ILE        0.028323        0.039117        0.056645        0.038157         0.11288               0               
         A         91        LEU        0.023979        0.024351        0.033344        0.026357        0.073804               0               
         A         92        VAL        0.053724        0.033632        0.063724        0.044262         0.12355        0.017861               
         A         93        SER         0.27765        0.071468         0.33746        0.020342          0.3578         0.13625               
         A         94        HIS          0.4943        0.097528         0.51586        0.096109         0.66669         0.32706               
         A         95        PRO          0.8496           0.169         0.82146         0.17281          1.0446         0.60948               
         A         96        PRO          1.6515         0.28825          1.5459        0.041896          2.2412          1.3136               
         A         97        ALA          2.2461         0.37655          2.0848               0          2.9293           1.791               
         A         98        PRO          1.9836         0.24579          1.7569         0.19431          2.2866          1.6147               
         A         99        THR          2.0557         0.18222          2.3334               0          2.3334            1.78               
         A        100        ASP          1.1441         0.20451         0.97547         0.10322          1.5119         0.84121               
         A        101        HIS          1.6516         0.28654          1.8138         0.22826          2.0714          1.1979               
         A        102        LEU         0.96118          0.1925          1.0748               0          1.2187         0.68667               
         A        103        THR         0.62776        0.066473         0.63188               0         0.74094         0.53904               
         A        104        PRO         0.32697        0.060407         0.27533        0.038714         0.41233         0.23393               
         A        105        THR         0.62303         0.13513         0.77551        0.040029         0.83162         0.49013               
         A        106        PRO         0.56527        0.071929          0.6258        0.049141          0.6948         0.45922               
         A        107        ILE          0.2075        0.069042          0.1703        0.053362         0.33209         0.10242               
         A        108        SER         0.34844        0.055849         0.40444        0.028033         0.43247         0.26273               
         A        109        TYR           0.834         0.27397          1.0012         0.16611           1.306         0.42956               
         A        110        THR          0.4285        0.038088         0.45119        0.037744         0.48384         0.36837               
         A        111        ALA         0.25803        0.059981         0.15491               0         0.32706         0.15491               
         A        112        GLY         0.50764         0.12493               0               0         0.67862          0.3397               
         A        113        PHE          1.1317         0.39657          1.3369         0.35186          1.8591         0.59488               
         A        114        TYR         0.80835         0.20308         0.90168         0.18668          1.2258         0.56646               
         A        115        ARG          0.8404         0.41003           1.072         0.33483          1.6541         0.33209               
         A        116        ILE         0.21146        0.074279         0.23519        0.073566          0.3122         0.12176               
         A        117        PRO        0.075084        0.051753         0.11658        0.028912         0.14551               0               
         A        118        VAL        0.027931        0.021393        0.041178        0.015155         0.06245               0               
         A        119        ILE       0.0009566       0.0025309       0.0019132       0.0033137       0.0076528               0               
         A        120        GLY        0.027985       0.0092309               0               0        0.037377        0.013461               
         A        121        LEU         0.13033        0.045308         0.13181        0.046765         0.19413        0.065669               
         A        122        THR         0.28227        0.063634         0.34556        0.031832            0.39         0.18808               
         A        123        THR         0.23899        0.040637         0.25261        0.047844         0.30248         0.18209               
         A        124        ARG         0.23961        0.020606         0.23459        0.020753         0.26728         0.20642               
         A        125        MET         0.39952        0.072954         0.45981        0.056126         0.54921         0.31466               
         A        126        SER         0.44768        0.080485         0.38668        0.054594         0.56996         0.33209               
         A        127        ILE          0.7907         0.19343         0.92526         0.18726          1.1775         0.56298               
         A        128        TYR         0.44857        0.040387         0.43582        0.033602         0.53904          0.3764               
         A        129        SER         0.57318        0.071658         0.51684        0.039229         0.67862         0.47761               
         A        130        ASP          1.2115          0.3874          1.5553          0.2449          1.8022         0.78061               
         A        131        LYS         0.87471         0.30358          0.6706          0.2237          1.3213         0.40108               
         A        132        SER          2.0947         0.56252          2.8218         0.33995          3.1618          1.5119               
         A        133        ILE          1.3518         0.16791          1.4445         0.12717          1.5763          1.0871               
         A        134        HIS         0.66796         0.10624         0.64317        0.070198          0.9217         0.52238               
         A        135        LEU         0.68818         0.10486         0.86069               0         0.86069         0.57347               
         A        136        SER         0.31606         0.11343         0.36085        0.048649         0.48384         0.13625               
         A        137        PHE          0.2123        0.040596         0.19794        0.038319         0.27417         0.14738               
         A        138        LEU        0.093644         0.03057           0.108        0.020348         0.13625        0.048199               
         A        139        ARG          0.1491         0.10087         0.20328        0.088303         0.33209        0.032807               
         A        140        THR        0.099591        0.045385        0.090142         0.01658         0.18408        0.031293               
         A        141        VAL         0.14507        0.036736         0.18184        0.022103         0.21057         0.10242               
         A        142        PRO         0.16324         0.01275         0.17035       0.0088317          0.1801         0.14551               
         A        143        PRO         0.20274        0.029885         0.23257       0.0099881         0.24265         0.15872               
         A        144        TYR         0.25333        0.065722         0.28327        0.059979         0.40108         0.16063               
         A        145        SER         0.25527        0.038541         0.30612       0.0036382         0.30976         0.20642               
         A        146        HIS         0.24186        0.084368         0.29205        0.073755         0.38453         0.15113               
         A        147        GLN          0.1294        0.022105         0.14492        0.013297         0.15681        0.088764               
         A        148        ALA         0.17688        0.036431         0.19616               0          0.2361         0.13809               
         A        149        LEU          0.3407         0.09752         0.40212        0.097063         0.54921         0.20849               
         A        150        VAL         0.19172        0.014888          0.1903        0.015727         0.20435         0.16834               
         A        151        TRP         0.11001        0.064837        0.081467        0.038703         0.26047         0.01639               
         A        152        PHE          0.7129         0.27934         0.87405         0.21316          1.1843         0.28817               
         A        153        GLU         0.65943          0.1791         0.77182          0.1562         0.93226         0.42666               
         A        154        MET         0.30904         0.10465         0.21346        0.039421         0.47451         0.14738               
         A        155        MET         0.60266         0.15322         0.56455        0.090126         0.88563         0.39552               
         A        156        ARG          1.3196         0.32212          1.4632         0.27526          1.9677         0.73237               
         A        157        LEU         0.97596         0.22208         0.85553         0.17584          1.4253         0.67862               
         A        158        PHE         0.85004         0.29673         0.66181         0.12511          1.4507          0.4653               
         A        159        ASN          2.0425           0.605          2.5709          0.3961          3.2116          1.3523               
         A        160        TRP         0.73689         0.27295         0.59604         0.18582          1.1313         0.31712               
         A        161        ASN          1.6418         0.30778          1.9323          0.1167          2.0448          1.2762               
         A        162        HIS          1.6773          0.6525          2.1127         0.47489          2.7814          0.8958               
         A        163        VAL         0.58948        0.084439         0.51866        0.031769         0.73665         0.49013               
         A        164        ILE         0.50811         0.18382         0.63656         0.15509         0.87059          0.2232               
         A        165        LEU         0.33671        0.069602         0.32924        0.078369         0.43539         0.21475               
         A        166        ILE         0.26113        0.039292         0.28397        0.036669          0.3122         0.20024               
         A        167        VAL         0.46943        0.086639         0.47262        0.089142         0.59127         0.37371               
         A        168        SER         0.65861         0.10137         0.62781         0.05081         0.78967         0.49966               
         A        169        ASP          1.7143         0.40691           2.026         0.25826          2.2866          1.0095               
         A        170        ASP          1.1656         0.16714          1.0347         0.11543          1.3923          0.9217               
         A        171        HIS         0.98311         0.18931          1.1185               0          1.2187         0.73665               
         A        172        GLU         0.49563         0.11505         0.42252        0.075286         0.72388         0.33209               
         A        173        GLY         0.59115        0.035315               0               0         0.63188         0.55607               
         A        174        ARG         0.87848         0.11812          1.1058               0          1.1058         0.78513               
         A        175        ALA         0.55235         0.06309         0.52238               0         0.67065         0.50287               
         A        176        ALA         0.36595        0.049501         0.28347               0         0.42377         0.28347               
         A        177        GLN         0.81168         0.21375         0.95896         0.16423          1.1979         0.49013               
         A        178        LYS         0.88522         0.10143         0.97014               0         0.99247         0.71966               
         A        179        LYS         0.56413         0.07288         0.52188        0.065274         0.67462         0.45019               
         A        180        LEU         0.54161         0.14056         0.42552        0.038161         0.79424         0.37104               
         A        181        GLU           1.201         0.20087          1.2128         0.12247          1.5209         0.81274               
         A        182        THR          1.5468         0.22696          1.5031          0.2386          1.8944          1.1843               
         A        183        LEU         0.99888         0.27745         0.74436         0.13509          1.3682         0.53568               
         A        184        LEU          1.3446         0.37719           1.048         0.13718          2.0186          0.8509               
         A        185        GLU          2.8409         0.60138          2.8645               0          3.6889          1.8944               
         A        186        GLY          3.2318         0.24243               0               0          3.5377          2.9514               
         A        211        LYS          2.4156         0.46013           3.237               0           3.237          1.9306               
         A        212        ALA          1.2732         0.25299          1.2762               0          1.6743         0.94831               
         A        213        ASP         0.92087         0.13771         0.81237        0.059679          1.1641         0.73237               
         A        214        LYS         0.98833          0.2509          1.4337               0          1.4337         0.69889               
         A        215        VAL         0.89537          0.1285         0.82225        0.055028          1.1575         0.74526               
         A        216        LEU         0.78017         0.15797         0.87499         0.16116          1.1378         0.55263               
         A        217        GLN          1.2427          0.2654          1.4232          0.2252          1.7367         0.94293               
         A        218        PHE         0.90762         0.24454          0.7564         0.15865           1.306         0.55263               
         A        219        GLU          1.8199         0.23086          2.2412               0          2.2412          1.5576               
         A        220        PRO          1.8177         0.24016          1.6781         0.10203          2.3334          1.5669               
         A        221        GLY          2.1412         0.30671               0               0          2.6069          1.7582               
         A        222        THR          1.8841         0.22002          1.9677               0          2.1399          1.4853               
         A        223        LYS          2.1014          0.1662          2.4143               0          2.4143          1.9429               
         A        224        ASN          2.1703         0.34587          2.8434               0          2.8434          1.8825               
         A        225        LEU           1.212         0.16037          1.0095               0          1.4766          1.0095               
         A        226        THR          1.8761         0.28092          2.1537         0.21215          2.4478          1.5763               
         A        227        ALA          1.8384         0.26242          2.3021               0          2.3021          1.5391               
         A        228        LEU          1.0322         0.11698         0.92696               0          1.2399         0.92696               
         A        229        LEU         0.88887         0.18663         0.73044        0.088563          1.1708          0.6206               
         A        230        LEU          1.7713         0.24373          2.1399               0          2.1399          1.3923               
         A        231        GLU          1.9371         0.49276          2.2298         0.48543          2.8018          1.4087               
         A        232        ALA          1.0621         0.14036         0.80344               0          1.1641         0.80344               
         A        233        LYS           1.529         0.22869          1.5119               0          1.8591          1.2187               
         A        234        GLU          2.3457         0.34808          2.8018               0          2.8018          1.8022               
         A        235        LEU          1.7095         0.18983          1.3367               0          1.8708          1.3367               
         A        236        GLU          1.9148         0.27293          2.4478               0          2.4478          1.6743               
         A        237        ALA           1.108         0.16235          1.1058               0          1.3682         0.90607               
         A        238        ARG         0.90752         0.21397           1.039         0.11369          1.2543          0.5191               
         A        239        VAL         0.41289        0.092002         0.41621        0.090145         0.56646          0.3049               
         A        240        ILE         0.21977         0.10631         0.29072        0.093077         0.41233        0.080402               
         A        241        ILE         0.10133        0.050298         0.12911         0.05788          0.2232        0.054485               
         A        242        LEU        0.073089        0.043636         0.10321        0.042109         0.14551        0.028277               
         A        243        SER         0.20821        0.051098         0.20037         0.01229         0.29529         0.13442               
         A        244        ALA         0.33008        0.044602          0.3578               0            0.39         0.25597               
         A        245        SER         0.62628         0.11754          0.7837        0.038432         0.82213         0.49013               
         A        246        GLU          1.0094         0.16689          1.1058         0.15019          1.3842         0.76719               
         A        247        ASP           1.467         0.36454          1.7978         0.19935          1.9929          1.0626               
         A        248        ASP         0.84061         0.19417         0.95318         0.15478          1.1058         0.54921               
         A        249        ALA         0.50482        0.044173         0.43247               0         0.56646         0.43247               
         A        250        THR         0.97913         0.19346           1.193        0.064669          1.2762         0.73665               
         A        251        ALA         0.84442        0.077074         0.96464               0         0.96464         0.73237               
         A        252        VAL         0.43379        0.091384         0.34197        0.043391         0.58054         0.28347               
         A        253        TYR         0.41068         0.14118         0.33927        0.099499         0.67862         0.21266               
         A        254        LYS          1.1599         0.24408          1.3213               0          1.4941         0.78061               
         A        255        SER          1.0724         0.11118          1.0684        0.075933          1.2688         0.95917               
         A        256        ALA         0.80515          0.1559         0.57347               0         0.99813         0.57347               
         A        257        ALA          1.4319         0.25304          1.3842               0          1.8134          1.0566               
         A        258        MET          2.2297         0.25052          2.3978               0          2.4992          1.7691               
         A        259        LEU           1.831        0.099073          1.8148         0.10976          1.9429          1.7052               
         A        260        ASP          1.6966         0.28735          2.2116               0          2.2116          1.4253               
         A        261        MET         0.89572         0.16794         0.90576         0.11714          1.1575         0.62435               
         A        262        THR         0.77196        0.052892         0.78897        0.063725          0.8364         0.69889               
         A        263        GLY          1.0926        0.091104               0               0          1.1979         0.95917               
         A        264        ALA          1.5495         0.29358          2.0448               0          2.0448          1.1843               
         A        265        GLY          1.2736         0.21094               0               0          1.5483          1.0566               
         A        266        TYR         0.84199         0.19446          0.9198         0.18054          1.2688         0.57347               
         A        267        VAL         0.34773        0.099652         0.39148        0.085832         0.50932         0.20642               
         A        268        TRP         0.19225        0.076034         0.22155        0.068723         0.33461        0.085404               
         A        269        LEU        0.029969        0.031686        0.052115        0.029045         0.10069               0               
         A        270        VAL        0.036855        0.025729        0.059887        0.010551        0.068908               0               
         A        271        GLY         0.10389        0.033987               0               0         0.14738         0.06245               
         A        272        GLU         0.34214         0.08292         0.38434        0.059482         0.48072         0.17616               
         A        273        ARG         0.41797        0.054239         0.41367        0.036624         0.53904         0.33209               
         A        274        GLU          0.2731        0.090179         0.19599        0.027663         0.40668         0.15491               
         A        275        ILE         0.44728         0.13701         0.34317        0.045112         0.70301         0.26957               
         A        276        SER         0.81016         0.12838          0.7214        0.054714         0.97568         0.65492               
         A        277        GLY          1.4696        0.095573               0               0          1.5483           1.306               
         A        278        SER           1.603         0.25269          1.8427         0.13755          1.9803          1.2615               
         A        279        ALA         0.80644          0.1338         0.64332               0          1.0446         0.64332               
         A        280        LEU         0.96631         0.10923               1         0.13529          1.2048         0.83162               
         A        281        ARG          1.4119         0.21545          1.8022               0          1.8022          1.1708               
         A        282        TYR          1.5657         0.65707          1.8916         0.55835          2.9075         0.68264               
         A        283        ALA         0.60568        0.076119         0.51582               0         0.72388         0.51582               
         A        284        PRO         0.45199        0.061057         0.39418        0.044048          0.5191         0.33209               
         A        285        ASP         0.94779         0.22971           1.165        0.093789          1.2543         0.65882               
         A        286        GLY          0.5031        0.086692               0               0         0.59488         0.39276               
         A        287        ILE         0.23631        0.068716         0.19941        0.052389         0.36837         0.13994               
         A        288        ILE         0.11972        0.047003         0.14996        0.036864         0.19413        0.045084               
         A        289        GLY          0.1337         0.01475               0               0         0.14925         0.11642               
         A        290        LEU         0.18629         0.06762          0.1348        0.020631          0.3049         0.10937               
         A        291        GLN          0.5741         0.19393         0.71972         0.13601         0.90092         0.31959               
         A        292        LEU         0.35841        0.090774         0.28925        0.037526         0.53568         0.24265               
         A        293        ILE         0.65728         0.11665         0.74962        0.075975          0.8509         0.47143               
         A        294        ASN          0.8595         0.22604          1.0305         0.18447          1.2985         0.54921               
         A        295        GLY         0.50441        0.048702               0               0         0.58054         0.45619               
         A        296        LYS           0.852         0.11319         0.92696               0          1.0153         0.69073               
         A        297        ASN           1.045         0.29867          1.2765         0.23081          1.6441         0.62435               
         A        298        GLU          0.6427        0.072155         0.64817        0.054356         0.75397         0.50287               
         A        299        SER         0.89031         0.20324          1.1658        0.059976          1.2258         0.67065               
         A        300        ALA         0.64422         0.12241         0.78967               0         0.78967         0.47451               
         A        301        HIS         0.33377        0.069497         0.35036        0.033172         0.45619         0.18808               
         A        302        ILE          0.3684        0.096718         0.44918        0.064304         0.55952         0.22108               
         A        303        SER         0.48342         0.11819         0.64441        0.042263         0.68667         0.36571               
         A        304        ASP          0.3713         0.13761         0.48612        0.081172         0.57347          0.1801               
         A        305        ALA        0.089513        0.029033         0.06245               0         0.14551         0.06245               
         A        306        VAL         0.19062        0.048257         0.23373        0.025473         0.26957         0.11465               
         A        307        ALA         0.34237        0.065855         0.45319               0         0.45319          0.2515               
         A        308        VAL         0.22619        0.038024         0.25248        0.035361         0.30248         0.16255               
         A        309        VAL         0.10515         0.04415        0.060964         0.01114         0.17813        0.046639               
         A        310        ALA         0.32914        0.080047         0.36571               0         0.42089         0.18607               
         A        311        GLN          0.6669         0.18538         0.79834         0.13276         0.93226          0.3791               
         A        312        ALA         0.37621        0.051372         0.28817               0         0.44721         0.28817               
         A        313        ILE         0.33542         0.11127         0.25692        0.063953         0.53568         0.18408               
         A        314        HIS         0.84492         0.15204         0.91181         0.10525          1.0626          0.5191               
         A        315        GLU          1.0183         0.10607          1.0199        0.083114          1.2048         0.84604               
         A        316        LEU         0.80337         0.19216         0.66534        0.095126          1.1979         0.52238               
         A        317        PHE         0.95481         0.28222         0.80356         0.13726           1.605         0.59127               
         A        318        GLU          2.0052         0.36563          2.0519         0.29077          2.5885          1.3682               
         A        319        MET          1.9051         0.20315          1.7489        0.064215          2.2866          1.6541               
         A        320        GLU          2.8703         0.52209          3.8843               0          3.8843          2.4647               
         A        321        ASN          3.3019         0.98977          4.1695         0.58739          4.6721          1.9929               
         A        322        ILE          1.3809         0.25928          1.1771          0.1278          1.8591         0.96464               
         A        323        THR          1.1837          0.2717          1.3449         0.27475          1.7052         0.76719               
         A        324        ASP         0.96392         0.19194          1.0967         0.16804          1.3682         0.70714               
         A        325        PRO         0.54398         0.12407         0.42248        0.030272         0.74961         0.40108               
         A        326        PRO         0.79876        0.083692         0.77184        0.092272         0.90092         0.69073               
         A        327        ARG          1.2216         0.16992          1.3289               0          1.4941          1.0269               
         A        328        GLY          1.1226        0.043674               0               0          1.1575          1.0506               
         A        329        CYS          1.3366         0.31105          1.0303         0.17453          1.7582         0.85578               
         A        330        VAL          2.5794         0.45387          2.9675         0.40318          3.5377          1.9552               
         A        331        GLY          3.1292         0.25869               0               0          3.4515          2.8645               
         A        332        ASN           1.876          0.1953          1.7663        0.087695          2.2866          1.6642               
         A        333        THR          2.9694         0.59866          3.6429         0.15729          3.7846          2.3334               
         A        334        ASN          2.4602         0.70731          3.0571         0.35023          3.3686          1.3762               
         A        335        ILE          1.3295         0.12168          1.3572         0.10501          1.5119          1.1708               
         A        336        TRP         0.57519         0.22411         0.45467         0.13707         0.93758         0.24265               
         A        337        LYS          1.2231         0.14082          1.4766               0          1.4766          1.0687               
         A        338        THR          0.7878        0.097098         0.82345         0.07356         0.92696         0.65492               
         A        339        GLY         0.50881        0.064893               0               0         0.60948         0.43833               
         A        340        PRO         0.83423         0.12896         0.96025        0.094438          1.0328         0.67462               
         A        341        LEU          1.0062          0.2273          1.2131         0.10298          1.3136         0.71129               
         A        342        PHE         0.31774         0.12638           0.252        0.093164         0.56646         0.13442               
         A        343        LYS         0.44216         0.12319         0.49656         0.13954         0.69073         0.30976               
         A        344        ARG          1.2161         0.54517          1.5257         0.44827          2.0984         0.56646               
         A        345        VAL         0.63486        0.082801         0.70317        0.071344         0.80344          0.5191               
         A        346        LEU         0.26184         0.10411         0.16389        0.039226         0.40668         0.10588               
         A        347        MET         0.56963         0.10704         0.58787         0.12188         0.77612         0.43539               
         A        348        SER         0.98229          0.1534          1.1482        0.036077          1.1843         0.73665               
         A        349        SER         0.67568         0.11119         0.52444        0.024774         0.80808         0.49966               
         A        350        LYS          1.0649        0.099831          1.2258               0          1.2258         0.93758               
         A        351        TYR         0.89421         0.11419         0.84505         0.10393          1.0871         0.73665               
         A        352        PRO           1.651         0.22565          1.8639         0.18576          2.0316          1.3923               
         A        353        ASP          2.0169         0.62163          2.5586         0.40933          3.0422          1.3213               
         A        354        GLY          1.0629         0.11414               0               0          1.2118         0.90607               
         A        355        VAL          1.0771         0.18213          1.1203         0.25687          1.4766         0.88059               
         A        356        THR         0.68569          0.1137         0.58718        0.054164         0.86069         0.51256               
         A        357        GLY         0.86553        0.045662               0               0         0.90607         0.78967               
         A        358        ARG          1.3054         0.54992           1.612         0.45071          2.3021         0.55263               
         A        359        ILE         0.53157         0.10547           0.449        0.074751         0.67065         0.32706               
         A        360        GLU         0.82097         0.34212          1.0837         0.22328          1.3923         0.36043               
         A        361        PHE         0.35641         0.16744         0.24752        0.070475         0.71547         0.15491               
         A        362        ASN         0.62752        0.095493         0.61125        0.087247         0.77612         0.50287               
         A        363        GLU          1.1722         0.25189          1.3724          0.1469          1.5954          0.8509               
         A        364        ASP         0.66861         0.12147         0.72376         0.10562          0.8958         0.46835               
         A        365        GLY         0.35104         0.11414               0               0         0.52238         0.20849               
         A        366        ASP         0.31176        0.047764         0.33619         0.04651         0.41233         0.25373               
         A        367        ARG         0.26266        0.086933         0.28439        0.099696         0.45619         0.15491               
         A        368        LYS         0.61726         0.28162         0.81497         0.23315          1.1911         0.32957               
         A        369        PHE         0.75034         0.25953         0.91099         0.18484          1.1708         0.42377               
         A        370        ALA         0.30739        0.043678         0.22533               0         0.34482         0.22533               
         A        371        GLN         0.56842         0.17874          0.7072         0.11852          0.8364         0.37371               
         A        372        TYR         0.27813         0.11096          0.2065        0.041136         0.49966         0.15681               
         A        373        SER         0.47932         0.11947         0.62894        0.086526         0.71547          0.3578               
         A        374        ILE         0.34287        0.054297         0.31333        0.047472         0.42089         0.24265               
         A        375        MET         0.46828         0.17292         0.59764         0.15494         0.83162           0.265               
         A        376        ASN         0.51405          0.1094         0.48868        0.093719         0.71547         0.39276               
         A        377        LEU         0.72471         0.11134         0.75718         0.11673         0.93226         0.54242               
         A        378        GLN          1.2528         0.22959          1.1929         0.13882          1.6845         0.94831               
         A        379        ASN          2.1182         0.31589          2.4819               0          2.4819          1.6147               
         A        380        ARG          2.0684         0.23436          2.1858           0.204          2.4143          1.7582               
         A        381        LYS          1.5406         0.28629          1.9677               0          1.9677          1.1575               
         A        382        LEU         0.98809         0.18431         0.83651          0.1053          1.2471         0.68667               
         A        383        VAL          1.0632         0.24217          1.3163         0.10779          1.4005         0.72811               
         A        384        GLN          1.1005         0.16875             1.2         0.13847          1.3602         0.87558               
         A        385        VAL         0.71542         0.10013         0.65355         0.12765         0.78513         0.48072               
         A        386        GLY         0.68008        0.063991               0               0         0.74094         0.59127               
         A        387        ILE         0.82715         0.20321         0.99259         0.16231          1.2471          0.5985               
         A        388        PHE         0.47247        0.060188         0.43729        0.039139          0.5841         0.38726               
         A        389        ASN          1.0361         0.27784           1.285         0.16961            1.53         0.72388               
         A        390        GLY         0.71335        0.041612               0               0         0.76719         0.65882               
         A        391        SER          1.2491          0.1668          1.4264          0.0502          1.4766         0.96464               
         A        392        TYR          1.7968         0.67944          2.1777         0.50055           3.237         0.87558               
         A        393        ILE         0.78996         0.20618         0.60405        0.085275          1.1121         0.47451               
         A        394        ILE          1.3221         0.23299          1.5147         0.15686          1.7582          1.0269               
         A        395        GLN          1.5564         0.20222          1.5954               0          1.8944          1.3289               
         A        396        ASN          1.6726         0.22894          1.6098         0.17336          2.0057          1.3367               
         A        397        ASP          2.7095         0.40192          3.4799               0          3.4799          2.3815               
         A        398        ARG          1.7728         0.15232          1.6642               0          2.0186          1.6244               
         A        399        LYS          1.4795         0.21712          1.8247               0          1.8247          1.2328               
         A        400        ILE         0.80624            0.22         0.60419        0.079025          1.1121         0.49966               
         A        401        ILE          1.1629         0.28172          1.4115         0.14792          1.6342         0.75397               
         A        402        TRP         0.80242         0.22599         0.73605         0.23283          1.0809         0.42089               
         A        403        PRO         0.89526         0.25408         0.66399        0.080795          1.3213           0.577               
         A        404        GLY          1.9299         0.41391               0               0          2.4309          1.3213               
         A        405        GLY          2.7841         0.50018               0               0          3.5672          2.1825               
         A        406        GLU          2.0196         0.24995          2.0184         0.18108          2.3653          1.5576               
         A        407        THR          1.8448         0.19504          2.1121               0          2.1121          1.5858               
         A        408        GLU          1.2743        0.075214          1.1641               0          1.3762          1.1641               
         A        409        GLY          1.1986        0.094692               0               0          1.3289          1.0933               
         A        410        THR         0.93689         0.17924         0.75827        0.071428          1.1641         0.68667               
         A        411        LEU          1.8159         0.28014          2.2866               0          2.2866          1.4337               
         A        412        VAL          2.4083         0.44864          2.9559         0.13334          3.0892          1.7474               
