pdb_id: 
analysis type: unbound
radii_file: F:\psiafrombintisolah\PSAIA-1.0\amac_data\chothia.radii
CX_sRadius: 14
CX_vAtom: 20.1

  chain id|    res id|  res name|     average CX|       s_avg CX|    s-ch avg CX|  s-ch s_avg CX|         max CX|         min CX|               
         A         13        ALA           1.231         0.22992          1.4231               0          1.5081         0.86877               
         A         14        VAL          1.5473           0.266          1.8323         0.13137          1.9939          1.2513               
         A         15        ILE          1.0257         0.23491          0.8089        0.079653          1.3728         0.69184               
         A         16        THR          2.5607         0.56141          3.1758        0.084971          3.2359          1.7492               
         A         17        ASP          1.7743         0.34404          2.0219          0.1955          2.3247          1.2251               
         A         18        TRP         0.66768         0.25512         0.51919         0.10377          1.1743         0.39135               
         A         19        ARG          1.8148         0.82366          2.2797         0.68532          3.2359         0.93845               
         A         20        PRO         0.73247         0.13186         0.60575        0.063323          0.9319         0.54136               
         A         21        GLU           1.034         0.21489         0.91817         0.11433          1.4543         0.73812               
         A         22        ASP          1.8509         0.43299          2.2222         0.28816          2.5299          1.2692               
         A         23        PRO          1.9509         0.15162          2.1053        0.096629          2.2126          1.7895               
         A         24        ALA          2.4097         0.22641          2.8379               0          2.8379          2.2491               
         A         25        PHE          1.3538         0.30492          1.1886          0.2225          1.9325         0.86877               
         A         26        TRP          1.0126          0.2734         0.88598         0.21602          1.4128         0.58845               
         A         27        GLN          2.3761         0.49584          2.7263         0.37994          3.3652          1.6974               
         A         28        GLN          2.5285         0.59962           2.967         0.44793          3.6491          1.7895               
         A         29        ARG          1.2828         0.14873          1.3405        0.073424          1.4543          0.9651               
         A         30        GLY         0.79267         0.14475               0               0          1.0206         0.62455               
         A         31        GLN          1.0618         0.26022          1.2505         0.20321          1.5081         0.78701               
         A         32        ARG          1.4107         0.35386          1.6509         0.18587           1.817         0.91252               
         A         33        ILE          0.6531         0.13465         0.72259         0.10751         0.86877          0.4477               
         A         34        ALA         0.37502         0.03858         0.34869               0         0.44041         0.34235               
         A         35        SER         0.73925         0.20175         0.99218         0.14156          1.1337         0.52086               
         A         36        ARG         0.78314         0.14214         0.87424        0.073947         0.98557         0.51682               
         A         37        ASN          0.2749        0.056107         0.26306        0.052562         0.38126         0.21928               
         A         38        LEU         0.44064         0.10959         0.52619        0.091067         0.66233         0.30558               
         A         39        TRP           1.402         0.70618          1.7164         0.59189           2.787         0.51682               
         A         40        ILE         0.47802         0.15653         0.58359         0.13579         0.75952         0.26235               
         A         41        SER         0.16494        0.041086         0.12223        0.033007          0.2245        0.089224               
         A         42        VAL          0.3996         0.12882         0.54327        0.028881         0.58405          0.2568               
         A         43        PRO         0.38511         0.11597         0.49381        0.071615         0.59288         0.23242               
         A         44        CYS         0.12441        0.048236         0.15227        0.044051         0.19632        0.064884               
         A         45        LEU        0.092898        0.024264         0.09391        0.033272         0.12346        0.037827               
         A         46        LEU         0.24903         0.12264         0.35282        0.089799         0.49697         0.12126               
         A         47        LEU         0.21091         0.10715         0.29955        0.074171         0.39135        0.070867               
         A         48        ALA        0.016973        0.021127        0.024808               0        0.055061               0               
         A         49        PHE         0.01785        0.020259        0.023601        0.022752        0.057011               0               
         A         50        CYS        0.072991        0.058976         0.14906        0.029996         0.17906       0.0049961               
         A         51        VAL        0.032064        0.029711        0.060104        0.022725        0.091303               0               
         A         52        TRP       0.0049372         0.01119        0.006912        0.012714        0.041608               0               
         A         53        MET               0               0               0               0               0               0               
         A         54        LEU        0.011923        0.017822        0.023846        0.018733        0.051182               0               
         A         55        PHE        0.020755        0.028969        0.032614        0.030529        0.072876               0               
         A         56        SER        0.004749        0.010619               0               0        0.028494               0               
         A         57        ALA        0.072304        0.038965        0.080988               0          0.1279       0.0067655               
         A         58        VAL        0.052543        0.038672        0.034473        0.020445         0.13686        0.015707               
         A         59        ALA         0.14349        0.067843        0.078949               0          0.2568        0.072876               
         A         60        VAL         0.26527        0.095805         0.22011        0.056455         0.45138         0.16228               
         A         61        ASN         0.40521        0.084232         0.41023        0.079529         0.53721         0.29964               
         A         62        LEU         0.41758         0.14383         0.31678         0.04428         0.70191         0.27643               
         A         63        PRO         0.92028         0.28213         0.74912          0.1491          1.4648         0.56669               
         A         64        LYS          1.0928         0.25244         0.93712        0.099212          1.6474         0.77591               
         A         65        VAL          1.2692         0.31268         0.97119         0.12596          1.7625         0.79825               
         A         66        GLY           1.559         0.12692               0               0          1.7625          1.4128               
         A         67        PHE         0.92751          0.1885         0.78983        0.027433          1.2692         0.74342               
         A         68        ASN          1.9031         0.40234          2.2813         0.17373          2.5518          1.4334               
         A         69        PHE         0.87533         0.13288         0.79049        0.079642          1.1024         0.69686               
         A         70        THR          1.0631         0.27822          1.3239         0.11187          1.4128         0.62455               
         A         71        THR         0.58871         0.11367         0.65836        0.037615         0.72762         0.39474               
         A         72        ASP         0.71935         0.17868         0.88748        0.058561         0.98557         0.45507               
         A         73        GLN         0.83949         0.36436          1.1173          0.2389          1.4863         0.37133               
         A         74        LEU         0.33641        0.095434          0.4078        0.052554         0.48917         0.17906               
         A         75        PHE         0.20455        0.036452         0.19621         0.03921         0.25957         0.12126               
         A         76        MET         0.46051         0.20701         0.63725         0.15165         0.86268         0.26235               
         A         77        LEU         0.19784        0.074312         0.24371        0.057532         0.33297        0.066871               
         A         78        THR        0.068178        0.036541        0.036729        0.026405         0.13012               0               
         A         79        ALA         0.19406        0.038317          0.2513               0          0.2513         0.13461               
         A         80        LEU         0.38305         0.12531         0.48061        0.099691          0.6018         0.21669               
         A         81        PRO         0.15585        0.047113         0.10729        0.023521         0.21928        0.083036               
         A         82        SER         0.16975        0.070397        0.090506        0.037389          0.2568        0.053117               
         A         83        VAL         0.58174         0.15317         0.68826         0.14187         0.88727         0.32987               
         A         84        SER         0.50355        0.054553         0.48192         0.05943         0.57968         0.42249               
         A         85        GLY         0.27565        0.028377               0               0         0.30856         0.23775               
         A         86        ALA          0.4217        0.070089         0.39135               0         0.50882         0.32678               
         A         87        LEU         0.99072         0.24182          1.1931          0.1336          1.3436          0.6018               
         A         88        LEU          0.5734        0.098876         0.61212        0.097314         0.74875         0.41896               
         A         89        ARG         0.24273         0.18396         0.12103         0.10574         0.51682               0               
         A         90        VAL         0.85015         0.15548         0.97536           0.145          1.1743         0.63852               
         A         91        PRO         0.90506        0.093217         0.96734        0.095614          1.1024         0.79825               
         A         92        TYR         0.37869          0.1095          0.3126        0.057457         0.59733         0.22713               
         A         93        SER         0.58587        0.064146         0.62539        0.071471         0.69686         0.51281               
         A         94        PHE           1.275         0.26268          1.4543          0.1054          1.6112         0.80392               
         A         95        MET         0.91487         0.20886          1.0393         0.23489          1.3058         0.73286               
         A         96        VAL         0.50346         0.15576         0.33187        0.035763         0.67696         0.28216               
         A         97        PRO          1.0305         0.20957         0.95948         0.14101          1.3926         0.77591               
         A         98        ILE          1.7231         0.32195           2.013         0.14694          2.1594          1.2164               
         A         99        PHE          1.3436          0.3478          1.4887         0.35914          1.9629         0.97869               
         A        100        GLY         0.55656         0.13893               0               0         0.75412         0.41896               
         A        101        GLY         0.25316        0.056917               0               0         0.33921         0.18394               
         A        102        ARG         0.74765         0.39835         0.97699         0.32266          1.3728          0.3026               
         A        103        ARG          1.0919          0.5276          1.4112          0.3951          2.0744         0.50485               
         A        104        TRP         0.45433         0.17151         0.50865         0.16837         0.78701         0.24044               
         A        105        THR         0.14886        0.050386        0.095815        0.018985         0.21928        0.070867               
         A        106        ALA         0.42758        0.090312         0.56241               0         0.56241         0.28504               
         A        107        PHE         0.72642          0.2462         0.87676         0.17776          1.1337         0.40502               
         A        108        SER         0.17902        0.058177         0.12409        0.026501         0.28793        0.097587               
         A        109        THR         0.21873        0.065555         0.17818        0.052842         0.31157         0.11688               
         A        110        GLY         0.50481        0.092579               0               0          0.6063         0.36478               
         A        111        ILE         0.63943         0.13172         0.71582         0.14268         0.93845         0.49697               
         A        112        LEU         0.23809         0.10242         0.14206           0.045         0.37133        0.074892               
         A        113        ILE         0.65045         0.10852          0.7293        0.071796         0.82697         0.46251               
         A        114        ILE         0.90506         0.28053          1.1361         0.21282          1.4648         0.57968               
         A        115        PRO         0.34541         0.05934         0.31857        0.051672         0.44041         0.27643               
         A        116        CYS         0.34539        0.080959         0.25145        0.060113         0.44041         0.19134               
         A        117        VAL         0.88548         0.19929          1.0904        0.085566          1.2079           0.571               
         A        118        TRP         0.93288         0.23337          1.0398         0.18894          1.3533          0.6063               
         A        119        LEU         0.24036         0.12617         0.12457         0.04976         0.42961        0.053117               
         A        120        GLY         0.64727         0.14767               0               0         0.82116         0.45138               
         A        121        PHE          1.5235         0.48449          1.8135          0.3591          2.2677         0.82116               
         A        122        ALA         0.72569        0.062522         0.65752               0         0.82697         0.65752               
         A        123        VAL         0.59154         0.13436         0.46616        0.059688         0.79825         0.40158               
         A        124        GLN           1.439         0.27677           1.584         0.21169          1.8592         0.91252               
         A        125        ASP          1.6565         0.33766          1.9398         0.20796          2.2308          1.1579               
         A        126        THR          1.9308         0.27555          2.1979         0.22181          2.4868          1.6722               
         A        127        SER          2.3227         0.41468          2.8903        0.026464          2.9167          1.8736               
         A        128        THR          1.2063         0.17222           1.072        0.073887          1.5191         0.98557               
         A        129        PRO          1.5062         0.33748          1.8323        0.063307          1.9028         0.94504               
         A        130        TYR          0.9289          0.1515         0.90785         0.16535          1.1258         0.70191               
         A        131        SER          1.6255         0.43808          2.2147          0.1891          2.4038          1.2513               
         A        132        VAL          1.0268         0.24566           1.169         0.21996          1.4543         0.69686               
         A        133        PHE         0.41054         0.10356         0.37423        0.075924         0.64323          0.2568               
         A        134        ILE         0.76499         0.17564         0.92011           0.107          1.0423         0.55392               
         A        135        ILE          1.0261         0.37657          1.3532         0.23971          1.6847         0.57532               
         A        136        ILE          0.3759         0.10866         0.37177         0.10652         0.53721         0.21153               
         A        137        SER         0.24872        0.036522         0.23591        0.032032          0.3026         0.20388               
         A        138        LEU         0.59088         0.20131          0.7606         0.15112          1.0206         0.38797               
         A        139        LEU         0.55894         0.20328         0.73478         0.12667         0.85663         0.28504               
         A        140        CYS         0.12109        0.057159        0.086169       0.0072205         0.23775        0.064884               
         A        141        GLY          0.1659       0.0083193               0               0         0.17422         0.15758               
         A        142        PHE         0.46127          0.2283          0.5999         0.16905         0.84465         0.19134               
         A        143        ALA        0.043862        0.039382        0.022975               0         0.11688               0               
         A        144        GLY        0.015831        0.011281               0               0        0.034074        0.003233               
         A        145        ALA         0.11288        0.043872         0.19883               0         0.19883        0.083036               
         A        146        ASN        0.031968        0.025258        0.038316        0.022564        0.070867               0               
         A        147        PHE       0.0092229        0.009801       0.0062296        0.008057        0.024808               0               
         A        148        ALA          0.1248        0.038411         0.17663               0         0.17663        0.057011               
         A        149        SER        0.098389         0.02963         0.11635         0.02505          0.1414        0.053117               
         A        150        SER        0.017571        0.017862        0.013324        0.013324        0.047331               0               
         A        151        MET        0.095216        0.028972         0.10215        0.019072         0.13461        0.037827               
         A        152        ALA         0.17689        0.045409          0.2568               0          0.2568         0.12567               
         A        153        ASN        0.095097        0.020912        0.095582        0.026182         0.13461        0.060933               
         A        154        ILE         0.17868        0.052996         0.19502        0.047353         0.27359         0.10608               
         A        155        SER         0.30467        0.044563         0.32526       0.0046069         0.36153         0.21669               
         A        156        PHE         0.33896        0.080223         0.37485        0.079077          0.5009         0.24857               
         A        157        PHE         0.22663        0.044559         0.21357        0.044601         0.29964         0.13236               
         A        158        PHE         0.43442        0.060114         0.45785        0.050413         0.53309         0.31458               
         A        159        PRO         0.63161        0.079184          0.6966         0.07192         0.77591         0.51682               
         A        160        LYS         0.68796        0.030453          0.6993        0.026476         0.72242         0.64323               
         A        161        GLN          1.0824         0.14489          1.2079               0          1.2513         0.83872               
         A        162        LYS         0.99956         0.21144          1.1395           0.177          1.3533         0.72762               
         A        163        GLN         0.48997        0.072888         0.45232        0.017401         0.64796         0.42249               
         A        164        GLY         0.60266        0.037551               0               0         0.66718         0.57532               
         A        165        GLY         0.81908        0.083242               0               0         0.95168         0.72242               
         A        166        ALA         0.55828        0.089746         0.57532               0         0.67205         0.45138               
         A        167        LEU         0.29727        0.057348          0.2656        0.023988         0.42961          0.2245               
         A        168        GLY         0.43307        0.048504               0               0         0.48146          0.3583               
         A        169        LEU         0.75604          0.2412         0.96295         0.16332          1.1179         0.47382               
         A        170        ASN         0.28721        0.081357         0.23009        0.053963         0.43679         0.17181               
         A        171        GLY         0.20983         0.04325               0               0         0.28216         0.17422               
         A        172        GLY          0.3453           0.043               0               0         0.40848         0.29084               
         A        173        LEU         0.66287         0.23484         0.87032         0.13023          1.0278         0.36153               
         A        174        GLY         0.19891        0.049414               0               0         0.28216         0.15291               
         A        175        ASN        0.085021        0.061141        0.031589        0.035304         0.16465               0               
         A        176        MET         0.45005         0.16806         0.59794         0.10681         0.73812         0.24857               
         A        177        GLY         0.18848        0.016615               0               0         0.20642         0.16465               
         A        178        VAL         0.08091        0.059846        0.015631         0.02107         0.15059               0               
         A        179        SER         0.30925        0.078255         0.36056        0.072628         0.43319         0.19134               
         A        180        VAL         0.46121        0.077244         0.52837        0.056562         0.59733         0.35508               
         A        181        MET         0.18294         0.10418        0.087157        0.047481         0.32371        0.028494               
         A        182        GLN         0.19524         0.12157         0.10327        0.059548         0.38797        0.021148               
         A        183        LEU         0.88314         0.28704          1.0984         0.21719          1.2966         0.44405               
         A        184        VAL         0.68424        0.062986         0.69314        0.046454         0.78701         0.58845               
         A        185        ALA         0.46996        0.085248         0.31761               0         0.56241         0.31761               
         A        186        PRO         0.71793         0.19002         0.57049        0.060409          1.0644         0.48917               
         A        187        LEU          1.5369         0.30864          1.6319         0.21719          1.9783          1.0135               
         A        188        VAL          1.2417         0.20125          1.0982          0.2179          1.4971         0.80392               
         A        189        VAL          1.2257         0.25214          1.0286         0.17791          1.5759         0.84465               
         A        190        SER          2.9947         0.58732          3.4678        0.034905          3.5384          1.8881               
         A        211        TYR          1.2199         0.24775          1.4648               0          1.4648         0.86877               
         A        212        LEU           0.567          0.1479         0.49731         0.10163         0.85663         0.33921               
         A        213        ALA         0.71371         0.12616         0.94504               0         0.94504         0.56669               
         A        214        ASN          1.0535         0.36809          1.3866         0.19765          1.6722         0.61995               
         A        215        ALA         0.36343        0.094804          0.3583               0         0.52086         0.24314               
         A        216        SER         0.30816        0.052145         0.24745        0.017685         0.38797         0.22977               
         A        217        TRP          1.0402         0.33883          1.1796         0.29647          1.6722         0.52086               
         A        218        ILE         0.78858         0.18452         0.89901         0.20427          1.1417         0.61082               
         A        219        TRP         0.35422         0.11311         0.28691        0.040961           0.571         0.22977               
         A        220        VAL         0.89837         0.15088         0.94739         0.16046          1.1417         0.68189               
         A        221        PRO          1.2777         0.16959          1.3274         0.20761          1.5875          1.0794               
         A        222        PHE         0.98096         0.21479          1.0747          0.2091          1.4128         0.72762               
         A        223        LEU         0.46865          0.1475         0.33921        0.093851         0.63852         0.24044               
         A        224        ALA         0.97241         0.13066          1.1743               0          1.1743         0.77591               
         A        225        ILE           1.424         0.44098          1.7532         0.40453          2.3638         0.97869               
         A        226        PHE          0.7309         0.15828         0.77921         0.16013          1.0423         0.48917               
         A        227        THR         0.68385        0.074409         0.66325        0.081634         0.77591         0.54971               
         A        228        ILE          1.4344           0.348          1.7499         0.19246          1.9783          1.0065               
         A        229        ALA         0.91809        0.075725         0.94504               0          1.0135         0.81537               
         A        230        ALA         0.53597        0.081345         0.39135               0          0.6063         0.39135               
         A        231        TRP          1.3458         0.34061          1.4964         0.27081          1.8881         0.74342               
         A        232        PHE          1.9166         0.60197           2.314         0.36322          2.8638          1.1258               
         A        233        GLY         0.83757         0.13049               0               0          1.0135         0.70699               
         A        234        MET         0.37976         0.16474         0.23623         0.08836         0.61995         0.11037               
         A        235        ASN         0.48203         0.11691         0.57067        0.099667         0.72762         0.34869               
         A        236        ASP         0.68116         0.10593         0.70437        0.090243         0.84465         0.53309               
         A        237        LEU         0.62212         0.21998         0.44767        0.082511          0.9651          0.3583               
         A        238        ALA          1.5411         0.21825           1.845               0           1.845          1.1661               
         A        256        LEU          1.0626         0.15131          1.1233         0.18364          1.4128         0.89352               
         A        257        TRP           1.939         0.57822           2.254         0.33024          2.8638          0.9319               
         A        258        ILE          0.9021         0.32426          1.1081         0.27094          1.4863         0.42961               
         A        259        MET         0.40472        0.066904         0.40101        0.039804         0.53721          0.2967               
         A        260        SER         0.51775          0.1263          0.6826        0.034642         0.71725         0.34235               
         A        261        LEU         0.50645         0.20464         0.66092         0.14476         0.89981         0.19632               
         A        262        LEU         0.21523        0.092407         0.27774        0.058314         0.34869        0.060933               
         A        263        TYR        0.093659        0.040157        0.083976        0.043235         0.15059        0.026648               
         A        264        LEU         0.23109         0.10964         0.32163        0.081714         0.45878        0.099698               
         A        265        ALA        0.069392        0.037549        0.095484               0         0.11907        0.017514               
         A        266        THR         0.01345        0.014033        0.024941        0.011621        0.034074               0               
         A        267        PHE       0.0060193       0.0083072        0.001941       0.0041831        0.024808               0               
         A        268        GLY        0.040427        0.015761               0               0        0.055061        0.017514               
         A        269        SER       0.0020185       0.0045136       0.0060556       0.0060556        0.012111               0               
         A        270        PHE        0.016163        0.025713          0.0254        0.028361        0.074892               0               
         A        271        ILE               0               0               0               0               0               0               
         A        272        GLY       0.0025807         0.00447               0               0        0.010323               0               
         A        273        PHE               0               0               0               0               0               0               
         A        274        SER               0               0               0               0               0               0               
         A        275        ALA       0.0097931        0.008498        0.012111               0        0.021148               0               
         A        276        GLY               0               0               0               0               0               0               
         A        277        PHE        0.053102        0.056309        0.075421        0.057859         0.15524               0               
         A        278        ALA         0.11369        0.056759        0.089224               0         0.19883        0.032207               
         A        279        MET         0.15149        0.059592         0.18007        0.064733         0.28216         0.09339               
         A        280        LEU         0.07825        0.038018         0.05243         0.02879         0.13913        0.030347               
         A        281        SER         0.26401        0.088179         0.29322        0.055465         0.38126         0.11907               
         A        282        LYS         0.56389         0.18362         0.67112          0.1656         0.88727          0.2967               
         A        283        THR          0.3986           0.095         0.32534        0.046595         0.56241         0.27076               
         A        284        GLN         0.53479         0.16149         0.42587        0.060876         0.87489         0.32065               
         A        285        PHE          0.7828          0.1017         0.76378         0.10787         0.91252         0.62455               
         A        286        PRO          1.2426         0.14066          1.2666        0.027991          1.4863          1.0135               
         A        287        ASP          1.9067          0.3535          2.1388         0.32227          2.5299          1.3827               
         A        288        VAL          1.1844         0.14724          1.1031         0.10968          1.3728         0.95168               
         A        289        GLN            1.24         0.26632          1.4332           0.141          1.6597         0.79825               
         A        290        ILE         0.43014         0.10554         0.35399        0.026726         0.66233         0.32987               
         A        291        LEU          0.4285        0.075963         0.39569        0.083954         0.52899         0.27076               
         A        292        GLN          1.4196           0.615          1.8743         0.44896          2.4868         0.67205               
         A        293        TYR         0.96379         0.46032          1.1935         0.39521          1.8881         0.41896               
         A        294        ALA         0.22623        0.064337          0.1414               0         0.33608          0.1414               
         A        295        PHE          0.6833         0.32459         0.88138         0.23921          1.2338          0.2967               
         A        296        PHE         0.87089         0.35651          1.0781         0.28351          1.4648         0.46251               
         A        297        GLY         0.27996        0.042554               0               0         0.34869         0.23242               
         A        298        PRO         0.14744          0.0531        0.095106        0.018638         0.21928        0.068865               
         A        299        PHE         0.80829          0.3573          1.0179         0.27315          1.4027         0.29964               
         A        300        ILE         0.62491         0.16585         0.75499         0.13597         0.95837         0.43319               
         A        301        GLY         0.28561        0.027507               0               0         0.33297         0.26514               
         A        302        ALA         0.33426        0.050754         0.29964               0         0.39815         0.27359               
         A        303        LEU         0.91027         0.26033          1.1419         0.14674          1.3341         0.54552               
         A        304        ALA         0.46077        0.071856         0.41896               0         0.55815         0.39135               
         A        305        ARG         0.18984         0.14022        0.097277        0.082259         0.38461        0.001476               
         A        306        SER         0.70084         0.08782         0.75493        0.037683         0.79261         0.52491               
         A        307        ALA         0.89704         0.09558          1.0423               0          1.0423         0.78144               
         A        308        GLY         0.58591        0.054299               0               0         0.66233         0.50882               
         A        309        GLY         0.82157         0.22015               0               0          1.1179         0.57532               
         A        310        ALA          1.4035          0.2481          1.4543               0          1.7625         0.99248               
         A        311        LEU          1.3415         0.15053          1.2798         0.15526          1.5875          1.0719               
         A        312        SER           1.032          0.2229         0.74168        0.039764          1.2966         0.70191               
         A        313        ASP          1.7494          0.3691          1.6092          0.2413          2.4868          1.3058               
         A        314        ARG          4.0301          1.5158          4.8013          1.3733          7.0541           2.091               
         A        315        LEU          2.1216         0.36351          2.3013         0.35817          2.6657          1.6231               
         A        316        GLY          1.1863         0.23316               0               0          1.5081          0.9319               
         A        317        GLY         0.66136         0.17543               0               0         0.91252         0.45138               
         A        318        THR         0.65005         0.10959         0.74095         0.10605         0.88106         0.52086               
         A        319        ARG          1.8832          1.1278          2.5033         0.96874          3.8461         0.71725               
         A        320        VAL         0.62028         0.16204         0.71024         0.14504         0.91252         0.39474               
         A        321        THR         0.25573        0.046693         0.21683        0.013127         0.34869         0.19883               
         A        322        LEU         0.74388         0.26995         0.97677          0.1845          1.2602         0.42604               
         A        323        VAL         0.83918         0.23335          1.0765         0.16006          1.2874         0.61995               
         A        324        ASN         0.31573        0.094665         0.25285         0.06603         0.49306         0.14828               
         A        325        PHE         0.28223         0.12477         0.20345        0.065772          0.5009         0.11688               
         A        326        ILE         0.93623         0.21751          1.1328          0.1023          1.2338         0.59733               
         A        327        LEU         0.77895         0.19467         0.90777         0.18733          1.2079         0.55815               
         A        328        MET         0.23777         0.11732         0.13261         0.05967         0.40502        0.068865               
         A        329        ALA         0.60366        0.091745         0.70699               0         0.70699         0.45138               
         A        330        ILE          1.0945         0.32751          1.3708         0.24338          1.7231         0.75412               
         A        331        PHE         0.67504         0.19686         0.76749         0.18547          1.0644         0.43319               
         A        332        SER         0.40318        0.083083         0.30871        0.046366         0.50485         0.26235               
         A        333        GLY         0.80552        0.087244               0               0         0.87489         0.65752               
         A        334        LEU          1.1271         0.32799          1.3969         0.25631          1.7895         0.76495               
         A        335        LEU          0.4028         0.15551         0.25621        0.065437         0.58405         0.15059               
         A        336        PHE         0.89503        0.093134         0.92967         0.03299         0.98557         0.66718               
         A        337        LEU          1.6286         0.40669          1.9766         0.25039          2.2308           1.057               
         A        338        THR         0.85655         0.12222         0.79637         0.14067         0.98557         0.61538               
         A        339        LEU         0.70115         0.24842             0.5         0.09538           1.191         0.37793               
         A        340        PRO          1.0907         0.17126          1.0402         0.19972          1.2874         0.79825               
         A        341        THR          1.9715         0.31863          2.1191          0.3323           2.574          1.5643               
         A        342        ASP          2.8967         0.53148          2.9847         0.38226          3.6116          1.9939               
         A        343        GLY          3.3717         0.46077               0               0          4.0606          2.7621               
         A        344        GLN           2.524          0.2646          2.4445          0.2574          2.9711          2.0097               
         A        345        GLY          2.2189         0.22309               0               0          2.5082          1.9939               
         A        346        GLY          1.7069         0.13136               0               0           1.845          1.5643               
         A        347        SER          1.3836         0.30532          1.7296       0.0065145          1.7361         0.87489               
         A        348        PHE         0.86737         0.14543         0.82623         0.12992          1.1337         0.64323               
         A        349        MET          1.9893          1.0446          2.8269         0.88041          3.9297          1.0496               
         A        350        ALA          1.1726          0.2429          1.5081               0          1.5081         0.83283               
         A        351        PHE         0.38454         0.15754         0.30317         0.10503         0.71725         0.16228               
         A        352        PHE         0.54237         0.11773          0.5793         0.13086         0.78701         0.40502               
         A        353        ALA         0.77421         0.17067          1.1024               0          1.1024         0.64796               
         A        354        VAL         0.53646         0.16523         0.63603         0.14889         0.83872         0.31761               
         A        355        PHE          0.1116        0.088034        0.053113        0.044382         0.27076               0               
         A        356        LEU         0.51827         0.16823         0.65498         0.12883         0.86877          0.2967               
         A        357        ALA         0.46332         0.11527         0.63852               0         0.63852         0.31458               
         A        358        LEU         0.14178        0.059069          0.1175        0.026104         0.26794        0.068865               
         A        359        PHE         0.10964        0.060534        0.079109        0.055316         0.18394       0.0085411               
         A        360        LEU         0.47538         0.20032         0.65147         0.13319         0.83872         0.27643               
         A        361        THR         0.22419        0.043312         0.24016        0.027539         0.27359         0.15758               
         A        362        ALA        0.077592        0.034203        0.032207               0         0.13012        0.032207               
         A        363        GLY         0.15181        0.027431               0               0         0.19632         0.12346               
         A        364        LEU         0.35668         0.12131          0.4561        0.095283         0.54552         0.22977               
         A        365        GLY         0.11845        0.023178               0               0         0.15059         0.09339               
         A        366        SER         0.06877         0.02477        0.043512       0.0019042         0.10394        0.041608               
         A        367        GLY         0.20218         0.04163               0               0         0.24584          0.1414               
         A        368        SER         0.27061        0.031259         0.29543        0.016138         0.31157         0.20897               
         A        369        THR         0.10255        0.033451        0.071519        0.026525         0.14598        0.041608               
         A        370        PHE         0.10647        0.057647        0.070713        0.027407          0.2245        0.028494               
         A        371        GLN         0.54433         0.21083         0.69584         0.15544         0.94504         0.25404               
         A        372        MET         0.35624         0.05747         0.33264        0.040878         0.47382          0.2967               
         A        373        ILE         0.34209        0.074466         0.29084        0.043512         0.48146         0.23242               
         A        374        SER         0.45104        0.082302         0.41505        0.043728         0.58405         0.36153               
         A        375        VAL         0.77771         0.10402         0.83395        0.044999         0.87489         0.55815               
         A        376        ILE         0.79401         0.10243         0.76984        0.080791         0.99248         0.68685               
         A        377        PHE         0.76311        0.093394         0.72489        0.089733         0.90614          0.6018               
         A        378        ARG         0.85871         0.11663         0.81522        0.086133          1.1101         0.72762               
         A        379        LYS          1.4718         0.24073           1.642         0.16995          1.8032          1.1179               
         A        380        LEU          1.2601         0.11135          1.2294         0.12318          1.4334          1.1024               
         A        381        THR          1.1811         0.14233          1.0542        0.064906          1.4231          0.9651               
         A        382        MET          1.5801         0.16013          1.5976         0.13546          1.8032          1.3246               
         A        383        ASP          2.0899         0.18456          2.1144        0.085614          2.4038          1.7231               
         A        384        ARG          1.9414         0.23358          1.8163          0.1578          2.4242          1.5081               
         A        385        VAL          2.0247         0.24773          1.8309         0.11402          2.4657          1.6847               
         A        386        LYS          2.7746         0.35212          2.7382         0.19637          3.5027          2.2491               
         A        387        ALA          3.5929         0.38691          3.5027               0          4.1986          2.9989               
         A        388        GLU          3.1194         0.55425          2.6875         0.30957          3.9725          2.2126               
         A        389        GLY          3.5636         0.17759               0               0           3.726          3.2996               
         A        390        GLY          2.8207        0.089402               0               0          2.9437          2.7133               
         A        391        SER           2.363         0.28533          2.4932          0.1491          2.6657          1.8881               
         A        392        ASP          1.9845         0.36041          2.2519         0.23353          2.5965          1.3827               
         A        393        GLU          1.9891         0.57098          2.4092         0.39956          2.8901          1.2164               
         A        394        ARG          1.8645         0.48113          2.1543         0.33889          2.8123          1.1101               
         A        395        ALA          1.1464         0.14148          1.2874               0          1.2966         0.94504               
         A        396        MET          1.0223          0.1559           1.147        0.083525          1.2692         0.75412               
         A        397        ARG          1.1298         0.32673          1.3032         0.28765          1.7625         0.72762               
         A        398        GLU          1.0993         0.25911          1.2991         0.17404          1.5303         0.80963               
         A        399        ALA         0.70908        0.072538         0.75412               0         0.80392         0.61538               
         A        400        ALA         0.55811        0.034904         0.57532               0         0.58405         0.48917               
         A        401        THR         0.71771         0.11092         0.84289        0.020071         0.86268         0.57968               
         A        402        ASP         0.79965         0.17641         0.95102         0.11788           1.035         0.58845               
         A        403        THR         0.39541         0.07508         0.41186        0.056247         0.49306         0.27929               
         A        404        ALA          0.3758         0.04041         0.36153               0         0.43679         0.33297               
         A        405        ALA         0.65001         0.10825         0.84465               0         0.84465         0.51682               
         A        406        ALA         0.48009         0.04984         0.52086               0         0.53721         0.40502               
         A        407        LEU         0.18928        0.056189         0.15019        0.029562         0.30558         0.11037               
         A        408        GLY          0.3642        0.017871               0               0         0.38126         0.33608               
         A        409        PHE         0.83312         0.28538          1.0181         0.18263          1.2692         0.48531               
         A        410        ILE         0.35399        0.066729         0.38406        0.052123         0.44405          0.2568               
         A        411        SER         0.14429        0.039492        0.097733        0.012642         0.19632        0.085091               
         A        412        ALA         0.35231        0.057047         0.45138               0         0.45138         0.27929               
         A        413        ILE         0.57141         0.20182         0.73616         0.15751         0.97187         0.36153               
         A        414        GLY         0.19668        0.065969               0               0         0.30558         0.13236               
         A        415        ALA         0.14901        0.017763          0.1414               0         0.17906          0.1279               
         A        416        ILE         0.45529         0.16606         0.60357         0.10137         0.75412         0.26235               
         A        417        GLY         0.19497        0.045867               0               0         0.24584         0.13461               
         A        418        GLY         0.10272        0.020137               0               0         0.12346        0.076917               
         A        419        PHE         0.51211         0.25179         0.65376         0.20881         0.94504         0.20642               
         A        420        PHE         0.56217         0.19407         0.66504         0.17142         0.94504         0.33297               
         A        421        ILE         0.13105         0.06953        0.070404        0.033481          0.2513        0.034074               
         A        422        PRO         0.16614        0.050985         0.12275       0.0045252         0.24584         0.11688               
         A        423        LYS         0.61316         0.18534         0.74183         0.12669         0.86268         0.30856               
         A        424        ALA         0.46238         0.04517         0.41545               0         0.54552         0.41545               
         A        425        PHE         0.22455         0.14223         0.12685        0.065103         0.45507        0.037827               
         A        426        GLY         0.67605         0.16437               0               0         0.88727         0.47003               
         A        427        SER          1.1448         0.18413          1.2084        0.034107          1.4231         0.82697               
         A        428        SER         0.95255         0.13692         0.78229        0.038866          1.1661         0.74342               
         A        429        LEU         0.85458          0.2958         0.61381        0.093517          1.4027         0.51682               
         A        430        ALA           1.766         0.40446          1.5303               0          2.4242          1.2783               
         A        431        LEU          2.5568         0.37091          2.7664         0.28955          3.0556          1.8592               
         A        432        THR          2.0658         0.28094          2.0652         0.40823          2.5518          1.5529               
         A        433        GLY           1.464         0.25263               0               0          1.8032          1.2079               
         A        434        SER          0.9461         0.13759          1.0483        0.069621          1.1179         0.73812               
         A        435        PRO         0.44736        0.078088         0.39916        0.089417         0.54136         0.30856               
         A        436        VAL         0.83574         0.11733          1.0135               0          1.0135         0.64796               
         A        437        GLY          1.0042        0.049528               0               0           1.057          0.9319               
         A        438        ALA         0.57888        0.091999         0.44405               0         0.73286         0.44405               
         A        439        MET         0.40046         0.11119         0.30575        0.046877         0.57968          0.2513               
         A        440        LYS          1.4066         0.48543          1.7466         0.38611          2.3054         0.77041               
         A        441        VAL         0.89722         0.12415          0.9731         0.10543           1.087         0.73286               
         A        442        PHE         0.31676         0.13586         0.22419        0.052976         0.58845         0.15059               
         A        443        LEU          0.8836         0.19875           1.015         0.17133          1.2874         0.58405               
         A        444        ILE          1.5138         0.45959          1.9148         0.30882          2.3247         0.99945               
         A        445        PHE         0.54814         0.16516         0.46402         0.12722         0.86268          0.2967               
         A        446        TYR         0.29307         0.20001         0.16399        0.093942         0.62455        0.045416               
         A        447        ILE          1.1338         0.22918          1.3277         0.13528          1.4971         0.75412               
         A        448        ALA          1.0095        0.093313          1.1417               0          1.1417         0.85663               
         A        449        CYS         0.49645         0.11903         0.33454       0.0046717         0.63384         0.32987               
         A        450        VAL         0.83363         0.14532         0.86764         0.14307          1.0423         0.61995               
         A        451        VAL           1.474          0.2888          1.7365         0.22452          2.0417          1.0794               
         A        452        ILE          1.0945         0.22065          1.1629         0.29015          1.5643         0.77591               
         A        453        THR          0.7512         0.19466         0.55252        0.079825          1.0278         0.44405               
         A        454        TRP          2.5872         0.94344          2.9676         0.83354          4.3947          1.1258               
         A        455        ALA          2.3711         0.24923          2.4868               0          2.7133          1.9476               
         A        456        VAL          1.6144         0.17622          1.5994         0.14651          1.8592          1.4128               
         A        457        TYR          1.0667         0.42637         0.79996        0.098368           2.091         0.69184               
         A        458        GLY          1.8514         0.38015               0               0          2.3638          1.4543               
