pdb_id: 
analysis type: unbound
radii_file: F:\psiafrombintisolah\PSAIA-1.0\amac_data\chothia.radii
CX_sRadius: 14
CX_vAtom: 20.1

  chain id|    res id|  res name|     average CX|       s_avg CX|    s-ch avg CX|  s-ch s_avg CX|         max CX|         min CX|               
         A          3        CYS          1.4458         0.15218          1.3644        0.058622          1.7492          1.2966               
         A          4        PRO          1.1187         0.24811         0.85816        0.080132          1.4648         0.74875               
         A          5        PRO           1.998          0.3453          2.3355         0.18917          2.5518          1.4755               
         A          6        ARG          1.8961         0.21535          1.9874          0.1845          2.2308          1.5529               
         A          7        CYS          1.2476         0.25216         0.91766        0.061031          1.5759         0.85663               
         A          8        GLU           1.677         0.30016          1.9112         0.16288          2.2308          1.2079               
         A          9        CYS          1.4292         0.23248          1.2033        0.093218          1.8309          1.1101               
         A         10        SER          1.8817         0.22263          2.1005        0.058818          2.1594          1.5643               
         A         11        ALA          2.3154         0.14326          2.5299               0          2.5299          2.1594               
         A         12        GLN          4.3897          1.4768          5.4655          1.1233          7.4095          2.7375               
         A         13        ASP          2.2816         0.58513          2.7425         0.37907          3.1438          1.3926               
         A         14        ARG          1.7365         0.60028          2.0594         0.48462          2.9167         0.82697               
         A         15        ALA         0.98121         0.10251          1.1101               0          1.1101         0.86268               
         A         16        VAL         0.57438        0.058553         0.54502        0.037317         0.67696         0.50485               
         A         17        LEU         0.91938          0.2045          1.0964         0.12494          1.2513         0.69184               
         A         18        CYS           0.667        0.049206         0.61782        0.016018         0.74342          0.6018               
         A         19        HIS          1.0865         0.13323          1.0945         0.13387          1.2692         0.90614               
         A         20        ARG          1.6334         0.26065          1.7678          0.1983           2.058          1.1498               
         A         21        LYS          1.3289          0.2155           1.362         0.27671          1.8592           1.087               
         A         22        ARG           2.214         0.75054          2.6558         0.58446          3.8054          1.3058               
         A         23        PHE         0.89558         0.11985         0.85209         0.12515           1.057         0.70191               
         A         24        VAL          1.2524         0.32929          1.6172         0.12361          1.7231         0.90614               
         A         25        ALA         0.78349         0.16414         0.98557               0         0.98557         0.58405               
         A         26        VAL         0.47898         0.15212         0.34264        0.042416         0.75952         0.29084               
         A         27        PRO         0.67644         0.13156         0.61877         0.14322         0.82697         0.45507               
         A         28        GLU          1.7259         0.44906          2.1116         0.14923          2.3441          1.1179               
         A         29        GLY          1.2632          0.1078               0               0          1.3827          1.1258               
         A         30        ILE         0.75694         0.22317         0.55709        0.098871          1.0947         0.42961               
         A         31        PRO          1.0068         0.10376          1.0458         0.10769          1.1258         0.85663               
         A         32        THR          1.4146         0.33479          1.7705         0.15117          1.9783         0.99248               
         A         33        GLU          1.6003          0.3808          1.9082         0.20514          2.2491          1.0719               
         A         34        THR         0.70659        0.096343         0.64036        0.074781         0.88106         0.54971               
         A         35        ARG          1.1139         0.42746           1.379         0.29788          1.9176         0.51682               
         A         36        LEU         0.62904         0.14511         0.73388         0.12846         0.95168         0.46251               
         A         37        LEU         0.20526        0.050023         0.17481        0.026419         0.31157         0.14369               
         A         38        ASP         0.44082         0.13121         0.55586        0.078654         0.65752         0.28504               
         A         39        LEU          0.2593        0.073088         0.20393        0.049203         0.37793         0.15291               
         A         40        GLY         0.49695        0.093378               0               0         0.61995         0.37462               
         A         41        LYS          1.0988         0.38073          1.3716         0.29439          1.7231         0.61082               
         A         42        ASN         0.71396        0.073181         0.67437        0.078905         0.80963         0.61082               
         A         43        ARG          1.3317          0.3871           1.577         0.25552          2.0097         0.79825               
         A         44        ILE          0.5205         0.13378         0.40234        0.075788         0.68685         0.28793               
         A         45        LYS          1.4471         0.65931          1.9316         0.50018          2.5965         0.74875               
         A         46        THR         0.84975         0.22226          1.0858        0.090215          1.1994         0.58405               
         A         47        LEU         0.40838         0.17964         0.24146        0.045585         0.67696         0.17422               
         A         48        ASN          1.1971         0.33756          1.4863         0.20576           1.817         0.75952               
         A         49        GLN          1.7484         0.46682           2.131         0.24746          2.4242          1.2251               
         A         50        ASP          1.3819         0.33913          1.7012          0.1356          1.8592          0.9651               
         A         51        GLU           0.695         0.11708         0.69665         0.12772         0.83872         0.53721               
         A         52        PHE         0.28841         0.16904         0.16721        0.056274         0.54552         0.11688               
         A         53        ALA         0.93967         0.17014          1.1024               0          1.1258         0.66718               
         A         54        SER          1.0841         0.13704          1.2405         0.12253           1.363         0.95837               
         A         55        PHE         0.62046        0.098496         0.57088        0.067801         0.80963         0.45878               
         A         56        PRO          1.0253         0.19018          1.2277         0.11129          1.3728         0.86268               
         A         57        HIS          1.3231         0.43331          1.6165          0.3054          2.0097         0.79261               
         A         58        LEU         0.46418         0.12326         0.35091        0.055337         0.64796         0.28216               
         A         59        GLU         0.85594         0.33057          1.1044         0.23811          1.3926          0.5009               
         A         60        GLU         0.62015         0.20422         0.77748         0.12746          0.9319         0.34869               
         A         61        LEU         0.13338        0.085777        0.060536        0.034157          0.2967        0.030347               
         A         62        GLU         0.39663         0.16118         0.53076        0.071541         0.63384         0.19383               
         A         63        LEU         0.14191        0.064862        0.082811        0.017725         0.24044        0.060933               
         A         64        ASN         0.44554        0.062692         0.48449         0.01505         0.50485         0.31761               
         A         65        GLU         0.85784         0.27806          1.0684          0.1929          1.3926         0.50882               
         A         66        ASN         0.49445        0.076571         0.43205          0.0303         0.64796         0.38461               
         A         67        ILE         0.91333         0.21985          1.1066         0.11388          1.2338         0.57532               
         A         68        VAL         0.44904        0.093052         0.34446       0.0029849         0.56669         0.34235               
         A         69        SER         0.96361         0.17993          1.1724        0.070079          1.2425          0.7121               
         A         70        ALA         0.79253         0.14725          1.0719               0          1.0719         0.65752               
         A         71        VAL         0.52943         0.16364          0.3597        0.021098         0.78701         0.32987               
         A         72        GLU           1.355         0.37335          1.6268         0.27064          2.0417         0.89352               
         A         73        PRO          1.3802         0.15458          1.5309         0.04028          1.5875          1.1579               
         A         74        GLY          1.0113        0.051271               0               0           1.057          0.9254               
         A         75        ALA          0.5698         0.10475         0.48917               0         0.76495         0.48917               
         A         76        PHE         0.25716         0.17818         0.13195        0.074354         0.52899        0.051182               
         A         77        ASN         0.99617         0.24986          1.2077         0.17226          1.4971         0.68685               
         A         78        ASN          1.1845         0.30997          1.4487         0.20926          1.7492         0.79261               
         A         79        LEU         0.44644         0.11515         0.34621        0.054654         0.63384         0.25957               
         A         80        PHE          1.1637         0.33378          1.3523          0.2706          1.7625         0.72242               
         A         81        ASN          1.0494         0.31512          1.3255         0.20831          1.5759         0.71725               
         A         82        LEU         0.40587         0.12621         0.28726        0.053394         0.55815         0.21153               
         A         83        ARG         0.90393         0.31173          1.1198         0.15316          1.3152         0.48146               
         A         84        THR         0.49839         0.13736         0.63342        0.067211         0.72762         0.30558               
         A         85        LEU         0.13853         0.10935         0.03535        0.043481         0.27929       0.0049961               
         A         86        GLY         0.21989        0.039369               0               0         0.27929         0.16941               
         A         87        LEU          0.1559        0.079814         0.08354        0.041099         0.26235        0.034074               
         A         88        ARG         0.57586         0.17136         0.68886        0.094534         0.78144         0.29964               
         A         89        SER         0.60005         0.12003         0.75801        0.045908         0.80392         0.45507               
         A         90        ASN         0.46269         0.10315         0.36673        0.020991         0.61995         0.34551               
         A         91        ARG          1.1558         0.43301          1.3948          0.3664           2.058         0.64323               
         A         92        LEU         0.41018         0.13314         0.28573        0.060776         0.57532         0.20388               
         A         93        LYS          1.2624         0.57663          1.7042         0.39587          2.1248         0.65272               
         A         94        LEU         0.91371         0.35074          1.2108         0.25983          1.6352           0.571               
         A         95        ILE         0.38681         0.15761           0.246        0.065728         0.61995         0.15059               
         A         96        PRO         0.92319         0.13129         0.97555         0.15641          1.1498         0.76495               
         A         97        LEU          1.6023         0.40137           1.934         0.28864          2.1769          1.1258               
         A         98        GLY          1.0709         0.14552               0               0          1.2164          0.9254               
         A         99        VAL         0.50323         0.13659         0.44732         0.10782         0.77041         0.31157               
         A        100        PHE         0.27032         0.13477         0.18625         0.09059         0.47003        0.066871               
         A        101        THR         0.89749         0.19589          1.1158        0.032572          1.1498         0.64796               
         A        102        GLY         0.77635        0.057233               0               0         0.86268         0.71725               
         A        103        LEU         0.42594         0.14648         0.28476        0.048877         0.59288         0.21153               
         A        104        SER         0.97189         0.17543            1.21        0.068262          1.2783         0.80392               
         A        105        ASN         0.99775         0.22036          1.1908         0.14532          1.3246         0.75412               
         A        106        LEU         0.41672          0.1392         0.28676        0.056623         0.59733         0.21669               
         A        107        THR         0.69048         0.18616          0.8803          0.1208          1.0496         0.48917               
         A        108        LYS         0.56731         0.18763         0.70656         0.12195         0.85062         0.28504               
         A        109        LEU         0.17464        0.097292        0.085068        0.047853         0.29376        0.037827               
         A        110        ASP          0.3069         0.10602         0.40228         0.05929          0.5009         0.17181               
         A        111        ILE         0.15021        0.065142        0.095318        0.031211          0.2513        0.062905               
         A        112        SER         0.37616        0.059386         0.41799        0.033385         0.45138         0.26794               
         A        113        GLU         0.71534          0.1897          0.8668         0.10866         0.99945         0.48531               
         A        114        ASN          0.4637         0.13586         0.34119        0.040007         0.69686         0.28504               
         A        115        LYS          1.0063          0.2506          1.1901         0.16344          1.3728          0.6018               
         A        116        ILE          0.5076         0.14717         0.37757        0.084453         0.69184         0.24314               
         A        117        VAL           1.117         0.26858          1.4118        0.076791          1.5191         0.79825               
         A        118        ILE          0.9163         0.21817          1.1077         0.12401          1.2602         0.64323               
         A        119        LEU         0.34921          0.1528         0.20626        0.053098         0.56669         0.12567               
         A        120        LEU          0.8786         0.21936          1.0634         0.13539          1.2966         0.57532               
         A        121        ASP          1.2578         0.29557          1.5193         0.19275          1.8309         0.97187               
         A        122        TYR          1.2898         0.41864          1.5348         0.28759          1.9629         0.78144               
         A        123        MET         0.42471         0.13362         0.33615        0.082208         0.69184         0.27643               
         A        124        PHE         0.20068         0.14583        0.096047        0.044751         0.42604        0.047331               
         A        125        GLN         0.99737         0.30782          1.2154         0.23113          1.5303         0.55392               
         A        126        ASP         0.74266         0.12131         0.79778         0.14902          1.0206          0.6018               
         A        127        LEU         0.37653         0.11139         0.27415        0.058188         0.50882         0.18886               
         A        128        TYR          1.2439         0.42499          1.4796         0.31814          1.9783         0.64796               
         A        129        ASN          1.0464          0.3087          1.3245         0.18654          1.4755         0.72762               
         A        130        LEU         0.41269         0.12891         0.29162        0.053677         0.57532         0.21669               
         A        131        LYS         0.91869         0.40092          1.2077         0.31778          1.7102         0.52491               
         A        132        SER         0.42957        0.096341         0.54391        0.027086           0.571         0.29964               
         A        133        LEU         0.16122        0.090398        0.078158        0.044265         0.28504        0.037827               
         A        134        GLU          0.3927         0.17062          0.5289        0.097376         0.63384         0.16941               
         A        135        VAL         0.10668        0.060157        0.039535        0.021657         0.16465        0.013906               
         A        136        GLY         0.32199        0.093137               0               0         0.41896         0.19883               
         A        137        ASP         0.53551        0.081878         0.50203        0.077558         0.65272         0.38797               
         A        138        ASN           1.133         0.18561          1.2442          0.1863          1.5415         0.89352               
         A        139        ASP          1.2307         0.23195          1.3992         0.21829          1.7361         0.97869               
         A        140        LEU         0.55615         0.19317         0.36899        0.049847         0.79825         0.32371               
         A        141        VAL          1.1479         0.28722          1.4604         0.12337          1.6231         0.79825               
         A        142        TYR          1.1479         0.32206          1.3551         0.13533          1.5759         0.58405               
         A        143        ILE         0.45958         0.18907         0.28419        0.066087         0.73286          0.1864               
         A        144        SER         0.92691         0.13106          1.0106        0.091714          1.1024         0.73286               
         A        145        HIS          1.3018         0.29706          1.5035         0.19694          1.7625         0.86268               
         A        146        ARG          1.4609         0.52304          1.7696         0.39625           2.574         0.78144               
         A        147        ALA         0.44404         0.11008         0.39815               0         0.63852         0.31458               
         A        148        PHE         0.20804         0.13621          0.1132        0.060092         0.42249        0.035947               
         A        149        SER         0.73673         0.12602         0.89404        0.031358          0.9254         0.54971               
         A        150        GLY          0.6928        0.039793               0               0         0.72242         0.62455               
         A        151        LEU         0.35593         0.11329         0.24802        0.042591         0.49306         0.17906               
         A        152        ASN         0.87488          0.1736          1.0098          0.1359          1.2425         0.62455               
         A        153        SER         0.86433         0.15404          1.0466         0.12769          1.1743         0.71725               
         A        154        LEU         0.39981         0.13269         0.27552        0.049917           0.571          0.2141               
         A        155        GLU         0.91277         0.32165          1.1624         0.21096          1.4863         0.55815               
         A        156        GLN         0.62146         0.22182         0.78876         0.14911         0.95168         0.32987               
         A        157        LEU         0.15425         0.09632        0.070175        0.044429         0.32065        0.017514               
         A        158        THR          0.3453         0.11445         0.46833        0.034803         0.51682         0.19134               
         A        159        LEU         0.12284        0.055022        0.070464        0.010322         0.19383        0.058968               
         A        160        GLU         0.44866         0.12839         0.53711        0.099735         0.68685         0.25957               
         A        161        LYS         0.71087         0.23001         0.86554         0.19523          1.1579         0.42604               
         A        162        CYS         0.48058          0.1071         0.35813        0.064366         0.61538         0.29376               
         A        163        ASN           1.146         0.31768          1.3987          0.2555          1.8032         0.78144               
         A        164        LEU         0.59357         0.15841         0.45554        0.098577         0.79825          0.3026               
         A        165        THR          1.2119         0.35476          1.5918         0.18089           1.845         0.84465               
         A        166        SER         0.67845         0.14355         0.80732        0.031407         0.83872         0.45878               
         A        167        ILE         0.30713        0.083344         0.24536        0.053277         0.44405         0.18394               
         A        168        PRO         0.29637        0.066043         0.22914         0.03757         0.37133         0.18886               
         A        169        THR         0.53166        0.056838         0.57016        0.056032         0.62455         0.46626               
         A        170        GLU          1.0937         0.31531          1.3605         0.12602          1.4648          0.7121               
         A        171        ALA         0.47782        0.091463         0.45878               0         0.62455         0.37793               
         A        172        LEU         0.18776        0.090296         0.10505          0.0353          0.2967        0.068865               
         A        173        SER         0.65848          0.1491         0.81182         0.06307         0.87489         0.42249               
         A        174        HIS         0.73285          0.2391         0.88637         0.18888          1.1498         0.45878               
         A        175        LEU           0.287         0.11077         0.18744        0.044777         0.44041         0.13236               
         A        176        HIS         0.96016         0.19823          1.0807           0.137          1.2966         0.59733               
         A        177        GLY         0.75187        0.056212               0               0         0.83872         0.68189               
         A        178        LEU         0.39155         0.14022         0.26037        0.060226         0.56241         0.17663               
         A        179        ILE         0.79937         0.22461          1.0033         0.12385          1.2079         0.54136               
         A        180        VAL         0.51639         0.12819         0.63592        0.058898         0.71725         0.32987               
         A        181        LEU         0.18386        0.068266         0.12852        0.036741         0.31157        0.091303               
         A        182        ARG         0.50529         0.24333         0.65418         0.17728         0.95168         0.20897               
         A        183        LEU         0.15858        0.062262         0.10238        0.024753         0.24857        0.066871               
         A        184        ARG           0.551         0.17421          0.6511         0.13382         0.83283         0.28504               
         A        185        HIS         0.77093         0.20814         0.91984         0.12549           1.087         0.48917               
         A        186        LEU         0.44165         0.11938         0.33173        0.038276         0.61082         0.28504               
         A        187        ASN         0.99052         0.17622           1.128        0.093479          1.2425         0.68685               
         A        188        ILE         0.60836         0.11985         0.50434        0.081253         0.73812         0.39135               
         A        189        ASN          1.1988         0.34563          1.5203         0.17451          1.7625         0.83872               
         A        190        ALA         0.76875           0.154          1.0496               0          1.0496         0.62918               
         A        191        ILE         0.42029           0.164         0.26828           0.062         0.63852         0.16941               
         A        192        ARG          1.4572         0.48782            1.78         0.28308          2.1248         0.77041               
         A        193        ASP          1.4187         0.27726          1.6576          0.1916          1.9629          1.0947               
         A        194        TYR          1.5382         0.49971          1.8212         0.36595          2.4242          0.9319               
         A        195        SER         0.50827         0.12455         0.51009        0.043829         0.72762         0.34551               
         A        196        PHE         0.26206          0.1613         0.14979        0.057753         0.54552        0.080988               
         A        197        LYS         0.92779         0.27953          1.1469         0.17163          1.3058         0.58845               
         A        198        ARG          1.3696         0.52189          1.6991         0.35518          2.2677         0.70699               
         A        199        LEU         0.45778         0.13533         0.33272        0.061562         0.62455         0.24584               
         A        200        TYR          1.2672          0.3424          1.4723         0.21901          1.8309         0.77041               
         A        201        ARG          1.2791         0.42084          1.5247         0.33038           2.142         0.76495               
         A        202        LEU         0.42262         0.13637         0.29384        0.054819          0.6018         0.22977               
         A        203        LYS         0.83523         0.27936          1.0605         0.15919          1.2966         0.51682               
         A        204        VAL         0.51012         0.12057         0.63138        0.032703         0.67696         0.34551               
         A        205        LEU         0.17516        0.099042        0.086757        0.049082         0.32678        0.024808               
         A        206        GLU         0.39443          0.1658         0.52742        0.092806         0.61995         0.18886               
         A        207        ILE         0.13826        0.079324          0.0681        0.043023         0.24314        0.015707               
         A        208        SER         0.46652        0.082587         0.54743        0.054369          0.6018         0.34235               
         A        209        HIS         0.85508         0.24136          1.0252         0.15214          1.2164         0.55392               
         A        210        TRP         0.37278         0.14944          0.2869        0.068319         0.64796         0.18149               
         A        211        PRO          1.0286         0.15459          1.0757         0.13313          1.2164         0.77591               
         A        212        TYR           1.547         0.51283          1.8066         0.43651          2.5082          0.9651               
         A        213        LEU         0.54152         0.17358         0.37799        0.075889         0.75412         0.27076               
         A        214        ASP          1.1858          0.3483          1.4908         0.23269          1.8592         0.82116               
         A        215        THR         0.90759         0.25505          1.1824          0.1095          1.3341         0.61995               
         A        216        MET         0.42039         0.20148         0.23348        0.078778         0.68189         0.13012               
         A        217        THR          1.0276         0.18812          1.1932          0.1316           1.363         0.78144               
         A        218        PRO          1.2867         0.22729          1.5317        0.060391          1.6112         0.94504               
         A        219        ASN          1.4069         0.31112          1.6727         0.19074          1.9783          1.0065               
         A        220        CYS         0.54183         0.13526         0.45993        0.040967         0.81537         0.41896               
         A        221        LEU          0.3091         0.12697         0.19156         0.05036         0.47003         0.13686               
         A        222        TYR          1.2801         0.49676          1.5721         0.33589          2.2308         0.64323               
         A        223        GLY         0.64536        0.074054               0               0         0.75412         0.54552               
         A        224        LEU         0.33432         0.10847         0.23253        0.049927         0.45507         0.15059               
         A        225        ASN         0.80121         0.20864         0.97805         0.13824          1.1826         0.53309               
         A        226        LEU         0.39746         0.13311         0.27039        0.046818         0.56241         0.20135               
         A        227        THR         0.74017         0.14572         0.89972        0.061697         0.97187         0.58845               
         A        228        SER         0.46302         0.11112         0.59293       0.0088742          0.6018         0.29964               
         A        229        LEU         0.16531          0.0754         0.10546        0.041729          0.3026        0.070867               
         A        230        SER         0.24417        0.096026         0.36528        0.026067         0.39135          0.1147               
         A        231        ILE         0.13081        0.062433        0.083162        0.042493         0.23508        0.028494               
         A        232        THR         0.43292        0.067781          0.4813        0.040672         0.52899         0.29964               
         A        233        HIS         0.83341         0.22154         0.99258         0.13329          1.1743         0.54136               
         A        234        CYS         0.55742        0.097681          0.4364        0.045057         0.69184         0.39135               
         A        235        ASN          1.0062         0.26289          1.2179          0.1936          1.5191         0.65272               
         A        236        LEU         0.46842         0.15192         0.32727        0.068575         0.65272         0.22977               
         A        237        THR          1.0943         0.22788          1.3475        0.039241          1.4027         0.78701               
         A        238        ALA         0.61176         0.16102         0.83872               0         0.83872         0.39815               
         A        239        VAL          0.2904        0.099427         0.19383        0.053754         0.42961         0.11907               
         A        240        PRO         0.25834        0.073093          0.1841        0.034381         0.35187         0.15524               
         A        241        TYR         0.55038        0.095926          0.5611         0.10933         0.73286         0.39474               
         A        242        LEU           1.104         0.31185          1.3827         0.18534          1.6231         0.72762               
         A        243        ALA         0.46361        0.040004         0.40158               0         0.52086         0.40158               
         A        244        VAL         0.28104        0.096921         0.17656        0.029235         0.40502         0.13686               
         A        245        ARG          1.0007         0.33198          1.1875         0.26666          1.6474         0.52491               
         A        246        HIS         0.63532         0.13273         0.55891          0.1156         0.81537         0.45138               
         A        247        LEU         0.40898          0.1149          0.3034         0.05454         0.55815         0.22713               
         A        248        VAL           1.002         0.16763          1.1499        0.078296          1.2602         0.70699               
         A        249        TYR           1.455         0.58547          1.7566         0.49006          2.6893         0.80392               
         A        250        LEU         0.40888         0.13167         0.28651        0.052883          0.6018         0.20897               
         A        251        ARG          1.0211         0.44508          1.2815         0.35082          1.9783         0.51281               
         A        252        PHE         0.53482         0.13313         0.62164        0.062198         0.73286         0.29376               
         A        253        LEU         0.17284        0.077935         0.10252         0.03707         0.29084        0.053117               
         A        254        ASN         0.37017         0.14301          0.4971        0.087795         0.63384         0.20388               
         A        255        LEU         0.18267        0.093628        0.099994         0.03048         0.33297        0.070867               
         A        256        SER         0.45926        0.049604         0.49763        0.031364         0.52899         0.37133               
         A        257        TYR         0.85994          0.2359         0.99447         0.16773          1.2783         0.52086               
         A        258        ASN         0.50194         0.11101         0.40038        0.055641         0.64323         0.31761               
         A        259        PRO         0.89496         0.10608         0.95106         0.10792          1.0794         0.72762               
         A        260        ILE         0.53769         0.14273         0.40646        0.073742         0.70191         0.28793               
         A        261        SER          1.0433         0.23327          1.3636        0.039068          1.4027         0.80392               
         A        262        THR           0.795         0.18639         0.98319         0.11825          1.1498           0.571               
         A        263        ILE         0.31485         0.16114         0.16852         0.05497         0.55815        0.078949               
         A        264        GLU          1.0724         0.37026          1.3717         0.19955          1.5875         0.59733               
         A        265        GLY          1.0417          0.1014               0               0          1.1994          0.9319               
         A        266        SER          1.2096         0.18112          1.4399        0.057226          1.4971          1.0206               
         A        267        MET          0.9587         0.26613          1.1741         0.19399          1.3728         0.61538               
         A        268        LEU         0.35643         0.14054         0.22483        0.060777         0.52899         0.15758               
         A        269        HIS           1.101         0.35872          1.3298         0.27584          1.7231         0.61082               
         A        270        GLU          1.1467         0.40405          1.4284         0.33538          1.8881         0.70699               
         A        271        LEU         0.42528          0.1037         0.33417        0.050589           0.571          0.2513               
         A        272        LEU           1.053         0.30991          1.3284         0.19332          1.6231          0.7121               
         A        273        ARG          1.2638         0.57165          1.5933         0.46202          2.3638         0.63384               
         A        274        LEU          0.3059         0.12569         0.19004        0.046109         0.46626         0.12567               
         A        275        GLN         0.75928         0.31937         0.99585         0.23751          1.2783         0.42249               
         A        276        GLU         0.58268         0.23638         0.76868         0.14233         0.98557         0.28216               
         A        277        ILE         0.12928        0.085283        0.049137        0.019578         0.25957        0.022975               
         A        278        GLN         0.42474         0.15011         0.55065        0.063661         0.64796         0.23775               
         A        279        LEU         0.24826        0.058486         0.21251        0.053106         0.33921         0.16465               
         A        280        VAL         0.58468        0.099149         0.66356        0.069469         0.75952         0.41196               
         A        281        GLY         0.78271        0.083752               0               0         0.87489         0.65272               
         A        282        GLY         0.75107         0.08118               0               0         0.88106         0.66718               
         A        283        GLN          1.1312         0.31253          1.3643         0.21779          1.5993         0.73286               
         A        284        LEU         0.48387         0.16044          0.3318         0.06085         0.68189         0.26235               
         A        285        ALA         0.86419          0.1643          1.1579               0          1.1579         0.68189               
         A        286        VAL         0.67833         0.16744         0.83523        0.089888         0.95168         0.44405               
         A        287        VAL         0.33671         0.11974          0.2059        0.020052          0.5009         0.18394               
         A        288        GLU         0.91636         0.20333          1.0812        0.083361          1.2164          0.6063               
         A        289        PRO           0.964        0.096252         0.96585        0.038622          1.1337         0.82116               
         A        290        TYR          1.3535         0.39076          1.5909          0.2375           2.091         0.78144               
         A        291        ALA         0.44017         0.10423         0.33921               0         0.63852         0.33921               
         A        292        PHE         0.21094         0.15858         0.10183        0.055918          0.5009        0.039714               
         A        293        ARG          1.3284         0.57937          1.6875         0.41217          2.3837          0.6018               
         A        294        GLY         0.81931        0.043315               0               0         0.86268         0.74875               
         A        295        LEU         0.42265         0.14803         0.28521        0.068465         0.59733         0.17906               
         A        296        ASN          1.1426         0.30288          1.3991         0.20649          1.5875         0.73812               
         A        297        TYR           1.172         0.41651          1.3839         0.35171          2.0097         0.68189               
         A        298        LEU         0.34937         0.13971         0.21769        0.045342         0.56241         0.17422               
         A        299        ARG         0.93396         0.28557          1.1307          0.1435          1.2425         0.55392               
         A        300        VAL         0.46469         0.13241         0.58822        0.082476         0.70191         0.29084               
         A        301        LEU         0.11617        0.090947        0.032887        0.033753         0.26514               0               
         A        302        ASN         0.38484         0.15272         0.52562        0.076307         0.64323          0.2141               
         A        303        VAL         0.22134        0.087511         0.14071        0.030685         0.36478         0.10394               
         A        304        SER         0.57234         0.14856         0.71766        0.097711         0.81537         0.33921               
         A        305        GLY         0.77555        0.042147               0               0         0.82116         0.70699               
         A        306        ASN         0.65297         0.16147         0.50117        0.043586         0.89352          0.4477               
         A        307        GLN          1.1273         0.23756          1.3239         0.10685          1.4648         0.80963               
         A        308        LEU         0.42431         0.13942         0.29767        0.055965         0.65272          0.2141               
         A        309        THR          0.5905         0.17218         0.76851        0.080023         0.87489         0.36804               
         A        310        THR         0.31456        0.047497         0.34547         0.03727         0.39815         0.24857               
         A        311        LEU         0.13908        0.068728        0.074003        0.025559         0.22977        0.030347               
         A        312        GLU         0.49253          0.1233         0.59477        0.054846         0.66233         0.32371               
         A        313        GLU         0.79745         0.23717         0.97872         0.15309          1.1258         0.48531               
         A        314        SER         0.84738        0.093798          0.9563        0.050162          1.0065         0.71725               
         A        315        VAL         0.38754        0.095793         0.30289        0.064369         0.54136         0.21669               
         A        316        PHE         0.35798         0.19223         0.23571         0.09542         0.74875          0.1147               
         A        317        HIS          1.0488         0.25251          1.1633         0.21754          1.4231         0.62918               
         A        318        SER         0.93994         0.11625          1.0794               0          1.0794         0.78701               
         A        319        VAL         0.74888        0.080934         0.69075        0.080004         0.83283         0.57968               
         A        320        GLY          1.1837        0.081848               0               0          1.2783           1.057               
         A        321        ASN          1.1479          0.2977          1.3791         0.23638          1.7231         0.79261               
         A        322        LEU         0.48651         0.16839         0.33125        0.071301         0.71725         0.25957               
         A        323        GLU          1.0705         0.35753          1.3396         0.25574          1.7895         0.66233               
         A        324        THR         0.58515         0.18028         0.74055         0.10382         0.88727         0.31458               
         A        325        LEU         0.18103        0.096006         0.10162         0.05319         0.35508        0.055061               
         A        326        ILE         0.36321         0.13376         0.48706        0.062823         0.56241         0.20388               
         A        327        LEU         0.16027        0.091239        0.075331        0.021819         0.29084        0.051182               
         A        328        ASP         0.63393         0.15389           0.745         0.12344         0.95168         0.39474               
         A        329        SER         0.90098         0.18096          1.1195         0.14078          1.2602         0.70191               
         A        330        ASN         0.54004         0.10344         0.43996         0.02552         0.68189         0.40502               
         A        331        PRO          0.8936         0.14518          1.0412        0.086628          1.1337         0.72762               
         A        332        LEU         0.37402         0.12782         0.25556        0.032037         0.58845         0.20388               
         A        333        ALA         0.46161        0.063634         0.53721               0         0.53721          0.3583               
         A        334        CYS         0.39306        0.040345         0.36014         0.01779         0.45138         0.34235               
         A        335        ASP          0.4864        0.072808         0.52931        0.071407         0.61995         0.38461               
         A        336        CYS         0.66479         0.09182         0.78786         0.03911         0.82697         0.57532               
         A        337        ARG         0.53689        0.072325         0.57411        0.061344         0.64323         0.43679               
         A        338        LEU         0.23522         0.06603         0.17961        0.025824         0.35508         0.15291               
         A        339        LEU          0.6056         0.15757         0.73353         0.12433          0.9319         0.42249               
         A        340        TRP         0.46358         0.14924          0.4125         0.14228         0.73812         0.23775               
         A        341        VAL         0.26538        0.082277         0.17629        0.023256         0.37133         0.14369               
         A        342        PHE         0.51637          0.1419         0.56583         0.13729         0.77591         0.30856               
         A        343        ARG          1.1389         0.31624          1.3302          0.2021          1.6112         0.55392               
         A        344        ARG         0.77317        0.097656         0.82078        0.090889          0.9651         0.65272               
         A        345        ARG         0.74754         0.17384         0.81079         0.18351          1.1024         0.56669               
         A        346        TRP          1.3175         0.16656          1.3918        0.052323          1.4543         0.85663               
         A        347        ARG          1.3706         0.33543          1.5596         0.27367           2.091         0.95837               
         A        348        LEU         0.56872         0.13726         0.45295        0.047544         0.82116         0.38126               
         A        349        ASN          1.0828          0.2694          1.2647         0.27738          1.7231         0.86877               
         A        350        PHE         0.59273         0.25502         0.42451         0.13408          1.0065         0.26514               
         A        351        ASN          1.6312         0.33307          1.8952          0.2362          2.2865          1.1498               
         A        352        ARG          3.3152          1.8924          4.3076          1.7049          7.7976          1.4027               
         A        353        GLN          1.1159          0.3456          1.3095         0.26176          1.5643         0.52086               
         A        354        GLN         0.71783         0.15016         0.81258        0.086119          0.9319         0.45138               
         A        355        PRO         0.27699        0.056653         0.22248        0.042792         0.34235         0.18394               
         A        356        THR         0.55699         0.14581         0.71721        0.054258         0.79261         0.37462               
         A        357        CYS          0.6201         0.17032          0.5002        0.088247          0.9319         0.41196               
         A        358        ALA          1.1179         0.19631          1.1826               0          1.4128         0.80392               
         A        359        THR         0.99919         0.20245          1.1371          0.2042          1.4027         0.70191               
         A        360        PRO          1.1275         0.20893         0.97991          0.1448          1.4128         0.82697               
         A        361        GLU          2.4601         0.48834          3.3321               0          3.3321           1.817               
         A        362        PHE          1.8091         0.29977          1.7277         0.30105          2.2677          1.3436               
         A        363        VAL          1.0724         0.20105         0.88942         0.10757          1.4128         0.74342               
         A        364        GLN          2.4489         0.88066          3.0795         0.69708          3.8875          1.4863               
         A        365        GLY          1.4405         0.13157               0               0          1.6112          1.2783               
         A        366        LYS         0.96512         0.18416          1.0206               0          1.2338         0.70191               
         A        367        GLU         0.92707         0.30391          1.1436         0.22905          1.4231         0.53721               
         A        368        PHE          0.3188         0.15211         0.21692        0.059741          0.6018         0.15524               
         A        369        LYS           1.259          0.3801           1.503         0.30665          1.9028         0.68685               
         A        370        ASP           1.339         0.21304          1.4319         0.22375          1.8032          1.0644               
         A        371        PHE         0.78784         0.21727         0.64386         0.10779          1.1498         0.45507               
         A        372        PRO          1.5948         0.26572          1.7588         0.29223          2.1078          1.2966               
         A        373        ASP          2.2487         0.56676          2.7455         0.36462          3.1438          1.5415               
         A        374        VAL          2.6334         0.60855          3.3087          0.1978          3.5384          1.9629               
         A        375        LEU          1.4565         0.44983          1.0584         0.17145          2.2126         0.82116               
         A        376        LEU          2.4675          0.5644          2.9024         0.43632          3.6116          1.6722               
         A        377        PRO          2.7797          0.5866          3.3791         0.32541           3.726          2.0744               
         A        378        ASN          1.8785         0.58592          2.3686         0.33125           2.787           1.035               
         A        379        TYR          1.0842         0.24855          1.1971          0.2164          1.6112         0.71725               
         A        380        PHE         0.43363         0.12551          0.3515        0.066401         0.63384         0.25957               
         A        381        THR         0.92556         0.18498          1.1268        0.045816           1.191         0.69686               
         A        382        CYS          1.0094         0.15829         0.86714        0.091228          1.2513         0.77591               
         A        383        ARG          1.4471         0.18257          1.5618         0.11797          1.7361          1.1417               
         A        384        ARG          1.6392         0.21379          1.7767         0.13582          2.0417          1.3246               
         A        385        ALA           1.166           0.102          1.0135               0          1.2874          1.0135               
         A        386        ARG          1.5441         0.46458          1.8198         0.35319          2.4868         0.95168               
         A        387        ILE         0.81461         0.16424         0.67895        0.057491          1.1337         0.59733               
         A        388        ARG          1.7381         0.43088           1.937         0.37707          2.4868          1.0496               
         A        389        ASP          1.5141         0.17261          1.6278         0.14583          1.8736          1.2338               
         A        390        ARG          1.7353         0.30334          1.6539          0.3454          2.1594          1.2783               
         A        391        LYS          2.5756          1.1206          3.3226         0.98349          4.9567          1.3058               
         A        392        ALA          1.4004         0.13598          1.4128               0          1.5759          1.2338               
         A        393        GLN          0.8444         0.15207         0.72544        0.093806           1.035         0.59733               
         A        394        GLN          1.7082         0.46506           2.044         0.34679          2.4868          1.1498               
         A        395        VAL         0.93677         0.10317          0.8363        0.078897          1.0423         0.72762               
         A        396        PHE          1.8612         0.45257          2.1472          0.3055          2.5965          1.2513               
         A        397        VAL          1.2105          0.1842          1.0174        0.087644          1.4334         0.89981               
         A        398        ASP          2.1297         0.54805          2.6116         0.34539          3.1438          1.4648               
         A        399        GLU          2.0626         0.28026          2.2343         0.24424          2.6193          1.6974               
         A        400        GLY          1.6929        0.070365               0               0          1.7759          1.6231               
         A        401        HIS          1.8438         0.59323          2.2299         0.44437          2.8638          1.0423               
         A        402        THR          1.2163         0.21855          1.4002         0.18519          1.6352          0.9254               
         A        403        VAL          0.5799        0.087667         0.53644        0.030476         0.76495          0.5009               
         A        404        GLN          0.9238         0.38757          1.2136         0.28257          1.5993          0.5009               
         A        405        PHE         0.38786         0.06303         0.36848        0.071295         0.47003         0.27643               
         A        406        VAL          0.6808         0.19869         0.89716        0.081873         0.95837         0.45878               
         A        407        CYS         0.50231        0.070587         0.40848               0         0.58845         0.40848               
         A        408        ARG          1.4354         0.69504           1.802         0.62311          2.9167         0.71725               
         A        409        ALA         0.82666         0.10053         0.69686               0         0.95837         0.69686               
         A        410        ASP          1.2734         0.14791          1.4133        0.032203          1.4543          1.0423               
         A        411        GLY           1.246        0.053137               0               0          1.3152          1.1826               
         A        412        ASP          1.1063        0.045857          1.1104        0.023796          1.1826          1.0278               
         A        413        PRO          1.0132         0.07279         0.94138        0.037667          1.1101         0.89352               
         A        414        PRO          1.1592         0.16054          1.3243        0.082535          1.4334         0.94504               
         A        415        PRO          0.8904        0.078026         0.90862        0.069584          1.0135         0.80392               
         A        416        ALA         0.73452        0.054034         0.82697               0         0.82697         0.66233               
         A        417        ILE         0.56307        0.083035         0.49632        0.043476          0.7121         0.42249               
         A        418        LEU         0.70543         0.18651         0.87218         0.10819         0.97869         0.47382               
         A        419        TRP         0.36191         0.11235         0.29796        0.029904         0.64323         0.25404               
         A        420        LEU         0.88815         0.30997          1.1598         0.19736          1.4438         0.52899               
         A        421        SER         0.79031         0.14896           0.756         0.11277          1.0719         0.64323               
         A        422        PRO          1.0034         0.34993         0.74613         0.16551          1.6474         0.57968               
         A        423        ARG          1.7598         0.26268          1.7132         0.19328          2.2865          1.3436               
         A        424        LYS          2.3837         0.59145          2.8237         0.41297          3.5384          1.6847               
         A        425        HIS          1.4652         0.32785           1.629         0.29925          2.1078         0.94504               
         A        426        LEU          1.3646         0.17284          1.4372         0.20961          1.6474          1.1024               
         A        427        VAL         0.74346         0.10886         0.62648        0.024981         0.86877         0.59288               
         A        428        SER          1.2849         0.23769          1.6075        0.077215          1.6847          1.0644               
         A        429        ALA           1.414         0.19329          1.3926               0          1.6847          1.1743               
         A        430        LYS          2.2747         0.26396          2.5965               0          2.5965          1.8592               
         A        431        SER          1.5691         0.20018          1.2969        0.027673          1.7759          1.2692               
         A        432        ASN          2.7159         0.74974          3.3013         0.62678          4.3443          1.9028               
         A        433        GLY          1.4146        0.064459               0               0          1.4971          1.3341               
         A        434        ARG          1.0625         0.19695          1.1217         0.19842          1.4334         0.80963               
         A        435        LEU         0.59726         0.12934         0.48365        0.057244         0.77041         0.41896               
         A        436        THR         0.89211         0.21407          1.1219        0.093288          1.2513         0.64323               
         A        437        VAL         0.80648         0.16658         0.66343        0.066902          1.1258         0.57968               
         A        438        PHE          1.2546         0.11721          1.3278         0.03559          1.3926         0.97187               
         A        439        PRO          1.7323         0.32128          2.0493         0.19451          2.2126          1.2966               
         A        440        ASP          1.3539         0.28102          1.5376         0.21445          1.8309         0.91894               
         A        441        GLY         0.62661         0.15226               0               0         0.86877         0.45878               
         A        442        THR         0.69975         0.12778         0.82465        0.080456          0.9319         0.53309               
         A        443        LEU         0.33537        0.074956         0.26826         0.04671         0.40848         0.20388               
         A        444        GLU         0.81081         0.35401          1.0904         0.22116           1.363         0.40848               
         A        445        VAL         0.42259         0.10604         0.33994        0.048828         0.59733         0.28216               
         A        446        ARG          1.4946         0.49996          1.7716          0.3935          2.3441         0.69184               
         A        447        TYR          1.9059         0.65784          2.2775         0.48155          3.1438          1.0719               
         A        448        ALA         0.94902         0.13519         0.76495               0          1.1661         0.76495               
         A        449        GLN          1.3135         0.35604          1.5754         0.26495          1.9939         0.91894               
         A        450        VAL            1.58         0.35532           1.974         0.13292           2.142           1.191               
         A        451        GLN          1.5058         0.37233          1.7517         0.30502          2.3054           1.035               
         A        452        ASP         0.62388        0.093197         0.60974         0.04349         0.83283         0.49697               
         A        453        ASN         0.97147         0.21558          1.1641         0.11555          1.3246         0.70191               
         A        454        GLY         0.76432        0.078044               0               0         0.87489         0.65752               
         A        455        THR         0.92406         0.18628          1.1163         0.11592          1.2783         0.70191               
         A        456        TYR         0.39385         0.10256         0.32418        0.033627         0.54971         0.27929               
         A        457        LEU         0.67794         0.21079         0.87092          0.1161          1.0719         0.45138               
         A        458        CYS         0.39678        0.054058         0.34395       0.0047378         0.49306         0.33921               
         A        459        ILE         0.69954         0.20789         0.88316         0.12616          1.0719         0.42249               
         A        460        ALA         0.69684         0.12659         0.59288               0         0.91252         0.57532               
         A        461        ALA         0.92583        0.057662          1.0135               0          1.0135         0.83872               
         A        462        ASN          1.1353        0.059022          1.1638         0.06263          1.2602          1.0644               
         A        463        ALA         0.97797        0.096456         0.83283               0          1.1024         0.83283               
         A        464        GLY          1.3647         0.18022               0               0          1.5993          1.1179               
         A        465        GLY          1.4071        0.066792               0               0          1.4755          1.2966               
         A        466        ASN          1.7365         0.39698          2.0426          0.3503          2.6193          1.3152               
         A        467        ASP          1.0538          0.1096          1.0905        0.086854          1.2338         0.83283               
         A        468        SER         0.93282         0.10256         0.99642         0.12152          1.1179         0.82697               
         A        469        MET         0.81357         0.18639         0.94537         0.16999          1.1417         0.56241               
         A        470        PRO         0.85384         0.14492          1.0072         0.07874          1.1101         0.69686               
         A        471        ALA         0.56608        0.065452         0.45138               0         0.65272         0.45138               
         A        472        HIS          1.0647         0.26464          1.2688         0.11044          1.3926         0.72762               
         A        473        LEU         0.58669         0.12231         0.47838         0.03336         0.77591         0.43679               
         A        474        HIS          1.3705         0.28814          1.5668         0.17691          1.8309         0.88727               
         A        475        VAL          1.2319         0.21496           1.079         0.14035          1.5993         0.89981               
         A        476        ARG          2.3229         0.35334           2.509         0.26435          3.0271          1.6352               
         A        477        SER          3.3458         0.67669          2.8638               0          4.4461          2.6423               
