pdb_id: 
analysis type: unbound
radii_file: F:\psiafrombintisolah\PSAIA-1.0\amac_data\chothia.radii
CX_sRadius: 14
CX_vAtom: 20.1

  chain id|    res id|  res name|     average CX|       s_avg CX|    s-ch avg CX|  s-ch s_avg CX|         max CX|         min CX|               
         E         23        SER          2.7926         0.49998          3.5747               0          3.5747           2.142               
         E         24        MET          3.1414         0.80831          3.8042         0.64808          4.6063          2.3638               
         E         25        ASP          2.3378         0.59102          2.8166         0.38753          3.2359          1.4971               
         E         26        LEU          1.0667         0.22931         0.87945         0.13588          1.4648         0.77041               
         E         27        LYS           1.433         0.54361          1.8626         0.32176          2.2126         0.72762               
         E         28        VAL          0.7028          0.1502         0.55221        0.041741         0.93845         0.51682               
         E         29        GLU          1.3325         0.50284          1.7192         0.33783           2.091         0.77591               
         E         30        MET         0.81414         0.26455         0.59441         0.15235          1.2513         0.39815               
         E         31        MET          1.4289         0.36995          1.6214         0.40693          2.2865         0.97187               
         E         32        ALA          2.4861         0.41283          3.1438               0          3.1438           1.845               
         E         33        GLY          2.7299         0.19988               0               0          3.0271          2.4657               
         E         34        GLY          1.6037         0.26811               0               0          1.9629          1.2425               
         E         35        THR          1.4679         0.17546          1.5729         0.19989          1.7625          1.2513               
         E         36        GLN         0.73985         0.10728          0.6939        0.072236         0.93845         0.58845               
         E         37        ILE         0.87533         0.18048          1.0028         0.17192          1.2874         0.66233               
         E         38        THR         0.67449        0.041963         0.67917        0.061293         0.75952         0.61082               
         E         39        PRO         0.87905        0.089855         0.96526        0.068812          1.0496         0.77041               
         E         40        LEU         0.93869        0.084363         0.91637        0.034904          1.1258         0.84465               
         E         41        ASN          1.4646         0.19098          1.5662        0.070007          1.6974          1.0947               
         E         42        ASP          1.4269           0.246          1.5948         0.23962          1.9476          1.1579               
         E         43        ASN          1.5611         0.44994          1.9468         0.30976          2.3837          1.0423               
         E         44        VAL         0.57612         0.11271         0.50863        0.041791         0.79261         0.47003               
         E         45        THR         0.56515         0.13313         0.68872         0.10851         0.83283         0.39815               
         E         46        ILE         0.22659        0.046427         0.19341        0.031569          0.3026         0.16228               
         E         47        PHE         0.67677         0.23438          0.8368         0.12239         0.99945          0.3583               
         E         48        CYS         0.32576        0.057732         0.24857       0.0027261         0.38797         0.24584               
         E         49        ASN         0.73281          0.1777         0.90576        0.048154         0.97869         0.51682               
         E         50        ILE         0.50996         0.16967         0.38297        0.082831         0.79825         0.27076               
         E         51        PHE          1.2501         0.25426          1.3965         0.19321          1.6847         0.83283               
         E         52        TYR           1.297         0.18319          1.2906         0.17071          1.6231           1.057               
         E         53        SER          2.2901         0.35516          2.4348        0.030944          2.8123          1.6474               
         E         54        GLN          2.5783         0.85556          3.1596         0.73119          3.9297          1.5875               
         E         55        PRO          2.3676         0.53727          2.9226         0.24573          3.2675          1.6974               
         E         56        LEU          1.1088         0.32226         0.81231        0.087268          1.6112         0.71725               
         E         57        ASN          1.6753         0.47761          2.0812         0.33298           2.574          1.1179               
         E         58        ILE          1.0359         0.16437          1.0913         0.20198          1.3436         0.86877               
         E         59        THR          1.7278         0.32269          2.0821        0.081307          2.1769          1.2874               
         E         60        SER          1.3104         0.22681           1.538        0.073157          1.6112         0.99945               
         E         61        MET         0.55366         0.13429         0.44291        0.061219         0.80963         0.39135               
         E         62        GLY         0.41735        0.072303               0               0         0.51682         0.33921               
         E         63        ILE         0.21396        0.067597         0.15636        0.024596         0.32065          0.1147               
         E         64        THR         0.39077         0.13047         0.53574         0.04378         0.56669         0.24584               
         E         65        TRP         0.16234        0.083762         0.11462         0.02536         0.36478        0.080988               
         E         66        PHE         0.59669         0.20795         0.72934         0.13589         0.94504         0.32065               
         E         67        TRP         0.63485         0.21752         0.65945         0.23465           1.035         0.36478               
         E         68        LYS          1.2367         0.38038          1.5062         0.29233          1.8881          0.7121               
         E         69        SER          1.5243         0.18808          1.6607        0.049501          1.7492          1.2425               
         E         70        LEU          1.6309         0.37723          1.3611        0.083717          2.4038          1.2338               
         E         71        THR          2.9736         0.61995          2.8632         0.56518          3.8875          2.1769               
         E         72        PHE          3.5906         0.46917          3.7021         0.52766          4.4985          2.9989               
         E         73        ASP          2.8952         0.37615          3.1052         0.40634          3.5747          2.4868               
         E         74        LYS          3.3181          1.4789          4.3468          1.2072          5.9737          1.5415               
         E         75        GLU          1.2625         0.21614          1.1171         0.12209          1.6474         0.97869               
         E         76        VAL         0.98502         0.21503           1.104         0.22687          1.3827         0.65752               
         E         77        LYS          1.0452         0.28349           1.198         0.29478          1.6974         0.74342               
         E         78        VAL         0.48973        0.098336         0.37953        0.025955          0.6018         0.34551               
         E         79        PHE         0.44055        0.062562         0.41724        0.062981         0.50882         0.32987               
         E         80        GLU          0.8439         0.22398         0.99803         0.18009          1.2251           0.571               
         E         81        PHE         0.60871        0.095913         0.60824         0.11642         0.79261         0.44041               
         E         82        PHE          1.3661          0.2156          1.4674         0.10112          1.6112         0.88106               
         E         83        GLY          1.1652           0.106               0               0          1.2783          1.0065               
         E         84        ASP          2.3709         0.52411          2.8075         0.36279          3.3652          1.6352               
         E         85        HIS          1.9414         0.41616          2.2552         0.14177          2.4868          1.2251               
         E         86        GLN          1.0057          0.2735         0.79249        0.077301          1.5415         0.70699               
         E         87        GLU          1.5852         0.47996          1.9584         0.29433          2.4242          0.9319               
         E         88        ALA           1.213          0.1669          1.0423               0          1.5081          1.0423               
         E         89        PHE          1.2995         0.21915          1.3414         0.25798          1.7231          1.0135               
         E         90        ARG         0.80529         0.12499         0.73166        0.084378          1.0423         0.61538               
         E         91        PRO          1.4434         0.23211          1.6591         0.14301           1.845           1.087               
         E         92        GLY          1.2879         0.19375               0               0          1.4971          1.0794               
         E         93        ALA         0.71617         0.11324         0.57968               0         0.91894         0.57968               
         E         94        ILE         0.67995         0.19133         0.85174         0.10347          1.0135         0.44041               
         E         95        VAL         0.37386         0.11159         0.25551         0.02603         0.53309         0.21928               
         E         96        SER         0.87767         0.15025          1.0719        0.007507          1.0794         0.65272               
         E         97        PRO          1.0926        0.096569          1.1224        0.063214          1.2079          0.9319               
         E         98        TRP           2.618         0.57868          2.9276         0.32675          3.4329          1.4863               
         E         99        ARG          1.4279         0.26846          1.5866         0.17615           1.817         0.99248               
         E        100        LEU         0.55636          0.1491         0.42478        0.076591         0.77591         0.32678               
         E        101        LYS          1.5493         0.45294          1.8532          0.3861          2.4868          0.9651               
         E        102        SER          1.4689         0.35959          1.9197         0.22231           2.142          1.0644               
         E        103        GLY         0.63624         0.11816               0               0         0.82116         0.50485               
         E        104        ASP         0.66226          0.1635         0.79612         0.11777          0.9651         0.45138               
         E        105        ALA         0.23283        0.062252         0.17663               0         0.33921         0.16465               
         E        106        SER          0.3495        0.093291         0.47018        0.054731         0.52491         0.24857               
         E        107        LEU         0.17876        0.037974         0.14993        0.023897         0.23775         0.11907               
         E        108        ARG         0.94311         0.47015          1.2273         0.35087           1.817         0.35187               
         E        109        LEU         0.46699         0.16383         0.32902        0.071646         0.71725         0.24044               
         E        110        PRO          1.1838         0.17639          1.2538         0.20941          1.4863          0.9254               
         E        111        GLY          1.3228         0.11065               0               0          1.4334          1.2079               
         E        112        ILE          0.7507         0.19408         0.57733         0.10709          1.0206         0.42961               
         E        113        GLN          1.0661         0.27976          1.2971         0.11419          1.3926         0.63852               
         E        114        LEU         0.78728        0.074894         0.82855        0.074702         0.93845         0.69184               
         E        115        GLU          1.0021         0.26945          1.1968         0.20655          1.5875         0.68189               
         E        116        GLU         0.50015         0.10482         0.56187        0.074817         0.65752         0.31157               
         E        117        ALA         0.53593         0.06643         0.57968               0         0.63852         0.45507               
         E        118        GLY         0.53648        0.045586               0               0          0.6063         0.48146               
         E        119        GLU          0.7747         0.24931         0.96836          0.1598          1.2251         0.47382               
         E        120        TYR         0.23521        0.074882         0.18442         0.01452         0.36804         0.15992               
         E        121        ARG         0.65185         0.30541         0.84863           0.198           1.087         0.25957               
         E        122        CYS         0.28425        0.071195         0.20358        0.034171         0.38126         0.16941               
         E        123        GLU         0.62092         0.26397         0.82542         0.17285          1.0206         0.30558               
         E        124        VAL         0.39206        0.097689         0.31206        0.025318         0.57968         0.27643               
         E        125        VAL         0.74768         0.18225         0.92346         0.13305          1.1101         0.50882               
         E        126        VAL         0.98874         0.19624         0.88335         0.12522          1.3246         0.72242               
         E        127        THR           1.889         0.38257          2.1528         0.36509          2.6657          1.3152               
         E        128        PRO          2.7255          0.4518          3.1406         0.32371          3.4329          2.1769               
         E        129        LEU          1.6653         0.26182          1.8241         0.17159          2.0256           1.191               
         E        130        LYS          1.5038         0.24036          1.6346         0.23203          1.9325           1.191               
         E        131        ALA          0.8416         0.12301         0.91252               0         0.95837         0.61995               
         E        132        GLN         0.95004         0.23912          1.1052         0.21432          1.3246         0.68685               
         E        133        GLY         0.57744        0.080689               0               0         0.66718          0.4477               
         E        134        THR         0.72152          0.1024         0.77522         0.11087          0.9319         0.61082               
         E        135        VAL         0.58393          0.1006         0.57334         0.13637          0.7121         0.38797               
         E        136        GLN         0.94811         0.23154          1.1442        0.092076          1.2692         0.64796               
         E        137        LEU         0.41861        0.071032         0.35257        0.030479         0.50882         0.30558               
         E        138        GLU         0.78697         0.26013         0.98488         0.18251          1.2425         0.52086               
         E        139        VAL         0.57121        0.036293          0.5755        0.050806         0.64323         0.52086               
         E        140        VAL         0.69437        0.025371         0.71728       0.0072712         0.72242         0.65272               
         E        141        ALA         0.63799        0.025763         0.66233               0         0.66233         0.58845               
         E        142        SER          0.7901         0.12743         0.96568        0.033774         0.99945         0.66233               
         E        143        PRO         0.62434        0.071324          0.5785        0.052558         0.75952         0.52086               
         E        144        ALA         0.85012         0.12259          1.0644               0          1.0644         0.69184               
         E        145        SER         0.75293         0.15747         0.57837         0.03701          1.0065         0.54136               
         E        146        ARG          1.7021         0.70028          2.1294         0.51343          3.0271         0.85663               
         E        147        LEU         0.91422         0.22526         0.73116        0.091334          1.3436          0.6018               
         E        148        LEU          1.4671         0.28123          1.6974         0.16215          1.9325          1.0278               
         E        149        LEU          1.8279         0.27701          1.7492               0          2.3441          1.5875               
         E        150        ASP          2.4997         0.49052          2.1594               0          3.2047          1.8736               
         E        158        GLU           2.401         0.13361           2.574               0           2.574          2.2126               
         E        159        ASP          1.4507         0.24425          1.5477         0.19653          1.8592          1.0135               
         E        160        LYS          1.3579         0.20035          1.7102               0          1.7102          1.1179               
         E        161        TYR         0.80058         0.10251         0.80414         0.12222          1.0496         0.63384               
         E        162        MET          1.0995         0.39221          1.4266         0.30019           1.845         0.69184               
         E        163        CYS          0.5193        0.081697         0.41022       0.0017389         0.62455         0.40848               
         E        164        GLU          0.9286         0.32751          1.1591         0.26929          1.4438          0.6018               
         E        165        SER         0.51149        0.044628         0.44954       0.0018372         0.55815          0.4477               
         E        166        SER         0.77256         0.13178         0.93762        0.068849          1.0065          0.6063               
         E        167        GLY         0.76286        0.059192               0               0         0.83283         0.69686               
         E        168        PHE         0.65641        0.042369         0.64357         0.04111         0.72242          0.6018               
         E        169        TYR         0.71897        0.072226         0.75845        0.053745         0.83872          0.6018               
         E        170        PRO         0.82482        0.072108         0.86762        0.072791          0.9254         0.72242               
         E        171        GLU          1.3376         0.37599          1.6146          0.2846          1.9629         0.93845               
         E        172        ALA          1.1159         0.22823          1.4648               0          1.4648         0.83283               
         E        173        ILE         0.69736        0.096344          0.6226        0.065471         0.86268         0.54136               
         E        174        ASN         0.94867         0.36214          1.2671         0.23238          1.5759         0.55392               
         E        175        ILE          0.4599        0.080935         0.39372        0.031116         0.61538         0.36478               
         E        176        THR         0.59355         0.14598         0.74001         0.09834         0.87489         0.41896               
         E        177        TRP         0.42482          0.0709         0.38973        0.032429         0.61082         0.33608               
         E        178        GLU         0.72265         0.20449         0.88288            0.13          1.0065         0.48146               
         E        179        LYS         0.71602         0.11765          0.6967        0.099964          0.9254         0.56669               
         E        180        GLN           1.213         0.15902          1.2735         0.13783          1.5303         0.88106               
         E        181        THR           1.621         0.24928           1.523         0.21607          2.0417          1.2602               
         E        182        GLN          3.2666         0.83686           3.773         0.74888          4.8351          2.1078               
         E        183        LYS          3.2119         0.29521          3.3214         0.25265          3.6491          2.7621               
         E        184        PHE          2.7754         0.55452          3.0229         0.53129          3.8875          1.9783               
         E        185        PRO          2.5024         0.43348          2.9345         0.26231          3.2359          1.9176               
         E        186        HIS          3.3296          1.2038          4.1488         0.83194          5.3538          1.7625               
         E        187        PRO          1.5104         0.19176           1.517         0.20038          1.7492          1.2602               
         E        188        ILE          1.4035         0.33303          1.6649         0.19824          1.9476         0.82697               
         E        189        GLU          1.2724         0.19407          1.3856         0.17413          1.6231          1.0206               
         E        190        ILE         0.70759         0.16931         0.55718        0.082074         0.95168          0.4477               
         E        191        SER          1.9131         0.39986          2.1466         0.12102          2.4868          1.3058               
         E        192        GLU          2.2278         0.89418          2.8502         0.72237          3.9725          1.0947               
         E        193        ASP          1.5893         0.33775          1.8135         0.28731          2.1769          1.0947               
         E        194        VAL          1.1617         0.22557          0.9699         0.16388          1.5081         0.76495               
         E        195        ILE          1.5608         0.37499          1.8581         0.26786          2.2865          1.0206               
         E        196        THR          1.1596         0.17605          1.0458         0.15087          1.4438         0.89352               
         E        197        GLY          1.4122         0.15104               0               0          1.5759          1.2164               
         E        198        PRO           1.998         0.36227          2.3754         0.12898          2.4868          1.4863               
         E        199        THR          1.4098         0.18403          1.2993         0.19034          1.6722          1.1258               
         E        200        ILE          1.6985         0.20691          1.8204         0.19807          2.0744          1.4231               
         E        201        LYS          2.1191         0.24442          2.2126               0          2.5518          1.8881               
         E        202        ASN          1.8481         0.32562           1.587         0.14311          2.3441           1.363               
         E        203        MET           4.309          1.8732          5.9262          1.3245           7.535          2.5518               
         E        204        ASP          1.7005         0.29416            1.59         0.17633          2.2677          1.3827               
         E        205        GLY          1.4045         0.23332               0               0          1.7492          1.1661               
         E        206        THR          1.0756          0.1175         0.98396         0.10074          1.2602         0.84465               
         E        207        PHE          1.0952         0.21231          1.1952         0.20479          1.5081         0.85663               
         E        208        ASN          0.9859         0.11409          1.0774        0.087327          1.2079         0.83872               
         E        209        VAL         0.66911         0.06539         0.65022        0.079252         0.74342         0.54971               
         E        210        THR         0.79759        0.086995         0.88991        0.032425         0.91894         0.69184               
         E        211        SER          0.5621        0.052773         0.50402        0.041504         0.63852         0.46251               
         E        212        CYS         0.87708         0.16194          1.0954        0.038377          1.1337         0.69686               
         E        213        LEU         0.60179         0.10194         0.51354        0.063571         0.72762         0.41545               
         E        214        LYS          1.0383         0.15068          1.3152               0          1.3152         0.86877               
         E        215        LEU         0.82603         0.21664         0.63606         0.07615           1.191         0.56669               
         E        216        ASN          2.1079         0.63045          2.6659         0.37285          2.9989          1.2425               
         E        217        SER           2.134         0.13794          2.1962        0.071425          2.2677          1.8736               
         E        218        SER          3.5956         0.75891          4.5312         0.42548          4.9567          2.6657               
         E        219        GLN          2.4122         0.49223          2.7135          0.3448           3.114          1.6231               
         E        220        GLU          1.2136         0.34207         0.94551         0.10526          1.8736         0.78701               
         E        221        ASP          1.7913         0.20475           1.962        0.092616           2.091          1.4648               
         E        222        PRO          2.2633         0.30251           2.599        0.094255          2.6657          1.9028               
         E        223        GLY          1.6996         0.17838               0               0          1.9176          1.4971               
         E        224        THR          1.0095         0.13537         0.93636         0.11208          1.2425         0.78701               
         E        225        VAL            0.99         0.19141           1.179         0.10297          1.3246         0.72242               
         E        226        TYR         0.55793        0.092752         0.54507        0.096275         0.73286         0.44405               
         E        227        GLN          0.6545         0.20627         0.81164          0.1402         0.95168         0.41896               
         E        228        CYS         0.38356        0.040664         0.34875       0.0095431         0.45138         0.33921               
         E        229        VAL         0.52674        0.096518         0.62807        0.056633         0.69686         0.41896               
         E        230        VAL         0.55049          0.1171         0.47431        0.065968         0.75952         0.38461               
         E        231        ARG          1.1176         0.29897          1.3059         0.19757          1.5993         0.69686               
         E        232        HIS         0.79057         0.14294         0.68411        0.030844           1.087         0.63384               
         E        233        ALA          1.0947        0.081259          1.0496               0          1.2425         0.99945               
         E        234        SER         0.96257         0.13929         0.79832         0.01131          1.1826         0.78701               
         E        235        LEU          1.2039         0.21401          1.0489          0.1174          1.5303         0.90614               
         E        236        HIS          3.2172         0.68516          3.6178         0.49044          4.3443          1.9783               
         E        237        THR          2.5196         0.71268          3.1684         0.53989          3.9297          1.6112               
         E        238        PRO          1.3925         0.22029          1.4701         0.23426          1.7361          1.1417               
         E        239        LEU         0.87092         0.14589         0.89153         0.14529          1.1337         0.63384               
         E        240        ARG           1.054         0.18624          1.1479         0.16074          1.4027         0.80963               
         E        241        SER         0.74579        0.051103         0.71235        0.020507         0.82116         0.68685               
         E        242        ASN          1.3348         0.32283           1.591         0.27358          2.0417          1.0278               
         E        243        PHE         0.72332         0.20201         0.60181         0.13856          1.0206         0.43319               
         E        244        THR          1.2992         0.20847          1.4553         0.21887          1.7625           1.087               
         E        245        LEU          1.2914         0.24899          1.1366         0.13767          1.7625         0.95168               
         E        246        THR          2.5522          0.4443               0               0          3.0846          1.8592               
