pdb_id: 
analysis type: unbound
radii_file: F:\psiafrombintisolah\PSAIA-1.0\amac_data\chothia.radii
CX_sRadius: 14
CX_vAtom: 20.1

  chain id|    res id|  res name|     average CX|       s_avg CX|    s-ch avg CX|  s-ch s_avg CX|         max CX|         min CX|               
         A         21        HIS          2.6564          1.0926          3.3974          0.7537          4.3443          1.2692               
         A         22        THR          0.8403         0.16361         0.80282         0.10941          1.1826         0.68685               
         A         23        ARG         0.60703         0.23263         0.71918         0.21392          1.1337          0.3026               
         A         24        PRO         0.33071         0.14457         0.46523        0.085688         0.54136         0.12567               
         A         25        VAL        0.051254        0.038681        0.046398        0.039983         0.11253               0               
         A         26        ILE        0.020478        0.035859        0.040956         0.04163         0.10182               0               
         A         27        LEU               0               0               0               0               0               0               
         A         28        VAL       0.0031612       0.0046577       0.0040371       0.0057093        0.012111               0               
         A         29        PRO         0.04859        0.021247        0.054143        0.019863        0.072876        0.010323               
         A         30        GLY         0.11814         0.01352               0               0         0.13461         0.10182               
         A         31        CYS         0.16177        0.017808          0.1623       0.0047248         0.19383         0.13686               
         A         32        LEU         0.21305         0.02578          0.2262        0.021701         0.25957         0.16228               
         A         33        GLY         0.13712        0.016787               0               0         0.14828         0.10822               
         A         34        ASN         0.15006        0.019459         0.14127        0.022118         0.17663         0.10608               
         A         35        GLN         0.33836         0.10119         0.41716        0.066072         0.49306         0.22713               
         A         36        LEU         0.24512        0.071623         0.18817        0.025618          0.3583         0.16703               
         A         37        GLU         0.64485         0.20569         0.81173         0.10968          0.9651         0.38126               
         A         38        ALA         0.57426         0.13345         0.41896               0         0.77041         0.41896               
         A         39        LYS           1.402         0.64399          1.8566         0.52724          2.6893         0.74875               
         A         40        LEU         0.81255          0.2479         0.60292        0.096742          1.2692         0.50485               
         A         41        ASP          1.6491          0.3871           1.971         0.23255          2.1947          1.0496               
         A         42        LYS          1.0168         0.32081         0.76868         0.10585          1.5993         0.68189               
         A         43        PRO          2.1648          0.3376          2.1292         0.33938          2.6193          1.6847               
         A         44        ASP           2.053         0.47965           2.463         0.20672          2.6423          1.2425               
         A         45        VAL          1.4639         0.16465          1.3662         0.15037          1.7361          1.1743               
         A         46        VAL          1.4578         0.32789           1.186          0.1154          2.0744           1.035               
         A         47        ASN          1.7615         0.18394          1.6938         0.18372          1.9939          1.4648               
         A         48        TRP          3.1449         0.56489          3.4852         0.17675          3.6872          2.1078               
         A         49        MET          1.9076         0.48536           2.249         0.39927           2.787          1.2338               
         A         50        CYS          1.0144         0.13851         0.90648         0.02542          1.2079         0.88106               
         A         51        TYR          1.2173         0.37054          1.3719         0.36178           2.091         0.80963               
         A         52        ARG          1.7683         0.54006          2.0885         0.41979          2.8123          1.1826               
         A         53        LYS          1.9933         0.58449          2.4178         0.44505          3.0846          1.3058               
         A         54        THR          1.5084         0.26735          1.2636         0.11826          1.8736          1.1024               
         A         55        GLU          2.9905         0.49656          3.4044         0.15425          3.5747          2.1769               
         A         56        ASP          2.5385         0.75582          3.1655         0.52745           3.726          1.5415               
         A         57        PHE          1.3933         0.18897          1.3705         0.20865          1.6597           1.057               
         A         58        PHE         0.68025         0.17521         0.62604         0.14715         0.99248         0.42604               
         A         59        THR         0.53294        0.098242          0.5697         0.06834         0.67205         0.40848               
         A         60        ILE           0.236        0.049028         0.19481        0.020678         0.32987         0.17181               
         A         61        TRP         0.27645        0.051446         0.27606        0.059644         0.37133         0.19134               
         A         62        LEU         0.56996          0.1371         0.62495          0.1059         0.73812         0.36478               
         A         63        ASP         0.83039         0.14661         0.89033         0.16228          1.1258         0.61995               
         A         64        LEU          1.4875         0.21562          1.5767         0.19914          1.8592          1.1258               
         A         65        ASN          1.6347         0.31066          1.8874         0.24737          2.2491          1.2783               
         A         66        MET          0.8624         0.21461         0.66201        0.086416          1.1579         0.55815               
         A         67        PHE           1.575         0.40551          1.3664         0.26465          2.4038          1.0496               
         A         68        LEU          2.4775         0.48879          2.8325         0.40974          3.5384          1.7759               
         A         69        PRO          2.8094         0.53753          3.3828         0.16994          3.6116           2.142               
         A         70        LEU          1.8958         0.47204          2.2828          0.2462          2.5299          1.1826               
         A         71        GLY           1.011         0.21853               0               0          1.3058         0.73286               
         A         72        VAL         0.77875         0.13741         0.88478        0.084517         0.99945         0.56669               
         A         73        ASP         0.88747         0.24082          1.1078        0.084589          1.2079         0.50882               
         A         74        CYS         0.54119         0.20824         0.74143         0.13963         0.88106         0.27359               
         A         75        TRP         0.27583        0.042605         0.28104         0.03898         0.34551         0.19134               
         A         76        ILE         0.40722          0.1064         0.50422        0.060116          0.6018         0.29376               
         A         77        ASP         0.52999         0.14797         0.66241        0.077348         0.75412         0.32678               
         A         78        ASN         0.27832         0.06948         0.32511        0.068966         0.40848         0.19383               
         A         79        THR         0.21167        0.038776         0.18877         0.02931         0.27359         0.14828               
         A         80        ARG         0.51985         0.19981         0.62784         0.17465         0.86268          0.3026               
         A         81        VAL         0.37132        0.087198         0.28445        0.041698         0.48531         0.24584               
         A         82        VAL         0.78836          0.1435         0.92198        0.075433         0.97869         0.55815               
         A         83        TYR         0.75938         0.13805         0.67971        0.021965           1.087         0.63852               
         A         84        ASN          2.0562         0.69818           2.621         0.55292          3.5384          1.2079               
         A         85        ARG          1.6712         0.19504             1.6         0.15763          2.0097          1.3926               
         A         86        SER          3.3083          0.6492          4.1005         0.45137          4.5519          2.5518               
         A         87        SER          2.3883         0.27968          2.5966         0.02262          2.6193          1.9783               
         A         88        GLY          1.2099         0.32839               0               0          1.7231         0.82697               
         A         89        LEU           1.304         0.32647          1.5498         0.27929          1.9476          0.9254               
         A         90        VAL         0.67046         0.16693         0.48633        0.039379         0.84465         0.45138               
         A         91        SER         0.92745         0.19285          1.1704        0.020592           1.191         0.66718               
         A         92        ASN         0.63398         0.12184         0.53504        0.055143         0.86268         0.47003               
         A         93        ALA         0.69567        0.080698         0.59733               0         0.80963         0.59733               
         A         94        PRO          1.2127         0.14762          1.3096         0.15075          1.4863         0.99248               
         A         95        GLY           1.141         0.12514               0               0          1.2874          1.0065               
         A         96        VAL         0.63368         0.10684         0.52398        0.051368         0.78144         0.45138               
         A         97        GLN          1.0473         0.41689          1.3782         0.24625          1.6352         0.53309               
         A         98        ILE         0.40409         0.09734         0.31774        0.046736         0.53309         0.27076               
         A         99        ARG         0.98897         0.50406          1.2918         0.38122          1.7759         0.37793               
         A        100        VAL         0.38067          0.1075         0.27089        0.036997         0.53721         0.22713               
         A        101        PRO          0.5154        0.081385         0.53054        0.093947         0.65752         0.40158               
         A        102        GLY         0.54356        0.043017               0               0         0.61538          0.5009               
         A        103        PHE         0.50021         0.11385         0.44005        0.083082         0.73286         0.30856               
         A        104        GLY         0.51121        0.024523               0               0         0.54136         0.47382               
         A        105        LYS         0.80645         0.37525          1.0914          0.2483          1.4027         0.29964               
         A        106        THR         0.36846        0.056095         0.37947        0.061022         0.46251         0.28504               
         A        107        TYR         0.63145         0.13664         0.72325        0.051152         0.82697         0.43319               
         A        108        SER         0.29361         0.04138         0.29126        0.023319         0.36153         0.24044               
         A        109        VAL         0.16177        0.046287         0.11109       0.0010184         0.22713         0.11037               
         A        110        GLU          0.4351        0.087331         0.46913        0.064875         0.56669         0.26794               
         A        111        TYR         0.92091         0.34969          1.1359         0.20837          1.4334         0.43679               
         A        112        LEU          0.4338         0.10783         0.34112        0.060597         0.59733         0.26514               
         A        113        ASP         0.99993         0.18234          1.1351         0.14365           1.363         0.72242               
         A        114        SER           1.365         0.22555          1.3237         0.14112          1.7231          1.0423               
         A        115        SER          2.0248         0.23323          2.0277        0.080099          2.4448          1.6597               
         A        116        LYS          1.6242         0.13154          1.6457          0.1235           1.817          1.4438               
         A        117        LEU          2.2384         0.64377          2.7826         0.47749          3.3988          1.5875               
         A        118        ALA         0.99836         0.19092         0.97869               0          1.2874         0.71725               
         A        119        GLY         0.82054        0.083465               0               0         0.95168         0.73812               
         A        120        TYR         0.30244         0.11511         0.23659        0.059501         0.56241         0.16228               
         A        121        LEU         0.17693        0.092882        0.089895         0.04268         0.27643        0.024808               
         A        122        HIS         0.80787         0.30169          1.0278          0.1666          1.2513         0.36478               
         A        123        THR         0.71347         0.16671         0.89017        0.072994         0.94504         0.48917               
         A        124        LEU         0.21104         0.11571         0.10956         0.06217         0.39135        0.024808               
         A        125        VAL         0.35453         0.10246         0.30353         0.07939         0.51682         0.20388               
         A        126        GLN          1.0941         0.33838          1.3376         0.23789          1.6474          0.6018               
         A        127        ASN         0.73301         0.11589         0.74011         0.15878         0.99248         0.55815               
         A        128        LEU         0.40743         0.20253         0.22717        0.075703         0.74875         0.12567               
         A        129        VAL          1.0937         0.23297          1.1233         0.22672          1.4231         0.74342               
         A        130        ASN          1.6673         0.24396          1.8322         0.15405           2.058          1.2425               
         A        131        ASN          1.1543        0.086184          1.1019        0.085385          1.2692          1.0206               
         A        132        GLY          1.2422        0.095762               0               0          1.3827          1.1498               
         A        133        TYR          0.5774         0.24818         0.41279        0.078099          1.0496         0.29084               
         A        134        VAL          1.0683         0.28937          1.3781         0.11127          1.4863         0.69686               
         A        135        ARG          0.8826        0.086106         0.91123        0.081324          1.0947         0.75952               
         A        136        ASP         0.87122         0.11969         0.95059        0.086488          1.0644         0.65752               
         A        137        GLU          1.1413          0.5247          1.5186         0.41071          2.1769         0.54971               
         A        138        THR          0.5065         0.16156         0.63544        0.070887         0.70191         0.23775               
         A        139        VAL         0.27191        0.067069         0.25227        0.076235         0.36478         0.16228               
         A        140        ARG         0.43172         0.26616         0.58707         0.20482         0.87489        0.057011               
         A        141        ALA         0.13922        0.033827          0.1147               0          0.1864         0.09339               
         A        142        ALA        0.059682        0.027609        0.055061               0         0.10608        0.019328               
         A        143        PRO         0.12922        0.027817         0.15314        0.016269         0.17422        0.091303               
         A        144        TYR         0.08991         0.02344        0.083589        0.024324         0.12126        0.035947               
         A        145        ASP         0.15035        0.026945         0.17259        0.014418         0.19383         0.10822               
         A        146        TRP         0.15065        0.016189         0.15563        0.013467         0.18886         0.11253               
         A        147        ARG         0.17794        0.039656         0.20107        0.031372         0.25957         0.13236               
         A        148        LEU         0.23345        0.054782         0.27589        0.045234         0.34235         0.17181               
         A        149        GLU         0.25515        0.031803         0.24961        0.036405         0.30558         0.20642               
         A        150        PRO         0.34275         0.11862         0.25023        0.030952         0.56669          0.2245               
         A        151        GLY         0.67593         0.15526               0               0          0.9254         0.50485               
         A        152        GLN         0.63666        0.045269         0.65293        0.043278         0.69686         0.57532               
         A        153        GLN         0.40916         0.14141         0.28983        0.048736         0.62918         0.20388               
         A        154        GLU          1.1666          0.2053           1.323         0.11975          1.5415         0.81537               
         A        155        GLU          1.2288         0.26187          1.4177         0.17813          1.6847         0.85663               
         A        156        TYR         0.29121         0.18492         0.18091        0.095984         0.68685        0.034074               
         A        157        TYR         0.44338         0.10018         0.40472        0.099654         0.57968         0.27076               
         A        158        ARG          1.5695         0.69024          2.0026         0.48042          2.6423         0.76495               
         A        159        LYS         0.74433         0.14131         0.83087         0.10713          0.9651         0.53309               
         A        160        LEU         0.19415         0.10883         0.10576        0.052186         0.40502        0.064884               
         A        161        ALA         0.44839        0.071369         0.52491               0         0.52491         0.33608               
         A        162        GLY         0.67811        0.078409               0               0         0.79261         0.59288               
         A        163        LEU         0.39733        0.086386         0.33725        0.075091         0.52491         0.22713               
         A        164        VAL         0.31859         0.10995         0.21744        0.054059         0.48146          0.1414               
         A        165        GLU         0.96464         0.19261          1.0797        0.099827          1.2079         0.53721               
         A        166        GLU           1.057         0.10939          1.1122         0.10378          1.2513         0.91894               
         A        167        MET         0.55328         0.17674         0.39036        0.067018         0.82116         0.31458               
         A        168        HIS          1.1234         0.21813           1.187          0.2076          1.5081         0.75952               
         A        169        ALA          1.8242         0.30174          1.9939               0          2.2126          1.3058               
         A        170        ALA          1.5952         0.14199          1.3926               0           1.817          1.3926               
         A        171        TYR          1.1411         0.19288          1.0378         0.14693          1.4438         0.80392               
         A        172        GLY          1.5574         0.10662               0               0          1.6597          1.4128               
         A        173        LYS          1.0867         0.27315          1.2385         0.25543          1.5529         0.73286               
         A        174        PRO         0.57679         0.14784         0.67578         0.11883         0.80963         0.38797               
         A        175        VAL         0.20361        0.073013         0.21291        0.069262         0.29964         0.10608               
         A        176        PHE         0.13788         0.10045         0.19265        0.080867          0.3026               0               
         A        177        LEU               0               0               0               0               0               0               
         A        178        ILE               0               0               0               0               0               0               
         A        179        GLY        0.012283         0.01013               0               0        0.024808               0               
         A        180        HIS         0.10771        0.050618         0.13802        0.041678         0.19883        0.035947               
         A        181        SER        0.080591        0.037501         0.12466       0.0099527         0.13461        0.026648               
         A        182        LEU        0.091195        0.027096          0.1159        0.010973         0.13236        0.055061               
         A        183        GLY        0.054327        0.015832               0               0        0.072876        0.030347               
         A        184        CYS        0.024403        0.012685        0.010574        0.010574        0.037827               0               
         A        185        LEU        0.046254        0.011341        0.043993       0.0028157        0.074892        0.035947               
         A        186        HIS        0.092973         0.04288         0.12102        0.030879         0.16703        0.032207               
         A        187        LEU       0.0077273        0.011164               0               0        0.030347               0               
         A        188        LEU         0.13583        0.047874         0.15545        0.030024         0.19134        0.053117               
         A        189        TYR          0.4459         0.17787         0.52492         0.15959         0.81537         0.18149               
         A        190        PHE         0.19013        0.063034         0.17186        0.061154         0.31157        0.099698               
         A        191        LEU         0.19077         0.13382        0.085644        0.034161         0.45878        0.043509               
         A        192        LEU         0.57485         0.15974         0.50763        0.034842         0.93845         0.38126               
         A        193        ARG         0.92358         0.19231         0.98398         0.18293          1.2164          0.6063               
         A        194        GLN         0.73641         0.18858         0.59814        0.064788           1.057         0.50485               
         A        195        PRO          1.4414         0.28257          1.6676         0.24909          1.9325          1.0496               
         A        196        GLN          1.3957         0.26093          1.3529         0.31268          1.8032          1.0135               
         A        197        ALA          1.8593         0.40616          2.6193               0          2.6193          1.4863               
         A        198        TRP          0.7919         0.31388         0.68361          0.2608          1.4755         0.33297               
         A        199        LYS         0.59861        0.090862         0.56668         0.08911         0.74342         0.45878               
         A        200        ASP          1.2259         0.27602          1.4598          0.2016          1.7625         0.91252               
         A        201        ARG          1.6008         0.53031          1.9385         0.35272          2.3247          0.9254               
         A        202        PHE         0.80489         0.27112         0.95467         0.20138          1.2164         0.36478               
         A        203        ILE         0.25102        0.090726         0.17539        0.045707         0.40848         0.12346               
         A        204        ASP         0.34282          0.0903         0.40777        0.077601         0.47763         0.22713               
         A        205        GLY        0.073583        0.048684               0               0          0.1279        0.013906               
         A        206        PHE       0.0086092        0.011476       0.0023993       0.0036529        0.039714               0               
         A        207        ILE        0.025177        0.035415        0.049986        0.035736        0.097587               0               
         A        208        SER               0               0               0               0               0               0               
         A        209        LEU        0.010963        0.011258        0.016763        0.012568        0.037827               0               
         A        210        GLY        0.041213       0.0090739               0               0        0.051182        0.026648               
         A        211        ALA        0.043379        0.016011        0.012111               0        0.055061        0.012111               
         A        212        PRO        0.061653        0.012896        0.061678        0.009683        0.076917        0.041608               
         A        213        TRP        0.086669        0.045735        0.067328        0.030374         0.18886        0.024808               
         A        214        GLY         0.17074        0.012365               0               0          0.1864         0.15291               
         A        215        GLY        0.098797        0.013127               0               0         0.11907        0.083036               
         A        216        SER         0.11855        0.015525         0.13247        0.011213         0.14369        0.097587               
         A        217        ILE         0.13302        0.032643         0.15535        0.028141         0.18394        0.083036               
         A        218        LYS         0.30465         0.17007         0.40966         0.16404         0.67696          0.1414               
         A        219        PRO         0.12914         0.01804         0.11846        0.011557         0.16228         0.10822               
         A        220        MET        0.053231        0.024914        0.032523        0.017985        0.085091       0.0049961               
         A        221        LEU          0.2801         0.10279         0.35182        0.078659         0.44405         0.11907               
         A        222        VAL         0.37173        0.049699         0.39876        0.029451         0.44041         0.28793               
         A        223        LEU         0.19334        0.056708         0.14317       0.0079701          0.3026         0.13236               
         A        224        ALA          0.2774         0.10896         0.17181               0          0.4477         0.17181               
         A        225        SER         0.61434          0.1127          0.6157        0.022821         0.79261         0.41896               
         A        226        GLY         0.80928         0.12175               0               0         0.95168         0.66718               
         A        227        ASP          1.4259         0.18118          1.5489         0.10757          1.6847          1.0496               
         A        228        ASN          1.8642         0.29519          2.1294         0.16369          2.3054          1.5191               
         A        229        GLN         0.94687         0.19556         0.87372        0.068088          1.3827         0.71725               
         A        230        GLY         0.68858         0.13358               0               0         0.88727         0.51682               
         A        231        ILE          0.7815         0.15056         0.88982         0.14122          1.0947         0.62455               
         A        232        PRO         0.50607         0.11986         0.60823         0.07313         0.66233         0.31458               
         A        233        ILE         0.30869        0.064322         0.29243        0.054551         0.42961         0.22189               
         A        234        MET         0.37964        0.098423         0.29921        0.056566         0.53309          0.2141               
         A        235        SER         0.67385        0.074123         0.70246        0.030401         0.76495         0.52899               
         A        243        GLN          1.5159         0.29137          1.3922         0.17244          2.2126          1.0719               
         A        244        ARG         0.64401         0.13267         0.57132        0.059771         0.97869         0.50882               
         A        245        ILE         0.54956        0.091274         0.62257        0.022671         0.65272         0.40502               
         A        246        THR         0.24438        0.055109         0.18983        0.012905         0.34551         0.17181               
         A        247        THR         0.19522        0.034966         0.20775        0.024012         0.23508         0.14598               
         A        248        THR         0.11908        0.019161         0.11714        0.017047         0.15291        0.097587               
         A        249        SER        0.080198        0.015778         0.09552       0.0062961         0.10182        0.062905               
         A        250        PRO         0.11324        0.021143         0.11703        0.012777         0.14828        0.080988               
         A        251        TRP         0.11903        0.021971         0.12428        0.020693         0.15758        0.078949               
         A        252        MET        0.071557        0.014198        0.078584        0.012441        0.091303        0.047331               
         A        253        PHE        0.060402        0.014029        0.056551        0.010135        0.091303        0.035947               
         A        254        PRO         0.11666        0.043014         0.10845        0.032128          0.1864        0.064884               
         A        255        SER         0.34266        0.066998         0.35209        0.049486         0.40848          0.2245               
         A        256        ARG         0.99333         0.29842          1.1525         0.23242          1.5529         0.48531               
         A        257        MET         0.74974         0.10209         0.80729         0.10716         0.97187         0.62455               
         A        258        ALA          0.5609         0.10997         0.39135               0         0.72242         0.39135               
         A        259        TRP         0.42709         0.19184         0.32081         0.08427         0.82697         0.19383               
         A        260        PRO          1.3137         0.23235          1.5072          0.2035          1.6974          1.0135               
         A        261        GLU          1.1775         0.13907          1.1968         0.15569          1.4334          1.0065               
         A        262        ASP          1.9714         0.65576          2.5275         0.47901          3.2675          1.2966               
         A        263        HIS          0.6698         0.18294         0.56993         0.10943          1.0423         0.43679               
         A        264        VAL         0.62854         0.16523          0.7474         0.12972          0.9254         0.41545               
         A        265        PHE         0.20996        0.042334         0.20414        0.040378         0.29376         0.15524               
         A        266        ILE         0.23015        0.086097         0.17836        0.064583         0.38126         0.10394               
         A        267        SER         0.67402         0.15858         0.83014         0.12823         0.95837         0.41896               
         A        268        THR         0.89535         0.20466          0.7564         0.09996          1.2251         0.61995               
         A        269        PRO          1.8532         0.30885          1.8185         0.27719          2.3441          1.4231               
         A        270        SER          1.8673        0.098904          1.8379       0.0070421          2.0417          1.7492               
         A        271        PHE          1.1831         0.22372          1.2246         0.21493          1.5643         0.80963               
         A        272        ASN          1.0737         0.20368          1.2096         0.18526          1.5191         0.79825               
         A        273        TYR         0.42584        0.066266         0.41973         0.06545         0.54136         0.33921               
         A        274        THR         0.64912         0.18694          0.8516        0.073133         0.91252         0.41545               
         A        275        GLY         0.56164        0.061491               0               0         0.63384         0.49306               
         A        276        ARG          1.3976          0.4531           1.697         0.26942          1.9028         0.74342               
         A        277        ASP          0.7495         0.23251          0.9384         0.15703          1.1498         0.43319               
         A        278        PHE         0.25809        0.089458          0.1995        0.050759         0.40158         0.13686               
         A        279        GLN          0.9505         0.31392          1.1981         0.19057          1.4334         0.53309               
         A        280        ARG          1.0222         0.38291          1.2426         0.30526          1.7361         0.55392               
         A        281        PHE          0.1937          0.1235         0.11318         0.05985          0.4477        0.043509               
         A        282        PHE         0.29911         0.11549         0.23322        0.070075          0.5009         0.15059               
         A        283        ALA         0.81899         0.11247         0.97187               0         0.97187         0.64323               
         A        284        ASP         0.74944        0.091571         0.79379         0.10832         0.91894         0.62455               
         A        285        LEU         0.41326          0.1695         0.25712        0.066916         0.63384         0.14369               
         A        286        HIS          1.1962         0.35761          1.4653          0.1639          1.7102         0.73286               
         A        287        PHE         0.36649         0.14343         0.27042        0.068566         0.62455         0.18149               
         A        288        GLU          1.1386         0.44174          1.4875         0.27358          1.8032         0.63852               
         A        289        GLU         0.69095         0.21203         0.83176         0.16968          1.0496         0.41545               
         A        290        GLY         0.31001        0.030396               0               0         0.35508         0.28216               
         A        291        TRP         0.69222         0.19112         0.77617         0.15751           1.035         0.39815               
         A        292        TYR          1.0536         0.38501           1.258         0.30946          1.7895         0.58405               
         A        293        MET         0.33479        0.077174         0.26261        0.034454         0.43319         0.20642               
         A        294        TRP         0.34582        0.066395         0.32905         0.06264          0.4477         0.24584               
         A        295        LEU         0.82116         0.15187         0.93158        0.095529           1.087         0.54136               
         A        296        GLN         0.76482        0.072391         0.80934        0.061247          0.9254         0.64796               
         A        297        SER         0.42226        0.079019         0.31922        0.010651         0.52899         0.30856               
         A        298        ARG         0.83982         0.30978         0.98293         0.30599          1.3926         0.52491               
         A        299        ASP          1.1849         0.34853          1.4406         0.31879          1.9629         0.78144               
         A        300        LEU         0.53735         0.11512         0.44169         0.07593         0.69686         0.33608               
         A        301        LEU          0.4203         0.12227         0.30732        0.063766         0.56241         0.20388               
         A        302        ALA          1.0366         0.19232          1.2783               0          1.2783         0.74342               
         A        303        GLY          1.1457         0.09254               0               0          1.2874          1.0278               
         A        304        LEU         0.48458         0.18883         0.31702         0.11002         0.74342          0.2245               
         A        305        PRO         0.71059          0.1328         0.82474        0.054659         0.88727         0.46251               
         A        306        ALA         0.58224        0.082251         0.65272               0         0.69184         0.45878               
         A        307        PRO         0.27247        0.077524         0.20128        0.063909         0.34869         0.14598               
         A        308        GLY         0.49448        0.059732               0               0         0.57532         0.41196               
         A        309        VAL         0.28159        0.070435          0.2176         0.04642         0.38126         0.15992               
         A        310        GLU          0.4319         0.19054         0.57454         0.11844         0.77041          0.1279               
         A        311        VAL         0.18524        0.049496         0.14853         0.01695         0.27929          0.1279               
         A        312        TYR         0.29167         0.17027         0.37836         0.14096          0.6063        0.049253               
         A        313        CYS         0.13823         0.02683         0.13468       0.0090054         0.19383         0.11253               
         A        314        LEU         0.12641        0.041728          0.1575        0.024047         0.17906        0.053117               
         A        315        TYR         0.33162         0.13966         0.37385         0.14471         0.66718         0.17422               
         A        316        GLY         0.40302        0.056468               0               0         0.47003         0.32065               
         A        317        VAL         0.81875         0.13955         0.82282          0.1315         0.99248         0.62455               
         A        318        GLY           1.383         0.21697               0               0          1.6847          1.0719               
         A        319        LEU          1.1151         0.17336          1.2092         0.16672          1.4755         0.83283               
         A        320        PRO          1.3023         0.32035          1.6326         0.15819          1.8309         0.91894               
         A        321        THR         0.58225         0.13074         0.45846        0.055426         0.82116         0.38126               
         A        322        PRO         0.49015        0.078217         0.52367        0.046686         0.56669         0.33921               
         A        323        ARG         0.83745         0.45413          1.0889         0.38567          1.6722         0.32987               
         A        324        THR         0.50071        0.074288         0.55397       0.0091542         0.58845         0.39474               
         A        325        TYR         0.38289        0.063965         0.35719        0.057994         0.49306         0.26514               
         A        326        ILE         0.94112         0.18414          1.0868         0.12467          1.2692         0.63852               
         A        327        TYR         0.69301         0.30962         0.50801         0.13363          1.3341         0.33921               
         A        328        ASP          1.8322         0.31284          2.1113         0.10291          2.2491          1.3533               
         A        329        HIS          2.7688         0.67802          3.2877         0.29065          3.6872           1.845               
         A        330        GLY          1.5555         0.29356               0               0          1.9028          1.2513               
         A        331        PHE         0.67161         0.26767         0.49887         0.15635           1.087         0.32371               
         A        332        PRO         0.68965         0.10197         0.62456         0.10093         0.80392         0.51682               
         A        333        TYR          1.4884         0.19836          1.6016        0.079079          1.7759          1.0206               
         A        334        THR          1.4297          0.3325          1.6516         0.37017          2.1594          1.0135               
         A        335        ASP           1.334         0.15014           1.394         0.16406          1.6231          1.1258               
         A        336        PRO         0.90076         0.18641         0.75205        0.051689          1.2513         0.69686               
         A        337        VAL          1.7348         0.25624          1.7897        0.022223          2.1947          1.2602               
         A        338        GLY          1.2263         0.23003               0               0          1.4971         0.88727               
         A        339        VAL          1.1978         0.24214          1.0078        0.085954          1.6847         0.89981               
         A        340        LEU          1.2308         0.29102           1.451         0.22471          1.7895         0.79261               
         A        341        TYR          1.2734         0.16564           1.338         0.16123          1.5529          1.0947               
         A        342        GLU         0.73909         0.20303         0.60024         0.16059         0.99945         0.39815               
         A        343        ASP         0.89541          0.1959          1.0492        0.053978          1.1337         0.54136               
         A        344        GLY         0.58406        0.072152               0               0         0.66718          0.5009               
         A        345        ASP         0.40816         0.11596         0.30382        0.050589           0.571         0.23508               
         A        346        ASP         0.71333         0.13759         0.82613        0.094707         0.95168         0.54552               
         A        347        THR         0.34027        0.079515         0.35883         0.07178         0.45138          0.2513               
         A        348        VAL          0.1663        0.044294         0.12347       0.0036044         0.24857         0.11907               
         A        349        ALA          0.2654        0.041846         0.33297               0         0.33297         0.20388               
         A        350        THR         0.46712         0.10852         0.58919        0.034254         0.62918         0.36804               
         A        351        ARG         0.62483         0.16436          0.7095          0.1481         0.95837         0.44041               
         A        352        SER         0.21444        0.060654         0.16004        0.011765         0.32987         0.14828               
         A        353        THR         0.16351        0.032137          0.1558        0.039783         0.21153         0.12126               
         A        354        GLU         0.61811         0.21748         0.78757         0.12766         0.94504         0.29376               
         A        355        LEU         0.44143        0.096058         0.44879         0.12006         0.64796         0.34235               
         A        356        CYS         0.33517         0.10334         0.21955        0.018202         0.48531         0.20135               
         A        357        GLY         0.80043         0.20221               0               0          1.0719         0.51682               
         A        358        LEU          1.0903         0.19094          1.1666         0.19678          1.4863         0.80963               
         A        359        TRP         0.51915         0.30802         0.35037         0.15295          1.1417          0.1279               
         A        360        GLN          1.3726         0.22689           1.281         0.10085          1.8032          1.1101               
         A        361        GLY          2.3091         0.27298               0               0          2.6893          1.9325               
         A        362        ARG          2.1172         0.49076           2.325          0.4926          3.3652          1.5759               
         A        363        GLN          1.0627         0.42732         0.70571         0.18668          1.6112          0.5009               
         A        364        PRO          1.7251          0.1767          1.8418         0.17191          1.9783          1.4971               
         A        365        GLN         0.93473         0.13584         0.84386        0.086304          1.2079         0.72762               
         A        366        PRO         0.91186         0.18276          1.0622        0.023154          1.0947         0.56241               
         A        367        VAL         0.67631          0.0777         0.62297        0.049348         0.79825         0.56669               
         A        368        HIS         0.63415         0.18065           0.733         0.15722         0.97187         0.36153               
         A        369        LEU         0.60962        0.074244         0.60401        0.058418         0.76495         0.50485               
         A        370        LEU         0.47246        0.089708         0.50325        0.092297         0.66233         0.33297               
         A        371        PRO         0.76055         0.13584         0.89414        0.072208         0.99248         0.61082               
         A        372        LEU         0.50752         0.13307         0.40273        0.086685         0.70191         0.28504               
         A        373        HIS          1.4918         0.33443          1.7347         0.15992          1.9028          0.9254               
         A        374        GLY           1.185        0.073103               0               0          1.2966          1.0947               
         A        375        ILE         0.77431         0.13062         0.76813         0.16196          1.0278         0.59733               
         A        376        GLN          1.2004         0.45621          1.5477          0.3093           1.845         0.64323               
         A        377        HIS         0.37295         0.12488         0.28851        0.080445         0.57968          0.1864               
         A        378        LEU         0.84498         0.14242         0.93609         0.14083          1.0947         0.64796               
         A        379        ASN          1.1349         0.35096          1.4471          0.2077          1.6597          0.7121               
         A        380        MET         0.31359         0.11894         0.22209        0.071434         0.53721         0.13012               
         A        381        VAL           0.311        0.064677         0.27063        0.067884         0.39815         0.18886               
         A        382        PHE         0.78749         0.11548         0.82531        0.066787         0.90614         0.51281               
         A        383        SER         0.82355        0.076815         0.84341        0.056401         0.89981         0.67696               
         A        384        ASN          1.5027           0.424          1.8807         0.26023          2.3247          1.0206               
         A        385        LEU          1.0321         0.17173          1.1403         0.10183          1.3152         0.75952               
         A        386        THR         0.40439          0.1053         0.34255        0.075391         0.61082         0.23775               
         A        387        LEU         0.54648        0.094158         0.57139         0.12407         0.73286         0.38797               
         A        388        GLU          1.2732         0.47499          1.6455         0.30082          1.9939         0.74875               
         A        389        HIS         0.67536         0.17336         0.76906         0.14845         0.95168         0.43679               
         A        390        ILE         0.20813        0.090274         0.12523        0.037001         0.33297        0.074892               
         A        391        ASN         0.64019         0.14796         0.73107         0.13062         0.91252         0.38797               
         A        392        ALA         0.84771         0.12196           1.057               0           1.057         0.69184               
         A        393        ILE         0.46125        0.090973         0.38217        0.049205         0.59733         0.32065               
         A        394        LEU         0.37951         0.16644         0.23748        0.069437         0.64323         0.16703               
         A        395        LEU          1.1839         0.26808          1.3991         0.16957          1.6722         0.72762               
         A        396        GLY          1.4232         0.27813               0               0           1.845          1.1101               
         A        397        ALA          1.7694         0.33558          1.4231               0          2.3247          1.4231               
         A        398        TYR          1.2903         0.31659          1.0846         0.13168          1.8592         0.93845               
         A        399        ARG          1.7755           1.008           1.088         0.42264          3.7654         0.58405               
