pdb_id: 
analysis type: unbound
radii_file: F:\psiafrombintisolah\PSAIA-1.0\amac_data\chothia.radii
CX_sRadius: 14
CX_vAtom: 20.1

  chain id|    res id|  res name|     average CX|       s_avg CX|    s-ch avg CX|  s-ch s_avg CX|         max CX|         min CX|               
         H        321        ILE         0.24559        0.091734         0.18183        0.050289         0.43679         0.11037               
         H        322        VAL         0.41889        0.058273         0.45378        0.041538         0.50882         0.30856               
         H        323        GLU         0.91642         0.27674          1.0842         0.26409          1.3827         0.59733               
         H        324        GLY         0.75869         0.11469               0               0          0.9319         0.65272               
         H        325        SER         0.99529         0.18314          1.2296        0.021731          1.2513         0.75412               
         H        326        ASP          1.2129         0.14964          1.2899         0.16753          1.5643          1.0496               
         H        327        ALA         0.85797         0.16047         0.59288               0          1.0423         0.59288               
         H        328        GLU          1.6877          0.5936          2.1551         0.35818          2.4868         0.89981               
         H        329        ILE          1.3419         0.15731          1.4528         0.12813          1.6597          1.1417               
         H        330        GLY         0.81495        0.043017               0               0         0.86877         0.76495               
         H        331        MET         0.74961         0.19741         0.90014         0.15048          1.1417         0.49306               
         H        332        SER         0.24646        0.088211         0.17712        0.044762         0.40848         0.13236               
         H        333        PRO         0.36394        0.080623         0.45288        0.019947         0.47382         0.25957               
         H        334        TRP         0.21776         0.12062         0.26288         0.10884         0.43319        0.032207               
         H        335        GLN        0.014512        0.017959       0.0090566        0.010289        0.053117               0               
         H        336        VAL        0.009277        0.010434        0.015808        0.010135        0.022975               0               
         H        337        MET         0.12909        0.089043         0.20364        0.065384         0.27929        0.022975               
         H        338        LEU         0.10374        0.043458        0.085389         0.01798         0.17663        0.058968               
         H        339        PHE          0.5127         0.18066         0.60396         0.15289         0.81537          0.2141               
         H        340        ARG          1.1381         0.32681          1.3213         0.24984          1.6352           0.571               
         H        341        LYS          1.3812         0.17435          1.3554         0.11784          1.6352          1.1258               
         H        342        SER          2.3711         0.50448          2.9904         0.27711          3.2675          1.6597               
         H        343        PRO          2.4959          0.4935          2.9037         0.34252          3.2675          1.6847               
         H        344        GLN          1.6672         0.17071          1.6274         0.10398          2.0744          1.4438               
         H        345        GLU          1.0885         0.34442          1.2984         0.27374          1.7625         0.56241               
         H        346        LEU         0.36537         0.11459          0.2788        0.069678         0.58405         0.18394               
         H        347        LEU         0.31694        0.085292          0.3711        0.079872         0.48146         0.20388               
         H        348        CYS          0.1074        0.025903         0.12362        0.013245         0.13913        0.066871               
         H        349        GLY        0.037078        0.014107               0               0        0.057011        0.017514               
         H        350        ALA               0               0               0               0               0               0               
         H        351        SER        0.012617        0.012784       0.0023545      0.00087849        0.034074               0               
         H        352        LEU         0.21318        0.089404         0.28617        0.064254         0.36478        0.089224               
         H        353        ILE         0.22119        0.095879         0.15221        0.023124         0.40158         0.12346               
         H        354        SER         0.50833        0.076851         0.56521        0.032118         0.59733         0.35508               
         H        355        ASP          0.9636         0.32486           1.237         0.24522          1.6352         0.64323               
         H        356        ARG         0.97059         0.52209          1.2648         0.43207          1.8881         0.37462               
         H        357        TRP         0.41085         0.17521         0.49276          0.1321         0.69184         0.13012               
         H        358        VAL        0.038022        0.031698        0.038795        0.029938        0.089224               0               
         H        359        LEU       0.0028718       0.0075981       0.0057437       0.0099483        0.022975               0               
         H        360        THR       0.0019865        0.004866       0.0046352       0.0065552        0.013906               0               
         H        361        ALA        0.030116        0.021558        0.028494               0        0.055061               0               
         H        362        ALA         0.15488        0.041554         0.16465               0         0.20897         0.09339               
         H        363        HIS         0.22761         0.05629         0.21044         0.05295         0.32987         0.13012               
         H        364        CYS         0.14525        0.051081        0.077012        0.010141         0.20897        0.066871               
         H        365        LEU         0.23819         0.11085         0.15868        0.024585         0.47003         0.13461               
         H        366        LEU         0.61595         0.15605         0.73177         0.12594         0.89981         0.37793               
         H        367        TYR         0.91178         0.19305         0.84383         0.10967          1.3827         0.69686               
         H        368        PRO          1.6806         0.37291          1.4551         0.21424          2.3054          1.2164               
         H        369        PRO          2.0166         0.39528          1.6643         0.15272          2.7621          1.4863               
         H        370        TRP          1.4832         0.49306           1.228         0.32634          2.2491         0.79261               
         H        371        ASP          2.7378         0.61602          3.3071          0.2604          3.6872          1.9325               
         H        372        LYS         0.93585         0.33128         0.69992         0.17326          1.5643         0.53721               
         H        373        ASN          1.1672         0.22681          1.3513         0.17259          1.6112         0.86877               
         H        374        PHE         0.65426         0.10961         0.65164         0.13691         0.86268          0.5009               
         H        375        THR          1.0367         0.25079          1.3141         0.06908           1.363          0.7121               
         H        376        GLU         0.95332         0.10357          1.0081        0.096187          1.1826         0.78144               
         H        377        ASN          1.6647         0.44908          1.7838          0.4594          2.5965           1.191               
         H        378        ASP          1.0665         0.18177          1.1893         0.17055          1.4543         0.82697               
         H        379        LEU         0.50593         0.12859         0.38861        0.044574          0.7121         0.31157               
         H        380        LEU         0.50846         0.20797         0.68253         0.12097         0.78701         0.21669               
         H        381        VAL         0.14214        0.052231        0.098934        0.026834         0.21928        0.078949               
         H        382        ARG         0.39095           0.249         0.54263         0.18119         0.81537        0.066871               
         H        383        ILE         0.19564        0.047243         0.19519        0.029649         0.29376         0.14598               
         H        384        GLY         0.32208        0.081862               0               0         0.42249         0.19632               
         H        385        LYS         0.31739        0.089022          0.3536         0.10311         0.53309         0.24044               
         H        386        HIS          0.6323         0.19242         0.76352         0.13495          0.9651         0.39815               
         H        387        SER         0.65905         0.20325         0.91965        0.086818          1.0065         0.40502               
         H        388        ARG         0.68237         0.18328         0.76544          0.1819           1.035         0.48531               
         H        389        THR          1.1084         0.21703          1.2719         0.16432          1.4863         0.76495               
         H        390        ARG          1.6369         0.38228          1.8778          0.2294          2.1769         0.97187               
         H        391        TYR          1.7664         0.32111          1.8668         0.32128          2.3441          1.3436               
         H        392        GLU           1.011         0.27731          0.7953         0.15829          1.4334         0.57968               
         H        393        ARG          3.0545         0.87215          3.6451          0.4801          4.1057          1.8592               
         H        394        ASN          2.4638         0.59996          2.9863          0.3989          3.4329          1.7895               
         H        395        ILE          1.0875         0.21619          1.0991         0.19915          1.4334         0.80963               
         H        396        GLU         0.72321         0.10682         0.67668        0.088383         0.91894           0.571               
         H        397        LYS          0.8132         0.41919          1.0828         0.38314          1.7102         0.34235               
         H        398        ILE          0.6798         0.11051          0.7433        0.084051         0.88727         0.51682               
         H        399        SER         0.46773        0.046672         0.44228       0.0090938         0.53721         0.41196               
         H        400        MET          1.0446         0.44239          1.4154          0.3369          1.8032          0.6063               
         H        401        LEU          0.5409         0.23523         0.33631        0.082712         0.94504         0.25957               
         H        402        GLU          1.1595         0.28102          1.3197         0.27001          1.6722         0.77591               
         H        403        LYS         0.91072         0.38914          1.1655         0.32901          1.6974         0.38126               
         H        404        ILE         0.44672        0.072367         0.39597        0.041285         0.55815         0.33608               
         H        405        TYR         0.62772         0.23258         0.75079         0.18087           1.035         0.25957               
         H        406        ILE         0.44542        0.052276         0.43817        0.025983         0.56241         0.37462               
         H        407        HIS         0.57392         0.11883         0.59785         0.12714         0.79261         0.39815               
         H        408        PRO          1.1586         0.20708          1.2054         0.18878          1.4334         0.83872               
         H        409        ARG            1.38         0.40664          1.6528         0.22065          1.9028         0.79825               
         H        410        TYR         0.50071         0.15912         0.40654        0.062701         0.88727         0.31458               
         H        411        ASN         0.89801         0.22817           1.107         0.11379           1.191         0.62918               
         H        412        TRP          1.1974         0.35751          1.3299         0.33548          1.8309         0.75412               
         H        413        ARG          2.0174         0.62123          2.3735         0.47925           3.174           1.057               
         H        414        GLU          1.3754         0.28463          1.6001          0.1612          1.7625         0.99945               
         H        415        ASN         0.63752         0.14818          0.7214        0.021902         0.79825         0.34869               
         H        416        LEU          0.2991        0.076613         0.27351        0.028128         0.47382         0.20897               
         H        417        ASP         0.49591         0.13833         0.61441        0.098836         0.77041         0.34869               
         H        418        ARG         0.58632         0.33875         0.78035         0.27593          1.1743         0.20135               
         H        419        ASP        0.084607        0.029971        0.067977        0.010846         0.15291        0.055061               
         H        420        ILE        0.094313        0.032041        0.082842        0.030426         0.15059        0.060933               
         H        421        ALA        0.066478        0.020713        0.097587               0        0.097587        0.034074               
         H        422        LEU          0.1681        0.063163         0.20395        0.069914         0.32065         0.10822               
         H        423        MET         0.11066        0.059201        0.068448        0.046842         0.18394        0.001476               
         H        424        LYS         0.65468         0.32652         0.87547          0.2805          1.2966         0.28216               
         H        425        LEU          0.4868         0.14026         0.39195        0.065783         0.75952          0.2967               
         H        426        LYS          1.1819         0.21908          1.3082        0.074459          1.4334         0.77041               
         H        427        LYS          1.4059         0.36777          1.8695         0.17217          2.0417          0.9651               
         H        428        PRO          1.3126         0.19456          1.4993         0.11987          1.6352          1.0496               
         H        429        VAL          0.7716         0.16829          0.5917        0.021984          1.0135         0.56241               
         H        430        ALA          1.2496         0.19367          1.5875               0          1.5875          1.0278               
         H        431        PHE          1.2658         0.25656          1.1511         0.20244           1.817         0.83872               
         H        432        SER          1.4039         0.14635          1.2666         0.15647          1.5643          1.1101               
         H        433        ASP          2.0157         0.66351          2.5791         0.46038          3.0556          1.2425               
         H        434        TYR          1.1628         0.46598          1.3645         0.41907          2.2126         0.47763               
         H        435        ILE         0.63752         0.11305         0.55868        0.028766         0.89981         0.52899               
         H        436        HIS         0.84427         0.30716          1.0572         0.19485          1.3246         0.37793               
         H        437        PRO         0.56418         0.11338         0.65338         0.11613         0.73812         0.45507               
         H        438        VAL          0.2787        0.061271         0.21845        0.045809         0.34551         0.15524               
         H        439        CYS         0.44385         0.18405         0.66773         0.13052         0.79825         0.23508               
         H        440        LEU         0.32789        0.087941         0.27738         0.06205          0.5009          0.1864               
         H        441        PRO         0.46845         0.15056         0.34049        0.056544         0.68189         0.28793               
         H        442        ASP          1.1736         0.20653           1.357        0.094705          1.5081         0.85663               
         H        443        ARG          2.3598         0.80201          2.8767         0.52403          3.6491          1.4027               
         H        444        GLU          1.6611         0.24982           2.142               0           2.142          1.4648               
         H        445        THR          0.9758         0.16741         0.96874         0.17336          1.2425         0.78144               
         H        446        ALA         0.74287        0.067404         0.64796               0         0.81537         0.64796               
         H        447        ALA          1.3746         0.22677          1.7492               0          1.7492          1.0423               
         H        448        SER          1.4071         0.16615           1.545         0.15236          1.6974          1.1826               
         H        449        LEU         0.73594         0.14074          0.7562         0.14509         0.98557         0.57968               
         H        450        LEU         0.51503         0.14583         0.38938        0.073477         0.75412         0.28216               
         H        451        GLN          1.4098         0.60349          1.8574         0.44569          2.5518         0.72762               
         H        452        ALA          1.1973         0.15041          1.1417               0          1.4755           1.057               
         H        453        GLY          1.0526        0.049315               0               0          1.1258         0.99248               
         H        454        TYR          1.3084         0.58727          1.5822         0.52679          2.5518         0.52491               
         H        455        LYS         0.82426         0.31195          1.0326         0.26504          1.4648         0.45138               
         H        456        GLY         0.28822        0.047572               0               0          0.3583         0.23242               
         H        457        ARG         0.42396         0.27564          0.5759         0.23334         0.95168        0.083036               
         H        458        VAL        0.076765        0.037517        0.043109        0.015549         0.13686        0.021148               
         H        459        THR        0.057855        0.043185        0.087201        0.048381         0.15291       0.0067655               
         H        460        GLY         0.11205        0.050186               0               0         0.18886        0.055061               
         H        461        TRP         0.17709        0.083082         0.14958        0.065895         0.35508        0.037827               
         H        462        GLY         0.29374        0.061455               0               0         0.37793         0.21928               
         H        463        ASN         0.53746          0.1332         0.65853        0.060061         0.72762         0.35508               
         H        464        LEU           0.745        0.093081         0.79533        0.087023          0.9319         0.58845               
         H        465        LYS          1.3337         0.45237          1.6405         0.38883          2.3054         0.82116               
         H        466        GLU          1.2902         0.18973          1.2179         0.13818          1.6722          1.0644               
         H        467        THR          1.6459         0.35901          1.3508        0.097598          2.3054          1.2602               
         H        468        TRP          2.2567          0.5396          2.0941         0.47174          3.2675          1.4027               
         H        469        THR          3.1851          0.5073          3.4271         0.63114          4.2948          2.6657               
         H        470        ALA          4.0988         0.61559           5.284               0           5.284          3.5747               
         H        471        ASN          2.7089          0.5102          2.2323         0.14067          3.3988          2.0417               
         H        472        VAL          3.8957          1.1999           5.143         0.61648          5.9737          2.3247               
         H        473        GLY          2.7905         0.33775               0               0          3.3321          2.4657               
         H        474        LYS          1.8599         0.29674          1.9498        0.079405          2.3054          1.2783               
         H        475        GLY          1.1345         0.24464               0               0          1.4438         0.82116               
         H        476        GLN          1.0072         0.12578          1.0174         0.13955          1.2338         0.84465               
         H        477        PRO         0.75741         0.11079         0.64715        0.062816         0.91252         0.58405               
         H        478        SER          1.2425         0.25458          1.5876        0.011708          1.5993         0.97187               
         H        479        VAL          0.7709         0.19147          0.9456        0.072897          1.0278         0.49306               
         H        480        LEU         0.27319         0.12546         0.16409        0.052388         0.48531        0.085091               
         H        481        GLN         0.44663         0.16777          0.5636          0.1354         0.69184         0.23242               
         H        482        VAL         0.44853        0.087153          0.4922        0.092937         0.61995         0.34869               
         H        483        VAL         0.35115        0.075327         0.35472        0.089493         0.45507         0.23775               
         H        484        ASN         0.59953         0.15959         0.71845         0.14513         0.95837         0.43319               
         H        485        LEU         0.28889        0.074248         0.23767        0.075102         0.35187         0.13012               
         H        486        PRO          0.4783        0.099463         0.56773        0.061726         0.63384         0.33297               
         H        487        ILE         0.41342        0.080866         0.36283        0.053546         0.57968          0.2967               
         H        488        VAL         0.48862        0.086043         0.46239        0.073877         0.61082         0.37462               
         H        489        GLU          1.1076         0.24838          1.3049         0.13876          1.5191         0.74342               
         H        490        ARG         0.88501         0.21003         0.81973         0.23626           1.087         0.47763               
         H        491        PRO           1.729         0.38867           2.092         0.33752          2.4038          1.3533               
         H        492        VAL          1.1254         0.19068          1.2041         0.21926          1.4863         0.91894               
         H        493        CYS          0.6455         0.13066         0.48434        0.065372         0.79825         0.41896               
         H        494        LYS          1.5719         0.51675          1.9134         0.44608          2.4657         0.93845               
         H        495        ASP          1.9124         0.44354          2.3105         0.24631          2.5965          1.3533               
         H        496        SER         0.98174         0.17547         0.74291        0.061015          1.1579         0.68189               
         H        497        THR          1.1002         0.22925         0.88221        0.046787          1.4648         0.83283               
         H        498        ARG          3.3719          1.7239          4.2833          1.5407          6.5242          1.5875               
         H        499        ILE          1.0044         0.20372         0.83787         0.11099          1.3533         0.73812               
         H        500        ARG           1.391         0.34575          1.6264         0.14764           1.817         0.78144               
         H        501        ILE         0.74671        0.084544         0.69687        0.046496         0.91894         0.64323               
         H        502        THR          0.6662         0.10518         0.72149         0.11291         0.83283         0.50882               
         H        503        ASP          1.0017         0.40683          1.3494         0.26751          1.7492         0.49697               
         H        504        ASN         0.46923         0.16795         0.59145         0.10614         0.68685          0.2141               
         H        505        MET          0.2824        0.055362         0.29382        0.053774         0.36478         0.19883               
         H        506        PHE         0.10927        0.042647         0.10099        0.046108         0.18886        0.039714               
         H        507        CYS         0.17188        0.054772         0.22675        0.052538         0.27929        0.099698               
         H        508        ALA         0.10792        0.011767        0.087154               0         0.12126        0.087154               
         H        509        GLY         0.33189         0.11267               0               0         0.45878         0.17906               
         H        510        TYR         0.81345         0.12514         0.88784        0.063419         0.97187         0.54552               
         H        511        LYS          1.2133         0.16718           1.242         0.13702          1.4648         0.90614               
         H        512        PRO          1.9016         0.40632          1.7197         0.29659          2.6193          1.4231               
         H        513        ASP          3.0268          0.4095          3.1229         0.45502          3.6491          2.4448               
         H        514        GLU          1.8157         0.39693          1.4938         0.21913          2.2677          1.1179               
         H        515        GLY          2.3782         0.22582               0               0          2.7375          2.1769               
         H        516        LYS          1.8685         0.46982          2.1346         0.44377          2.6423          1.3246               
         H        517        ARG          1.1941         0.29274          1.3729         0.18621          1.7492         0.74875               
         H        518        GLY         0.41932         0.12194               0               0         0.61082          0.2967               
         H        519        ASP         0.19447        0.039214         0.20518        0.039695         0.26235         0.14828               
         H        520        ALA         0.11611        0.039359        0.051182               0         0.17422        0.051182               
         H        521        CYS         0.24158        0.089551         0.34628        0.072686         0.41896         0.15059               
         H        522        GLU         0.46561         0.14587         0.59026        0.053214         0.65752         0.27643               
         H        523        GLY          0.1891        0.049824               0               0         0.24584          0.1279               
         H        524        ASP         0.10142        0.032314         0.10675        0.027646         0.15291        0.064884               
         H        525        SER        0.092408        0.021192         0.11907         0.00219         0.12126        0.062905               
         H        526        GLY        0.015785       0.0089486               0               0        0.028494       0.0049961               
         H        527        GLY       0.0048319       0.0083691               0               0        0.019328               0               
         H        528        PRO        0.010282       0.0097269        0.014107         0.01041        0.024808               0               
         H        529        PHE        0.062076        0.054508        0.086824        0.053129         0.15992               0               
         H        530        VAL         0.14356        0.036427          0.1573        0.024046          0.1864        0.080988               
         H        531        MET         0.31715        0.072145         0.31351        0.051161         0.39474         0.17906               
         H        532        LYS          1.1032         0.46302          1.3974         0.42053          1.9476         0.54971               
         H        533        SER          1.2453         0.21145          1.2682         0.13448          1.5529         0.91894               
         H        534        PRO          1.9511         0.52005          1.6899         0.28269          2.9711          1.3341               
         H        535        PHE          2.2289         0.43414           2.049         0.28742          3.2996          1.6231               
         H        536        ASN          2.1732          0.3418           1.904          0.2481          2.6657          1.7102               
         H        537        ASN          2.7394         0.98927           3.595         0.66545          4.6063          1.6474               
         H        538        ARG          1.5746         0.53744          1.8584         0.44445          2.7621         0.82116               
         H        539        TRP         0.61839         0.13758         0.63935         0.13271         0.84465          0.4477               
         H        540        TYR         0.56417         0.29751          0.7244         0.22802          1.1179         0.14828               
         H        541        GLN        0.063642        0.038104        0.041071        0.031188         0.13461               0               
         H        542        MET         0.12737         0.09042         0.20324        0.067126         0.28793        0.026648               
         H        543        GLY               0               0               0               0               0               0               
         H        544        ILE       0.0028718       0.0075981               0               0        0.022975               0               
         H        545        VAL        0.023121        0.012187        0.020726        0.013696        0.035947        0.001476               
         H        546        SER        0.061358         0.02145        0.047345       0.0038364         0.10394        0.039714               
         H        547        TRP         0.21345        0.092712         0.25454        0.077248         0.39474        0.089224               
         H        548        GLY         0.35376         0.10476               0               0         0.47003         0.21153               
         H        549        GLU         0.77791         0.18542         0.90813         0.14072          1.1743         0.49697               
         H        550        GLY         0.68976         0.10501               0               0         0.79825         0.54552               
         H        551        CYS         0.52913        0.081514         0.45328        0.009233         0.65752         0.44405               
         H        552        ASP         0.61758         0.12205         0.61925        0.079595         0.83872         0.44405               
         H        553        ARG          1.2345         0.49246          1.4857         0.44991          2.1248         0.67696               
         H        554        ASP          1.5717         0.40312          1.9228         0.27224          2.3638          1.1417               
         H        555        GLY         0.90682         0.10203               0               0           1.035         0.80392               
         H        556        LYS         0.75213         0.23235         0.92164         0.14481           1.087         0.41896               
         H        557        TYR         0.41978         0.18439         0.50201         0.16901         0.83872         0.17906               
         H        558        GLY        0.067958        0.034332               0               0         0.12126        0.026648               
         H        559        PHE         0.17835         0.12412         0.25594         0.08415         0.35187       0.0049961               
         H        560        TYR         0.01889        0.024044        0.010862        0.014732        0.080988               0               
         H        561        THR        0.054748        0.016035        0.065695         0.01267        0.083036        0.028494               
         H        562        HIS         0.22434         0.10013         0.29403        0.063217         0.36153        0.095484               
         H        563        VAL         0.12002        0.059479        0.080554        0.041286         0.21153        0.024808               
         H        564        PHE         0.75671         0.30743         0.93033         0.24214          1.3246         0.27929               
         H        565        ARG         0.71216         0.15634         0.78242         0.14522          1.0644         0.48531               
         H        566        LEU         0.37993        0.077103          0.3404        0.089698         0.47763         0.22713               
         H        567        LYS         0.64543          0.1776         0.73699         0.17812          1.0644         0.43319               
         H        568        LYS           1.476         0.57772          1.8833         0.46314          2.5965         0.77041               
         H        569        TRP         0.58785         0.17358         0.53246         0.16956         0.82116         0.27076               
         H        570        ILE         0.37669         0.13813         0.25447        0.062861         0.58845         0.17181               
         H        571        GLN         0.98818         0.17178          1.0432         0.12967          1.2513         0.65752               
         H        572        LYS            1.73         0.51241          2.0863         0.41927          2.5082          1.0947               
         H        573        VAL         0.86649         0.12829         0.72103        0.024212         0.99945         0.69686               
         H        574        ILE         0.75617         0.21258         0.58126        0.075622          1.1024         0.45878               
         H        575        ASP          1.7693         0.33762          1.6947         0.13773          2.5082          1.2692               
         H        576        GLN          2.3719         0.53117          2.4234         0.52063          3.2996          1.6974               
         H        577        PHE          2.4298         0.42517          2.5469         0.47276          3.2996          1.9783               
         H        578        GLY          3.1441         0.24997               0               0          3.4329          2.8123               
         H        579        GLU          2.4092         0.81436          1.7781         0.32946          3.9297          1.2874               
