pdb_id: 
analysis type: unbound
radii_file: F:\psiafrombintisolah\PSAIA-1.0\amac_data\chothia.radii
CX_sRadius: 14
CX_vAtom: 20.1

  chain id|    res id|  res name|     average CX|       s_avg CX|    s-ch avg CX|  s-ch s_avg CX|         max CX|         min CX|               
         B         11        GLU          2.0414         0.33236            2.28         0.12474          2.4448          1.3436               
         B         12        LYS          1.9871         0.14346          2.0543        0.093588          2.1947          1.7102               
         B         13        ASN          1.7008         0.16062          1.7371         0.16886          1.9476          1.4438               
         B         14        LEU          2.1078         0.40262          2.4439         0.30288          2.9437          1.6352               
         B         15        ASP           1.224         0.16574           1.084         0.11582          1.4231          0.9254               
         B         16        GLY          1.8361         0.12242               0               0          2.0256          1.6847               
         B         17        ASP          1.4371         0.20714          1.5844         0.14541          1.7492          1.1337               
         B         18        THR         0.83399         0.12443         0.71768        0.080308          1.0278          0.6063               
         B         19        LYS          1.3002         0.64633          1.7535         0.52578          2.4868         0.53721               
         B         20        MET         0.71114         0.11791         0.67635         0.10759         0.91894         0.55392               
         B         21        TYR          0.8084         0.20428         0.90377         0.17811          1.1661         0.48531               
         B         22        THR         0.83439        0.085808         0.89146       0.0077907         0.94504         0.69686               
         B         23        ARG         0.79408           0.214         0.89034         0.20837          1.1743         0.51281               
         B         24        THR         0.85488         0.14852         0.99076         0.12464          1.1661         0.68685               
         B         25        ALA         0.58855        0.065417         0.52899               0         0.65752         0.49306               
         B         26        THR         0.94523         0.14383          1.1028        0.031567          1.1417         0.78701               
         B         27        THR         0.69562        0.063379         0.68727        0.080319         0.79825         0.61082               
         B         28        SER           1.249         0.16315          1.3885        0.044878          1.4334         0.97187               
         B         29        ASP          1.2816         0.15393          1.2908         0.17258          1.5643           1.087               
         B         30        SER           2.498         0.52709          3.2217        0.077891          3.2996          1.8881               
         B         31        GLN          2.7856          1.0342          3.4586         0.91811          4.4461          1.6352               
         B         32        LYS         0.94799         0.16743         0.95544        0.098954          1.2966         0.68685               
         B         33        ASN         0.92289         0.17482          1.0503        0.037844          1.1024         0.57968               
         B         34        ILE         0.53421         0.14858         0.39354        0.043984         0.73286         0.34869               
         B         35        THR         0.69872         0.19927         0.90352        0.085069          1.0206         0.43319               
         B         36        GLN         0.29206        0.092521         0.22004        0.030864         0.47003         0.18886               
         B         37        SER          0.5201         0.15458         0.71888        0.085042         0.80392         0.38797               
         B         38        LEU         0.24859         0.10827         0.15282        0.035484         0.44405          0.1147               
         B         39        GLN          0.4288         0.17154         0.56254        0.096316         0.69686         0.16941               
         B         40        PHE         0.16202        0.084285         0.11528        0.051942         0.34551        0.037827               
         B         41        ASN         0.25582         0.10093         0.33815        0.069642         0.43679         0.11253               
         B         42        PHE         0.21907        0.038492         0.21561        0.043133         0.28216         0.15992               
         B         43        LEU         0.26733         0.05245         0.29479        0.047264         0.34869         0.17663               
         B         44        THR         0.51951        0.062882         0.52996        0.038385          0.6018         0.39474               
         B         45        GLU         0.62413         0.13167         0.54383        0.071248         0.86268         0.43679               
         B         46        PRO           1.224         0.20506          1.1284          0.1282          1.5875          0.9651               
         B         47        ASN          1.8801         0.31881          2.1596         0.17048          2.4242          1.3827               
         B         48        TYR          1.0117         0.28313         0.83144         0.13234          1.4971         0.64323               
         B         49        ASP          1.6148         0.32917          1.8677         0.26179          2.2865          1.1994               
         B         50        LYS         0.90656          0.2534          1.0291         0.24307          1.4027         0.58405               
         B         51        GLU         0.36895        0.090598         0.41077        0.073411         0.54136         0.21928               
         B         52        THR         0.19413        0.082098         0.25771        0.059005         0.33297        0.083036               
         B         53        VAL        0.030084        0.016498        0.018436        0.018093        0.049253        0.001476               
         B         54        PHE         0.13588        0.084157          0.1897        0.055774         0.28504        0.026648               
         B         55        ILE       0.0054652        0.008704               0               0        0.022975               0               
         B         56        LYS         0.25884         0.17154          0.3695         0.15692          0.6018        0.070867               
         B         57        ALA         0.12789        0.038799        0.076917               0         0.17422        0.076917               
         B         58        LYS          0.5362         0.25387         0.69955         0.23349          1.0947         0.27359               
         B         59        GLY         0.50466        0.035082               0               0         0.56241         0.47003               
         B         60        THR         0.51416          0.1278         0.64745        0.066682         0.73812         0.36153               
         B         61        ILE         0.21142        0.072888         0.14547        0.026862         0.33297         0.10182               
         B         62        GLY         0.38372        0.058071               0               0         0.45138         0.30558               
         B         63        SER         0.31903         0.06248          0.3795        0.046537         0.42604         0.22713               
         B         64        GLY         0.44069        0.019822               0               0         0.45878         0.40848               
         B         65        LEU         0.44568         0.10351         0.39492        0.089507         0.63852         0.24584               
         B         66        ARG         0.95927         0.38982          1.2113         0.24909          1.4863          0.4477               
         B         67        ILE         0.75039         0.14508         0.69003        0.072395           1.087         0.57968               
         B         68        LEU          1.0208         0.25177         0.89478        0.048934          1.5875         0.75412               
         B         69        ASP          1.2029          0.1786          1.1533          0.2028          1.4334         0.85663               
         B         70        PRO           1.776         0.23308          1.9589         0.18516          2.2126          1.4438               
         B         71        ASN          2.3587         0.62466          2.9412         0.30316          3.2996          1.6231               
         B         72        GLY          1.2391         0.13133               0               0          1.4438          1.0794               
         B         73        TYR          1.4774          0.3304          1.6768         0.17291          2.0097         0.86268               
         B         74        TRP          1.1748         0.28765          1.3193          0.1781          1.6112         0.59288               
         B         75        ASN         0.79761         0.15256         0.89633         0.14637          1.0206         0.61082               
         B         76        SER         0.45406        0.079734          0.5146         0.05209         0.56669         0.30856               
         B         77        THR         0.47124        0.057707         0.52793        0.021618         0.55815         0.37462               
         B         78        LEU         0.20623        0.059281         0.17631        0.062938         0.27359        0.097587               
         B         79        ARG         0.60177         0.31276          0.7826         0.25215          1.1498         0.26514               
         B         80        TRP        0.084576        0.048717         0.05684        0.020793         0.18886        0.013906               
         B         81        PRO         0.10047        0.013381        0.097787        0.014758         0.12126        0.076917               
         B         82        GLY         0.14495        0.011827               0               0         0.15992          0.1279               
         B         83        SER         0.15316        0.040987         0.20453        0.027894         0.23242         0.11253               
         B         84        TYR         0.09679        0.035817         0.10849        0.038786         0.18394        0.058968               
         B         85        SER         0.13583        0.052676         0.20574        0.026681         0.23242        0.091303               
         B         86        VAL        0.073485        0.035899         0.03847       0.0038785         0.13012        0.034074               
         B         87        SER         0.16923        0.077981         0.27675        0.019949          0.2967        0.099698               
         B         88        ILE        0.082598        0.078631       0.0093008        0.013381         0.21153               0               
         B         89        GLN         0.39203         0.19027         0.53749         0.12798         0.70191         0.15524               
         B         90        ASN         0.45751          0.1194         0.42191        0.083623         0.67205         0.33608               
         B         91        VAL         0.79322         0.20426         0.68214        0.056408          1.1994         0.57532               
         B         92        ASP         0.95913         0.25881         0.74983         0.12742          1.3436         0.58845               
         B         93        ASP          2.8878          1.0176          3.7343         0.76329          4.9567          1.6474               
         B         94        ASN          1.4717         0.26567          1.2967         0.22287          1.8736          1.0278               
         B         95        ASN           1.511         0.25101          1.7172         0.10291          1.8736          1.1417               
         B         96        ASN          0.9727         0.21016          1.1215         0.15223          1.3058         0.64796               
         B         97        THR         0.44708         0.12146         0.32791        0.052842          0.6063         0.25404               
         B         98        ASN         0.69145         0.23884         0.90158         0.14744          1.1258         0.39135               
         B         99        VAL         0.55955          0.1084         0.51175        0.090864         0.75412         0.39135               
         B        100        THR         0.61836         0.11455         0.53945          0.0365         0.86268          0.5009               
         B        101        ASP         0.57974         0.16803         0.72047        0.086316         0.80963          0.2967               
         B        102        PHE          0.5113         0.16159         0.57725          0.1637         0.82116         0.31157               
         B        103        ALA         0.30667        0.073008         0.41545               0         0.41545         0.20135               
         B        104        PRO         0.35824        0.069898         0.33831        0.085808         0.45507          0.2513               
         B        105        LYS         0.97915         0.24621          1.1088         0.22361          1.3728          0.6018               
         B        106        ASN          1.2623         0.25082          1.4437         0.21201          1.7625         0.91894               
         B        107        GLN           1.049         0.21883          1.1747         0.19551          1.5081         0.77591               
         B        108        ASP         0.80145         0.09882           0.816         0.10889         0.98557         0.67205               
         B        109        GLU          1.4124         0.42099          1.7037         0.35678          2.2491          1.0065               
         B        110        SER          1.1363         0.21229          1.3292         0.10415          1.4334         0.77041               
         B        111        ARG          1.3486         0.29142          1.5377         0.16264          1.7231         0.83283               
         B        112        GLU          1.6314         0.55833          2.0319         0.44561          2.6657           1.057               
         B        113        VAL         0.72158         0.14071         0.56242       0.0034856         0.88106         0.55815               
         B        114        LYS          1.7583         0.75149          2.2357         0.70514          3.3652          1.0644               
         B        115        TYR         0.95574         0.12913         0.96177         0.15192          1.1579         0.75952               
         B        116        THR          1.2738         0.22969          1.5258        0.087716          1.6474         0.99945               
         B        117        TYR         0.65061         0.10873         0.57812        0.042663         0.81537         0.51682               
         B        118        GLY         0.94352        0.059567               0               0          1.0423         0.89352               
         B        119        TYR         0.51547         0.14454           0.416        0.028031         0.77041         0.38126               
         B        120        LYS          1.2072         0.44601          1.5509         0.29966          1.9629          0.7121               
         B        121        THR         0.85565         0.13128         0.77799         0.11714          1.0644         0.64796               
         B        122        GLY           1.182        0.086674               0               0          1.2783          1.0423               
         B        123        GLY          1.6523         0.21314               0               0          1.9176          1.4128               
         B        124        ASP          2.4604         0.37115           2.781         0.22397          3.1438          1.9629               
         B        125        PHE           3.084         0.41571           3.161          0.4047          3.8054          2.5082               
         B        126        SER          4.3559         0.42051          4.6624        0.056063          4.7184          3.5027               
         B        127        ILE          6.1012         0.55596          6.3059         0.58943          7.2876           5.284               
         B        128        ASN            7.16          1.0635          6.3162         0.49761          8.6923          5.9737               
         B        131        GLY          6.0931         0.49333               0               0          6.8335          5.5729               
         B        132        LEU          3.7783          0.5121           3.506         0.36314          4.8351          2.9989               
         B        133        THR          3.4965         0.60126          4.0952         0.15181          4.2463          2.6423               
         B        134        GLY          2.0495         0.19426               0               0          2.3638          1.8881               
         B        135        ASN          1.4556         0.11293          1.3764        0.093199          1.6474          1.2513               
         B        136        ILE          1.6653         0.12424          1.7008          0.1372          1.9325          1.5303               
         B        137        THR          2.3124         0.31395          2.5219         0.15101          2.7133          1.7492               
         B        138        LYS          1.8446         0.12829          1.7608         0.10077          2.0417          1.6597               
         B        139        GLU          3.4306          1.1764            4.32          0.8296           5.284          2.1248               
         B        140        SER          1.5088         0.22039          1.4258         0.20939          1.8881          1.2164               
         B        141        ASN         0.94866        0.084325         0.94881        0.086222          1.0794         0.83872               
         B        142        TYR         0.47258         0.13601          0.3824        0.046268         0.73286         0.30856               
         B        143        SER         0.79805          0.1867          1.0449           0.113          1.1579         0.65752               
         B        144        GLU         0.53073         0.15656         0.39946        0.068798         0.73812         0.31157               
         B        145        THR         0.95802         0.26087          1.2412         0.10147          1.3728         0.63852               
         B        146        ILE         0.52586         0.17779         0.36311        0.056825         0.79825         0.28504               
         B        147        SER         0.86442         0.24303          1.1891        0.071156          1.2602         0.62918               
         B        148        TYR         0.35906         0.14983         0.25721        0.038004         0.62455         0.21669               
         B        149        GLN         0.92013         0.41472          1.2401         0.26753          1.5415         0.39135               
         B        150        GLN         0.42846        0.053593         0.40585        0.056635         0.50882         0.33921               
         B        151        PRO          0.5804         0.11494         0.66572        0.054595         0.73812         0.36478               
         B        152        SER         0.46816        0.043449         0.47523        0.045626         0.52899         0.41545               
         B        153        TYR         0.22908         0.14261         0.13794        0.053622         0.52491        0.062905               
         B        154        ARG         0.74198         0.35451         0.95259         0.27181           1.363          0.2967               
         B        155        THR         0.39868         0.10207         0.30294        0.041327         0.57968         0.24857               
         B        156        LEU           0.667         0.18654          0.8228         0.12023          1.0278         0.41545               
         B        157        LEU         0.79253         0.13186         0.74997         0.12328          1.0496         0.54971               
         B        158        ASP          0.8011         0.16863         0.72906         0.15579          1.0423         0.57532               
         B        159        GLN          2.5785         0.90838          3.1517         0.75721          4.2948          1.2425               
         B        160        SER          1.5101         0.20314          1.4198         0.20334          1.8032          1.2164               
         B        161        THR           1.018         0.26317         0.79777        0.076223          1.5415         0.69686               
         B        162        SER          1.1262         0.14152          1.2244        0.090706          1.3152         0.89981               
         B        163        HIS          1.3937         0.42306          1.6869         0.23367          2.0097         0.68685               
         B        164        LYS         0.87339         0.24396          1.0453         0.13739          1.2692          0.4477               
         B        165        GLY          0.5475        0.068305               0               0         0.61995         0.47003               
         B        166        VAL         0.31784        0.065149          0.3121        0.057809         0.39135         0.21928               
         B        167        GLY         0.34488        0.035976               0               0         0.39815          0.3026               
         B        168        TRP         0.14781        0.056682         0.12415         0.04451         0.24314        0.055061               
         B        169        LYS         0.34891          0.1382          0.4462         0.11077           0.571         0.19134               
         B        170        VAL         0.10501        0.013051          0.1104       0.0052815         0.11688        0.074892               
         B        171        GLU         0.35799         0.15375          0.4735         0.11133         0.61995         0.19383               
         B        172        ALA         0.21863        0.070542          0.1414               0         0.32065          0.1414               
         B        173        HIS         0.73137         0.28804         0.91149         0.22888          1.1994         0.32065               
         B        174        LEU         0.79758         0.27371          1.0367         0.18709          1.3436         0.52491               
         B        175        ILE         0.36443         0.12979         0.24514        0.057918         0.52491          0.1864               
         B        176        ASN          1.1965          0.3975          1.5569         0.22458          1.8032          0.7121               
         B        177        ASN         0.75191         0.18337         0.58198        0.083605         0.99945         0.45878               
         B        178        MET          1.1547         0.33264         0.88313         0.15298          1.6847         0.65752               
         B        179        GLY          2.2717         0.31784               0               0          2.6893          1.8032               
         B        180        HIS          1.6429         0.34863          1.7705         0.32919          2.2308          1.0719               
         B        181        ASP          1.3629         0.28848          1.5783         0.19581          1.9028          0.9319               
         B        182        HIS         0.53501         0.09085         0.49265          0.0646         0.74342         0.38461               
         B        183        THR          0.5965         0.16696         0.77063        0.060816         0.85663         0.35187               
         B        184        ARG          0.3862        0.071217         0.35551         0.06588         0.47763         0.26235               
         B        185        GLN         0.92724          0.3128          1.1773         0.17859          1.4543         0.54552               
         B        186        LEU         0.90617         0.24088          1.1138         0.14425          1.3436         0.55392               
         B        187        THR         0.97812         0.22686          1.2226         0.11713          1.3728         0.73286               
         B        188        ASN         0.81187         0.11283         0.76558        0.033115          1.0644         0.70699               
         B        189        ASP          1.8164         0.29005          1.8674        0.055514          2.2491          1.1743               
         B        190        SER          1.5812         0.19347          1.3365        0.076295           1.845          1.2602               
         B        191        ASP          3.2768         0.87377          4.0486         0.53895          4.8953          2.2126               
         B        192        ASN          1.8486         0.31433           1.986         0.28197          2.3837           1.363               
         B        193        ARG          1.5057         0.33616          1.6989         0.20145          2.1078         0.86268               
         B        194        THR          0.7055         0.14042         0.78846        0.050411         0.86877          0.4477               
         B        195        LYS         0.81027         0.27066         0.99001          0.2333          1.2692          0.5009               
         B        196        SER         0.29941         0.05473         0.27786       0.0014278         0.40502         0.23508               
         B        197        GLU         0.37034         0.14608         0.48075         0.10201         0.64323         0.20388               
         B        198        ILE         0.14442        0.033887          0.1214        0.027466         0.19883        0.074892               
         B        199        PHE         0.09584        0.042881        0.075616        0.037525         0.16465        0.021148               
         B        200        SER         0.24019         0.10071          0.1671       0.0095274         0.40848          0.1414               
         B        201        LEU           0.754          0.2394         0.92182         0.18179          1.0719         0.36478               
         B        202        THR         0.74163         0.19741         0.91621         0.16815          1.1417         0.48917               
         B        203        ARG         0.94773          0.2681          1.0934         0.22913          1.5303          0.6063               
         B        204        ASN          1.0706          0.2392          1.2554         0.16624          1.4334         0.75952               
         B        205        GLY          0.9061        0.077128               0               0         0.99248         0.81537               
         B        206        ASN          1.5396         0.25183          1.7152         0.22509          2.0744          1.2425               
         B        207        LEU          1.1361         0.21611          1.2592         0.22445          1.6112         0.85062               
         B        208        TRP          1.7523         0.64643          2.0792         0.45247          2.7133         0.78701               
         B        209        ALA         0.59953        0.089927         0.57532               0         0.75952         0.48531               
         B        210        LYS          1.1247         0.50049          1.4728         0.42184          2.0097         0.66233               
         B        211        ASP          0.9933         0.30026          1.2754         0.13549          1.4027         0.63384               
         B        212        ASN         0.42056        0.080301          0.4473        0.045514         0.52491         0.27643               
         B        213        PHE         0.29446         0.11043         0.23177        0.057948         0.54971         0.15059               
         B        214        THR         0.50935        0.096929         0.48544         0.11005         0.63852         0.38461               
         B        215        PRO          1.1695         0.25371          1.3976          0.2196          1.5529         0.86268               
         B        216        LYS          1.3033         0.15117          1.3972         0.12368          1.5303          1.1258               
         B        217        ASP          2.8346         0.92137           3.574         0.73602          4.7762          1.7231               
         B        218        LYS          1.9281         0.80286          2.4021         0.78238           3.726          1.1024               
         B        219        MET         0.67878         0.22256         0.48584         0.10265          1.0065         0.33297               
         B        220        PRO         0.53889        0.089451         0.45233        0.037585         0.64796         0.41896               
         B        221        VAL         0.78755         0.21718         0.98491         0.17887          1.2338         0.54136               
         B        222        THR          0.2799        0.073295         0.25322        0.010996          0.4477         0.20642               
         B        223        VAL         0.24074        0.056824         0.18696        0.025905         0.32065         0.15992               
         B        224        SER         0.72171         0.17224         0.89226        0.059426         0.95168         0.42961               
         B        225        GLU          1.1131         0.44587          1.4589          0.2948          1.7895         0.61995               
         B        226        GLY         0.39963        0.058529               0               0          0.5009         0.36153               
         B        227        PHE         0.16064        0.076298         0.10799        0.037841         0.27359        0.057011               
         B        228        ASN         0.46032         0.18853         0.63315          0.1003         0.75952         0.23775               
         B        229        PRO         0.16253        0.058906         0.11984        0.041433         0.27076        0.078949               
         B        230        GLU         0.39522         0.23882         0.57523         0.17194         0.74875         0.14828               
         B        231        PHE        0.055953        0.019605        0.043056       0.0097771        0.089224        0.030347               
         B        232        LEU         0.15393        0.065486         0.21092        0.040254         0.27643        0.074892               
         B        233        ALA        0.058941        0.028408        0.047331               0        0.097587        0.024808               
         B        234        VAL         0.20922        0.040144         0.24142        0.010349          0.2513         0.15524               
         B        235        MET         0.13945        0.045756         0.14656        0.059034         0.24857         0.10182               
         B        236        SER         0.35461        0.095245         0.47702        0.043834         0.52086         0.23775               
         B        237        HIS         0.43024        0.092463         0.42681        0.093438         0.54552         0.29964               
         B        238        ASP          1.1404          0.3768           1.465         0.25006          1.7895         0.64323               
         B        239        LYS          1.0604         0.13843         0.99511         0.10341          1.2874         0.85062               
         B        240        LYS          2.4688         0.72584          2.9699         0.57145          3.8875          1.4648               
         B        241        ASP          1.1187         0.16335          1.0251         0.11237          1.4027         0.86877               
         B        242        LYS          1.8649         0.29812          2.1026         0.16065          2.3441          1.4648               
         B        243        GLY          1.0787         0.18145               0               0          1.2783         0.83283               
         B        244        LYS          1.1605         0.45454          1.4453         0.42201           2.142         0.66233               
         B        245        SER         0.40204        0.062901         0.35236        0.025577         0.51682         0.32678               
         B        246        GLN         0.68153         0.29167         0.91108         0.17861          1.1024         0.32371               
         B        247        PHE         0.13799        0.093335        0.070854         0.01733         0.29376        0.055061               
         B        248        VAL         0.36232         0.15843          0.5288        0.077852         0.63384         0.17422               
         B        249        VAL         0.14252        0.055845        0.087829        0.027035         0.22977        0.053117               
         B        250        HIS         0.34425         0.19937         0.48098         0.13812         0.64796        0.097587               
         B        251        TYR         0.15575        0.038926          0.1404        0.028109         0.24314        0.089224               
         B        252        LYS         0.30233         0.16894         0.42238         0.13592         0.61538         0.11688               
         B        253        ARG         0.31375        0.099145         0.34245         0.10869         0.53309         0.20135               
         B        254        SER         0.39909         0.11916         0.53712        0.096713         0.63384         0.26514               
         B        255        MET         0.40904        0.070938         0.37304        0.067925         0.53721          0.3026               
         B        256        ASP         0.29557        0.047984         0.26799        0.053101         0.35508          0.2141               
         B        257        GLU         0.60069         0.24452          0.7913         0.15784          0.9651         0.30558               
         B        258        PHE          0.1176        0.063231        0.072433        0.021133         0.22189        0.039714               
         B        259        LYS         0.50133         0.28057         0.70423         0.22037          1.0206          0.2141               
         B        260        ILE         0.22603        0.051837         0.20036        0.042439         0.32065         0.13686               
         B        261        ASP          0.5504          0.1495         0.68306        0.079781         0.81537         0.32678               
         B        262        TRP         0.79293         0.17494         0.84187         0.16737          1.1498         0.53309               
         B        263        ASN         0.97564         0.17425         0.89073         0.13242          1.2338         0.68685               
         B        264        ARG          1.9039         0.25171          1.9556         0.22269          2.3054          1.4231               
         B        265        HIS          3.5517         0.79461          3.8974          0.6745          4.7762          2.1947               
         B        266        GLY          3.4561         0.41779               0               0          4.0162          2.8379               
         B        267        PHE          3.4758         0.48274          3.7712         0.16609          3.9725          2.4868               
         B        268        TRP          3.7161          1.2683          4.3088          0.9934          5.8897          1.9325               
         B        269        GLY          1.3207         0.20401               0               0          1.6352          1.1101               
         B        270        TYR          1.0026          0.2618          1.1281         0.20521          1.4027         0.59288               
         B        271        TRP          0.4521        0.046924         0.46348        0.044386         0.52491         0.37793               
         B        272        SER         0.39735        0.097066         0.52702        0.010194         0.53721         0.28504               
         B        273        GLY         0.29133        0.049907               0               0          0.3583         0.21928               
         B        274        GLU         0.61313         0.28704          0.8302         0.20294          1.1179          0.3026               
         B        275        ASN         0.35457          0.1345         0.24234        0.056532         0.59288         0.16465               
         B        276        HIS          0.7624         0.17729          0.8717         0.13762           1.057         0.52086               
         B        277        VAL         0.78919         0.15437          0.7439         0.15749          1.0496         0.54136               
         B        278        ASP          0.9369         0.19402         0.90212          0.1565          1.3152         0.66718               
         B        279        LYS          1.2481         0.30068          1.3374         0.33497           1.845         0.88106               
         B        280        LYS          1.0495         0.23589          1.1988         0.18613          1.4027         0.65272               
         B        281        GLU         0.87008         0.13833         0.95236          0.1186           1.087         0.66718               
         B        282        GLU         0.56153         0.11711         0.63614        0.082209         0.74875         0.33608               
         B        283        LYS         0.71396         0.19982         0.81262         0.21362          1.1101         0.51682               
         B        284        LEU         0.47062        0.093141         0.53109        0.081064         0.66233         0.31458               
         B        285        SER         0.59063         0.05878         0.64328       0.0094441         0.65752         0.52086               
         B        286        ALA         0.47411        0.039209         0.47763               0         0.52899         0.41896               
         B        287        LEU         0.77026         0.18052         0.91436         0.15138          1.1579         0.58405               
         B        288        TYR          0.3667        0.061673         0.33727        0.039711         0.48917         0.27643               
         B        289        GLU         0.81153          0.3215          1.0643         0.20403          1.3436         0.45878               
         B        290        VAL         0.34509         0.11807         0.21965        0.021238         0.50882         0.19383               
         B        291        ASP         0.88951         0.31068          1.1768         0.15367          1.4027         0.52899               
         B        292        TRP         0.38652         0.19168         0.29136         0.13813         0.67696         0.10182               
         B        293        LYS          1.8526          0.8821          2.4648         0.74018           3.726         0.89981               
         B        294        THR          1.2962          0.3149          1.5986         0.25031          1.9476         0.97187               
         B        295        HIS         0.57994         0.08538          0.5371        0.071733         0.73812         0.43679               
         B        296        ASN         0.85069         0.24594          1.0741         0.11442          1.2692         0.49697               
         B        297        VAL         0.53663         0.17349         0.36181        0.043378         0.81537         0.32371               
         B        298        LYS            1.23         0.58429          1.6213         0.51588          2.4448         0.66233               
         B        299        PHE          1.0504         0.17578           1.057         0.16868          1.3246         0.82116               
         B        300        VAL          1.3056         0.23563          1.2353         0.17483          1.7231         0.99945               
         B        301        LYS          1.7272         0.60177          2.1604          0.4425          2.8901         0.89352               
         B        302        VAL           1.256          0.1935          1.1525        0.010124          1.6974          1.0794               
         B        303        LEU          1.2665         0.15542          1.2094         0.16642          1.4863          1.0278               
         B        304        ASN          2.3836         0.34183          2.5254         0.36015          2.9167          1.8736               
         B        305        ASP          3.4339          1.1659          2.5307         0.48762          5.7276          1.9939               
