pdb_id: 
analysis type: unbound
radii_file: F:\psiafrombintisolah\PSAIA-1.0\amac_data\chothia.radii
CX_sRadius: 14
CX_vAtom: 20.1

  chain id|    res id|  res name|     average CX|       s_avg CX|    s-ch avg CX|  s-ch s_avg CX|         max CX|         min CX|               
         A        229        ARG          2.5448         0.56123           2.685          0.5611          3.9297          1.7492               
         A        230        PRO          1.8336         0.44401          2.2175         0.29491          2.4657          1.2692               
         A        231        PHE         0.57538         0.24447         0.42399         0.14428          1.0644         0.25404               
         A        232        THR         0.72143         0.23983         0.97117         0.11125          1.1258         0.43679               
         A        233        LEU         0.30204         0.15925         0.15551         0.04922         0.56241         0.11253               
         A        234        PRO          0.5846         0.12345         0.52415         0.12345         0.75412         0.37462               
         A        235        ASN          1.2502         0.25656          1.4215         0.22193          1.7895         0.94504               
         A        236        LEU          1.0267         0.28664          1.2327         0.23473          1.6231         0.58845               
         A        237        PRO         0.93141         0.20168            1.14        0.086908          1.2251         0.68189               
         A        238        LEU         0.38765         0.13467         0.26475        0.070566         0.53721         0.19383               
         A        239        SER         0.94404         0.17475          1.0189        0.060531          1.1661         0.65272               
         A        240        SER          1.1052         0.13167          1.2427         0.10094          1.3436         0.95168               
         A        241        LEU         0.61395        0.087352         0.56869        0.091048         0.74342         0.45507               
         A        242        SER         0.41536         0.10441         0.49063        0.046582         0.53721         0.24314               
         A        243        ASN         0.18381        0.064391         0.14073         0.04939         0.29084        0.068865               
         A        244        SER        0.061379        0.028172        0.028175        0.024942        0.085091        0.003233               
         A        245        ARG        0.022576        0.022571        0.021377         0.02547        0.062905               0               
         A        246        ALA           0.165        0.056403         0.13236               0         0.23242        0.091303               
         A        247        PRO         0.50341         0.13585         0.48246         0.09311         0.75412         0.31761               
         A        248        LEU         0.50926        0.096766         0.46356        0.098233         0.63384         0.33297               
         A        249        PRO         0.93141         0.19397          1.1419        0.078362          1.2338          0.7121               
         A        250        ILE         0.50656         0.17105         0.35069        0.061833         0.76495         0.27643               
         A        251        SER          0.8462         0.10952         0.92804        0.071409         0.99945         0.68189               
         A        252        SER         0.57623         0.14174          0.7289        0.047009         0.77591          0.3583               
         A        253        MET         0.28833         0.10503         0.20087        0.041175         0.48146         0.14598               
         A        254        GLY         0.31245        0.064294               0               0         0.40502          0.2245               
         A        255        ILE         0.53567         0.15533         0.61452         0.17855         0.86268         0.39474               
         A        256        SER          0.6452         0.11216         0.59091        0.019914         0.82116         0.49697               
         A        257        PRO          1.2263          0.2176           1.206         0.24075          1.5081         0.91894               
         A        258        ASP          2.4283         0.45171          2.7024         0.47007          3.2359           1.845               
         A        259        ASN          2.6764          0.4273          2.9056         0.42297          3.3988           2.142               
         A        260        VAL          1.2156         0.27328          1.0066         0.13563          1.7492         0.82116               
         A        261        GLN           2.069         0.83717          2.7077         0.56641          3.3652          1.0719               
         A        262        SER         0.87928         0.17224          1.0361        0.097646          1.1337         0.66718               
         A        263        VAL         0.37505        0.084254         0.29724        0.044394         0.52491         0.24314               
         A        264        GLN         0.54991         0.22046         0.71921         0.14365         0.89352         0.27359               
         A        265        PHE         0.12486        0.042655         0.10133         0.02828         0.21153        0.060933               
         A        266        GLN         0.19201        0.076394         0.24929        0.053914         0.32065        0.097587               
         A        267        ASN        0.041599        0.026945        0.055872        0.018611        0.085091        0.001476               
         A        268        GLY        0.013156       0.0088944               0               0        0.024808               0               
         A        269        ARG         0.19547        0.099086         0.22466         0.10561         0.41896        0.062905               
         A        270        CYS         0.27558        0.075801         0.34628        0.072686         0.41896         0.18149               
         A        271        THR         0.48056         0.11286         0.60848        0.032628         0.63384         0.38126               
         A        272        LEU         0.31233         0.11538         0.21261        0.054026         0.47382         0.14598               
         A        273        ASP         0.94646         0.19043          1.0746         0.13566          1.3058         0.62455               
         A        274        GLY          0.7968          0.1131               0               0          0.9651         0.65752               
         A        275        ARG          1.0947         0.29321           1.294         0.13421          1.4648         0.58405               
         A        276        LEU         0.62066        0.087635         0.60458        0.079335         0.74342          0.5009               
         A        277        VAL         0.44218         0.10215         0.53841         0.04264         0.58405         0.25957               
         A        278        GLY         0.33581         0.05215               0               0         0.39474         0.25957               
         A        279        THR         0.14551        0.030756         0.12662        0.032574         0.19383        0.085091               
         A        280        THR         0.21654        0.062853         0.17368        0.035174         0.32987         0.12567               
         A        281        PRO         0.38159        0.070127         0.34866        0.075446         0.46251         0.25957               
         A        282        VAL         0.82112         0.15708         0.99627        0.054164          1.0644         0.66718               
         A        283        SER         0.86986         0.23141           1.173        0.078344          1.2513         0.58845               
         A        284        LEU         0.67213        0.096979         0.63007         0.11794         0.75952         0.44405               
         A        285        SER         0.99266         0.20117          1.2602               0          1.2602         0.77041               
         A        286        HIS         0.72123         0.25713          0.8739          0.1927          1.1258         0.30856               
         A        287        VAL         0.28266         0.06616          0.2443        0.050053         0.40848         0.17422               
         A        288        ALA         0.13155        0.033099        0.087154               0         0.16228        0.087154               
         A        289        LYS         0.36827         0.26519           0.553         0.22103         0.91894        0.091303               
         A        290        ILE        0.099307        0.074077        0.038978        0.024914         0.22977               0               
         A        291        ARG         0.72272         0.42496         0.96912         0.34033          1.4543         0.22189               
         A        292        GLY         0.43957        0.062708               0               0         0.50882         0.34869               
         A        293        THR         0.91132         0.19942          1.1126         0.10481          1.2602          0.6063               
         A        294        SER          1.1118         0.23452         0.99816        0.066257          1.4863         0.83283               
         A        295        ASN          2.1289         0.29541          2.1865         0.17031          2.5965          1.5529               
         A        296        GLY          1.9414         0.06282               0               0          2.0417          1.8881               
         A        297        THR          1.9433         0.50867          2.4454         0.27791          2.8379          1.2425               
         A        298        VAL          1.1179         0.13655          1.1951        0.093528          1.2783         0.89352               
         A        299        ILE         0.45769         0.10457         0.39126        0.058885         0.66233         0.32065               
         A        300        ASN         0.79404         0.21996         0.98814         0.13795           1.191         0.54136               
         A        301        LEU         0.33538         0.18155         0.17723        0.077397         0.65752         0.10394               
         A        302        THR         0.69168         0.18353         0.87719        0.090109         0.98557         0.44041               
         A        303        GLU          0.6945         0.08627         0.71073         0.10739         0.85663         0.55392               
         A        304        LEU         0.65716         0.20565         0.49949         0.12222         0.99945         0.37462               
         A        305        ASP          1.6583          0.2868          1.7931         0.17385          2.0744          1.0719               
         A        306        GLY          1.5843         0.17265               0               0          1.8309          1.4027               
         A        307        THR          1.9418         0.52625          2.3504         0.50422          2.9711          1.2164               
         A        308        PRO          1.8806         0.42009          2.3067         0.21022          2.4657          1.3728               
         A        309        PHE         0.74673         0.24937         0.56483        0.062268          1.1258         0.49697               
         A        310        HIS          1.8701         0.58416          2.3149         0.26251          2.5965          1.1024               
         A        311        PRO          1.2028        0.087433           1.271        0.065015           1.363          1.0644               
         A        312        PHE          2.3203         0.61298          2.7618         0.22271          3.0556          1.4438               
         A        313        GLU           1.015          0.1428          1.0135               0          1.2338         0.85663               
         A        314        GLY         0.60176        0.095773               0               0         0.75412         0.48917               
         A        315        PRO         0.35314        0.054385         0.34683        0.041668         0.44041         0.28216               
         A        316        ALA         0.20702        0.060448         0.10182               0         0.27643         0.10182               
         A        317        PRO         0.19497        0.054341         0.22234        0.039887         0.25957        0.087154               
         A        318        ILE         0.32514        0.073974         0.39605        0.025718         0.44041         0.23508               
         A        319        GLY          0.1418        0.033215               0               0         0.18394         0.10822               
         A        320        PHE        0.009372        0.019382       0.0029031       0.0038507        0.068865               0               
         A        321        PRO               0               0               0               0               0               0               
         A        322        ASP        0.026639        0.020788        0.022847        0.016209        0.068865               0               
         A        323        LEU        0.044469        0.031029        0.041563        0.029358        0.083036               0               
         A        324        GLY         0.22649        0.056233               0               0         0.29376         0.13913               
         A        325        GLY         0.44737        0.028874               0               0         0.47763         0.40502               
         A        326        CYS         0.30028        0.070924         0.24113         0.07648         0.37462         0.16465               
         A        327        ASP         0.43886         0.14918         0.57115        0.085113         0.70699         0.24044               
         A        328        TRP         0.11063         0.11709        0.043966        0.041583         0.37462               0               
         A        329        HIS         0.57759         0.16123         0.70036        0.067169         0.79825         0.33297               
         A        330        ILE         0.29699         0.14584         0.16319        0.061016         0.50882        0.072876               
         A        331        ASN         0.83817          0.2995          1.1131         0.15877          1.2692         0.51281               
         A        332        MET         0.56179         0.23765         0.36891         0.12548         0.97869         0.21153               
         A        333        THR          1.1168         0.17264          1.2431         0.11801          1.3533         0.84465               
         A        334        GLN          1.5314         0.20142          1.4624        0.098372          1.9939          1.3341               
         A        335        PHE          2.0145         0.43403          1.8162         0.30973           2.787          1.4334               
         A        336        GLY          4.0927         0.39366               0               0          4.4985          3.4675               
         A        337        HIS          3.0378         0.25505           2.878         0.19768          3.3988          2.6893               
         A        338        SER          4.0115          0.9611           5.303         0.34632          5.6493          3.0271               
         A        339        SER          2.8022         0.57667          3.3486         0.37742           3.726          1.9476               
         A        340        GLN          1.9531         0.37968          2.1551         0.36352          2.7621          1.4438               
         A        341        THR          1.0454         0.11704          1.1112         0.04778          1.1661         0.78701               
         A        342        GLN          1.0867         0.18748          1.2155         0.11336          1.3827         0.75952               
         A        343        TYR         0.32639         0.13948         0.24438        0.081391         0.58845         0.11907               
         A        344        ASP         0.71022         0.22769         0.91908         0.12551          1.1024         0.45878               
         A        345        VAL         0.25869        0.073642         0.18156       0.0087312         0.38461         0.17422               
         A        346        ASP         0.60656         0.20572         0.78317         0.14755          1.0278         0.40158               
         A        347        THR         0.33331        0.099348         0.23855        0.072807         0.45138         0.14369               
         A        348        THR         0.84788         0.13156         0.87876        0.057897          1.0135         0.58405               
         A        349        PRO          0.9647         0.10358         0.94933          0.1327          1.1337         0.82697               
         A        350        ASP          1.7009         0.39953          2.0678         0.21097          2.4038          1.2602               
         A        351        THR         0.95343         0.21734           1.083         0.17148          1.3152         0.64323               
         A        352        PHE          0.3362         0.16732         0.22856        0.093533         0.65272         0.12567               
         A        353        VAL         0.60293         0.18718         0.80612        0.063284         0.88727         0.38461               
         A        354        PRO         0.22429        0.053815         0.17721        0.040919         0.28504         0.14828               
         A        355        HIS         0.68179         0.24409         0.81619         0.20013          1.1101         0.30856               
         A        356        LEU          0.8178         0.22848          1.0148         0.14127          1.1743         0.50485               
         A        357        GLY         0.44641        0.027883               0               0         0.48917         0.41196               
         A        358        SER         0.51387         0.15236          0.7259        0.039047         0.76495         0.38797               
         A        359        ILE         0.28353         0.13735         0.15745        0.043006          0.5009        0.091303               
         A        360        GLN         0.57412        0.090456         0.58679         0.10091         0.75952         0.45507               
         A        361        ALA         0.72717        0.081972         0.88106               0         0.88106         0.63852               
         A        362        ASN         0.99476         0.13643         0.98079         0.14853          1.2164         0.83283               
         A        363        GLY          1.4836         0.11608               0               0          1.6112           1.363               
         A        364        ILE         0.87237         0.20868         0.67702         0.06384          1.1498           0.571               
         A        365        GLY          1.2715         0.14143               0               0          1.4438           1.057               
         A        366        SER          1.8751         0.48998          2.5485         0.16479          2.7133          1.4231               
         A        367        GLY          1.1131         0.14945               0               0          1.2783         0.91252               
         A        368        ASN         0.99473        0.088096          1.0365        0.054667          1.1024         0.82697               
         A        369        TYR         0.68789         0.17208         0.75632         0.15409          1.0065         0.40158               
         A        370        VAL         0.54421        0.079652         0.62138        0.048485         0.68685         0.42961               
         A        371        GLY         0.28476         0.02378               0               0         0.32065         0.25404               
         A        372        VAL         0.42317        0.083419          0.4983        0.063765         0.58845         0.33297               
         A        373        LEU         0.23234         0.10207          0.1444        0.028355         0.40502        0.099698               
         A        374        SER         0.63447         0.17601         0.84423         0.10081         0.94504         0.38461               
         A        375        TRP         0.92051         0.29873          1.0916         0.14663          1.2783         0.41545               
         A        376        ILE         0.46065         0.16206         0.33556        0.065909         0.78144         0.22977               
         A        377        SER         0.73014         0.12802         0.88478        0.034156         0.91894         0.56669               
         A        378        PRO           1.011         0.16811           1.196        0.069634          1.2692         0.82697               
         A        379        PRO         0.97423         0.14743         0.89642        0.039394          1.2874         0.86268               
         A        380        SER          1.3771         0.35366          1.1425        0.040121          2.0744          1.0278               
         A        381        HIS          2.0836         0.69747          2.5118         0.58255          3.3988          1.2783               
         A        382        PRO          2.4827         0.35756          2.4944         0.38215          2.9437          1.9783               
         A        383        SER          3.7954         0.41727          4.2467        0.048135          4.2948          3.2359               
         A        384        GLY          3.3001          0.1927               0               0          3.5747          3.0556               
         A        385        SER          1.9639         0.29324          1.8743         0.15128          2.5518          1.6974               
         A        386        GLN          1.8206         0.59091          2.2462         0.38947          2.8379         0.97187               
         A        387        VAL         0.74401         0.11989         0.65829        0.079768          0.9651         0.54552               
         A        388        ASP         0.62183          0.1869         0.78482          0.1062         0.94504         0.36478               
         A        389        LEU          0.2526        0.051429         0.22688        0.022338         0.37793         0.19383               
         A        390        TRP         0.44342         0.11473         0.47465         0.12127         0.64796         0.26794               
         A        391        LYS         0.53473         0.28104         0.72757          0.2343          1.0947         0.19134               
         A        392        ILE         0.29718        0.055134         0.30925        0.062113         0.38797         0.23242               
         A        393        PRO         0.18762        0.069256         0.11417        0.014558         0.29084         0.10182               
         A        394        ASN         0.56797          0.2254         0.75896         0.16642          1.0065         0.32987               
         A        395        TYR         0.24175         0.12188         0.16733         0.07083         0.44405        0.076917               
         A        396        GLY         0.81824         0.13214               0               0         0.97187         0.61082               
         A        397        SER          1.5432         0.21074          1.6712          0.1183          1.7895          1.1661               
         A        398        SER          2.5317          0.4956          2.4348        0.030944          3.4329           1.845               
         A        399        ILE          3.5056         0.50437          3.8038         0.43316          4.4461          2.7375               
         A        400        THR          2.0406         0.38232          2.1974         0.33207          2.6657          1.4128               
         A        401        GLU          1.9581         0.49704          2.3235         0.35245          2.8901          1.3152               
         A        402        ALA         0.88596         0.16153         0.61082               0          1.0644         0.61082               
         A        403        THR          1.2118         0.30293          1.5254         0.12745          1.6974         0.78144               
         A        404        HIS          1.2987         0.45488          1.5834         0.35125          2.0744         0.67696               
         A        405        LEU         0.64695        0.094038         0.60234        0.088439         0.79261         0.46626               
         A        406        ALA         0.54305        0.087035         0.40502               0         0.64323         0.40502               
         A        407        PRO         0.87343         0.18214          1.0258         0.13827          1.1498         0.58405               
         A        408        SER         0.92006         0.16017          1.1379        0.019981          1.1579         0.73286               
         A        409        VAL         0.48271         0.10324         0.37211        0.032529         0.63852         0.32678               
         A        410        TYR          1.2927         0.58935          1.6191         0.44639          2.5082         0.55392               
         A        411        PRO         0.73832        0.083962         0.76209        0.036501         0.89352         0.63384               
         A        412        PRO         0.76777          0.2524          0.5625        0.096615          1.2425         0.47382               
         A        413        GLY          1.1032         0.13348               0               0          1.2513         0.93845               
         A        414        PHE           1.492         0.25764          1.4338         0.27701          1.9629          1.1179               
         A        415        GLY          0.9981         0.22456               0               0          1.3152         0.75952               
         A        416        GLU         0.58865        0.081305         0.59412        0.078871          0.7121         0.48917               
         A        417        VAL          0.3925         0.12803         0.49306        0.099302         0.62455          0.1864               
         A        418        LEU          0.2683        0.055172         0.30183        0.030525         0.34551         0.16465               
         A        419        VAL        0.068446        0.027629        0.071956        0.021355         0.10394        0.017514               
         A        420        PHE          0.1398        0.046894          0.1616        0.039592         0.22977        0.072876               
         A        421        PHE        0.064523        0.056838        0.029249        0.030635         0.16941               0               
         A        422        MET         0.33511        0.052921         0.35307         0.03978         0.39135         0.23775               
         A        423        SER         0.45149         0.04477         0.42608       0.0071126         0.54136         0.40158               
         A        424        LYS          1.3844         0.71264          1.8534         0.64602          2.8901         0.72762               
         A        425        MET          0.5717         0.19062         0.40137        0.056853         0.88727         0.31157               
         A        426        PRO         0.98066         0.16541          1.0368         0.16726          1.2425         0.75412               
         A        427        GLY          1.4685         0.23579               0               0          1.7895          1.2338               
         A        428        PRO          1.7898         0.27919          1.6458         0.30869          2.1594          1.3152               
         A        429        GLY          1.8893        0.058921               0               0          1.9629          1.8032               
         A        430        ALA          1.7774         0.35706          2.2677               0          2.2677          1.3246               
         A        431        TYR         0.93265         0.18871         0.99805         0.15616          1.2513         0.65752               
         A        432        ASN         0.64952         0.22952         0.84248         0.13908         0.97869         0.33297               
         A        433        LEU         0.17188        0.076121         0.11502        0.047188         0.31761        0.064884               
         A        434        PRO         0.12966         0.04396         0.16392       0.0087134         0.17422        0.053117               
         A        435        CYS         0.02347        0.021519        0.034158       0.0093504        0.058968               0               
         A        436        LEU        0.025066        0.036013        0.050132        0.036568        0.085091               0               
         A        437        LEU       0.0054386        0.014389        0.010877         0.01884        0.043509               0               
         A        438        PRO        0.084158        0.055441         0.09434        0.068783         0.16941        0.003233               
         A        439        GLN           0.298        0.064211         0.32952         0.04464         0.39815         0.17422               
         A        440        GLU         0.53053         0.13407         0.62272         0.10224         0.77041         0.35187               
         A        441        TYR         0.17584        0.078344         0.13059        0.052527         0.29964        0.057011               
         A        442        ILE         0.27096          0.1172         0.19736        0.085643         0.45878         0.10394               
         A        443        SER         0.73468         0.14068         0.79564        0.019732         0.91894         0.46626               
         A        444        HIS         0.72791         0.14168         0.72753         0.17111          1.0065         0.54552               
         A        445        LEU         0.46147         0.20294         0.28589        0.076567         0.79261         0.19134               
         A        446        ALA         0.98781         0.19893         0.83283               0          1.3246         0.79825               
         A        447        SER          1.5851         0.25804          1.7128         0.20474          1.9176          1.1579               
         A        448        GLU          1.5081         0.19087          1.4868         0.22252          1.8032          1.2164               
         A        449        GLN          1.6791         0.37077          1.9349         0.28861          2.2677          1.2164               
         A        450        ALA          1.1015        0.088093         0.99248               0          1.1994         0.99248               
         A        451        PRO          1.5748         0.32956          1.9234         0.13241          2.1078          1.1661               
         A        452        THR          1.0149         0.18975         0.83455        0.055874          1.3436         0.75952               
         A        453        VAL          1.6333         0.23734          1.8189          0.1369          1.9939          1.2164               
         A        454        GLY           1.134        0.094858               0               0          1.2338          1.0065               
         A        455        GLU          1.4332         0.56762          1.8393         0.43445          2.5299         0.72762               
         A        456        ALA         0.55442         0.10238         0.45507               0         0.73812         0.45507               
         A        457        ALA         0.34613        0.049581         0.32678               0         0.39815         0.25957               
         A        458        LEU         0.54403         0.13095         0.65057         0.10297         0.81537         0.38797               
         A        459        LEU         0.24329         0.09535         0.15694        0.050496         0.36804        0.074892               
         A        460        HIS          0.6553         0.27447         0.84176         0.19619          1.1498         0.35187               
         A        461        TYR         0.34637         0.08913         0.31106        0.057784         0.54136         0.23508               
         A        462        VAL         0.86487         0.14054         0.93537        0.080765         0.99248         0.56241               
         A        463        ASP          1.6565         0.30143          1.8926         0.18639          2.1769          1.1337               
         A        464        PRO          1.7112         0.28044          1.5378        0.096619          2.2677          1.4027               
         A        465        ASP          3.0011         0.46407          3.0183         0.14735          3.9297          2.1594               
         A        466        THR          3.1865         0.36293          3.3662         0.43958          3.8875          2.8123               
         A        467        GLY          2.1077         0.22938               0               0          2.4448           1.817               
         A        468        ARG          2.0802         0.38622          2.3173         0.17327          2.5299          1.2966               
         A        469        ASN          1.1008          0.1888         0.99818         0.17649          1.4334         0.73812               
         A        470        LEU         0.86059          0.1621         0.95751         0.16963          1.2251         0.69184               
         A        471        GLY         0.47588         0.10052               0               0         0.61995         0.34551               
         A        472        GLU         0.54486         0.22453         0.71579         0.14235         0.93845          0.2513               
         A        473        PHE         0.13048        0.052198         0.11016        0.042711         0.22713        0.055061               
         A        474        LYS         0.27754         0.19406         0.42318         0.13997         0.62918        0.062905               
         A        475        ALA         0.10609        0.054452        0.066871               0         0.20388        0.055061               
         A        476        TYR         0.32335         0.14673         0.39576         0.12571         0.58845          0.1279               
         A        477        PRO         0.49133         0.10105         0.58677        0.079958         0.64796         0.37462               
         A        478        ASP         0.51787         0.19906         0.68811         0.13174         0.79261         0.27929               
         A        479        GLY         0.11298        0.041476               0               0         0.17422        0.072876               
         A        480        PHE         0.15328         0.10741          0.2192        0.078259         0.33297        0.021148               
         A        481        LEU        0.024651        0.029861               0               0        0.089224               0               
         A        482        THR          0.1396        0.055823         0.20059       0.0097706          0.2141        0.058968               
         A        483        CYS         0.26306        0.062553         0.22997        0.015871         0.35508          0.1864               
         A        484        VAL          0.6717         0.16582         0.79248         0.15652          1.0135         0.42961               
         A        485        PRO         0.85523         0.16923         0.73103        0.077824          1.1101         0.65752               
         A        486        ASN          2.1657         0.44966          2.4659         0.31929           2.787          1.3533               
         A        488        ALA          2.3318         0.24638           2.142               0          2.5965          1.9629               
         A        489        SER          3.1041          0.6433           3.982         0.21661          4.1986          2.4657               
         A        490        SER           1.615         0.28027          1.8187        0.069425          1.9325          1.2425               
         A        491        GLY         0.83786         0.13583               0               0          1.0644         0.70699               
         A        492        PRO         0.42756        0.095346         0.34711        0.081684         0.55392         0.28504               
         A        493        GLN          1.0656         0.28606          1.2188         0.25233          1.6352         0.63852               
         A        494        GLN          1.2023         0.19503          1.5415               0          1.5415         0.98557               
         A        495        LEU         0.64546         0.16377         0.49697        0.084892         0.85062         0.37133               
         A        496        PRO         0.91079          0.1527          1.0424        0.070556          1.1101         0.62918               
         A        497        ILE         0.71987         0.17414         0.72211         0.23568          1.0644         0.42961               
         A        498        ASN          1.1368         0.26803          1.3723         0.17249          1.6597         0.84465               
         A        499        GLY          0.6032         0.09551               0               0         0.69184         0.45878               
         A        500        VAL         0.57445          0.1347         0.70518        0.074693         0.79825         0.37133               
         A        501        PHE         0.15576         0.12205        0.068232        0.038691         0.36478        0.024808               
         A        502        VAL         0.62193         0.15335         0.78831        0.048323         0.85062         0.40158               
         A        503        PHE         0.67022         0.16532         0.68442         0.16981          0.9651         0.48917               
         A        504        VAL          1.0101           0.234          0.9834         0.15478          1.4231         0.66718               
         A        505        SER          1.0464         0.19045          1.2887        0.054929          1.3436         0.78701               
         A        506        TRP         0.95518         0.23812         0.87852          0.2246          1.3926         0.58405               
         A        507        VAL          1.0194         0.14346         0.93852         0.15656           1.191         0.72762               
         A        508        SER          1.4046         0.35323          1.8535        0.064044          1.9176         0.91252               
         A        509        ARG          1.5593         0.59613           1.863         0.54455          2.8638         0.85062               
         A        510        PHE           1.975         0.50695          2.2837         0.36889          2.8638          1.3058               
         A        511        TYR          1.0556         0.16039          1.0618         0.17467          1.2783         0.81537               
         A        512        GLN           1.331         0.23124          1.5232         0.10084          1.6722         0.99945               
         A        513        LEU         0.63519         0.23223         0.42545        0.090847          1.0065         0.32371               
         A        514        LYS           1.354         0.46778          1.6764         0.37747          2.3441         0.77591               
         A        515        PRO          1.2512          0.2635          1.5381         0.10258          1.6722          0.9319               
         A        516        VAL         0.81907         0.22515         0.62462         0.10931          1.2164         0.47003               
         A        517        GLY          1.5611         0.30831               0               0          1.9325          1.1024               
         A        518        THR          1.8673         0.33553          2.2511         0.25715          2.5082          1.4648               
