pdb_id: 
analysis type: unbound
radii_file: F:\psiafrombintisolah\PSAIA-1.0\amac_data\chothia.radii
CX_sRadius: 14
CX_vAtom: 20.1

  chain id|    res id|  res name|     average CX|       s_avg CX|    s-ch avg CX|  s-ch s_avg CX|         max CX|         min CX|               
         A         40        THR          3.9027         0.77298          4.5052         0.36588          4.9567          2.7133               
         A         41        ASP          2.0826         0.33393          2.2479         0.10375          2.4657          1.3827               
         A         42        ARG          1.9823         0.31012          2.1851         0.13593          2.4242          1.3533               
         A         43        GLN          2.8262          1.1102          3.6665         0.75576          4.5519          1.4438               
         A         44        LEU          1.0477         0.21183          1.0149         0.13028          1.4755         0.76495               
         A         45        ALA         0.73032         0.10714         0.74342               0         0.88106         0.54552               
         A         46        GLU          1.3641         0.47807          1.7196         0.35456          2.1248         0.88727               
         A         47        GLU         0.87429          0.1687         0.96832        0.061007           1.057         0.52086               
         A         48        TYR         0.28567        0.091473          0.2364        0.050266         0.50882         0.17181               
         A         49        LEU         0.48303        0.077108         0.47178        0.050809         0.59288         0.38126               
         A         50        TYR          1.2169          0.3915          1.4349          0.2901          1.9629         0.66233               
         A         51        ARG         0.47505        0.077815         0.44179        0.060159         0.62455         0.38126               
         A         52        TYR         0.25535         0.09191         0.19577        0.021368         0.42249         0.16228               
         A         53        GLY         0.75365         0.12351               0               0         0.91252           0.571               
         A         54        TYR         0.50354         0.26101          0.3377        0.095839          1.0423         0.22977               
         A         55        THR          1.2126         0.25566          1.1703         0.19915          1.6352         0.88727               
         A         56        ARG          1.6943         0.33156          1.6582         0.33623          2.2308          1.1661               
         A         57        VAL          1.7006         0.27733          1.4925         0.12727          2.2491          1.3926               
         A         58        ALA          1.8858         0.39497          1.4438               0          2.4242          1.4438               
         A         66        SER          2.6183         0.59121           3.212         0.39968          3.6116          1.9028               
         A         67        LEU          1.2056         0.19412          1.1713         0.10793          1.5875         0.89352               
         A         68        GLY          1.3061         0.12719               0               0          1.4334          1.1101               
         A         69        PRO          1.5525         0.34972          1.9034        0.043699          1.9629          1.0278               
         A         70        ALA         0.73076         0.14149         0.77041               0         0.95168         0.54136               
         A         71        LEU         0.63393        0.070032         0.63733        0.097362         0.77041          0.5009               
         A         72        LEU          1.2455         0.35995          1.5757         0.18948          1.8309         0.79261               
         A         73        LEU          0.8949         0.24087          1.0843         0.17793          1.2874         0.58845               
         A         74        LEU         0.32977        0.097598         0.24209        0.045332         0.48146         0.18394               
         A         75        GLN         0.78458         0.17261         0.91113         0.11121          1.0947          0.5009               
         A         76        LYS          1.3725         0.57202          1.7811         0.45845          2.4242         0.77041               
         A         77        GLN         0.53547         0.07707         0.52151        0.059393         0.68685         0.44405               
         A         78        LEU         0.38192         0.12707          0.2676        0.036955         0.58845         0.22713               
         A         79        SER          0.9847         0.17887          1.1612         0.12617          1.2874         0.69184               
         A         80        LEU         0.88046         0.24268         0.67568         0.10106          1.2602         0.55392               
         A         81        PRO          1.6321         0.20749          1.8062         0.18079          1.9629          1.3728               
         A         82        GLU          1.8829         0.18206          1.8833          0.1066          2.2865          1.6847               
         A         83        THR           1.944         0.16527          1.9416         0.16138          2.1947          1.7231               
         A         84        GLY          1.4217        0.096089               0               0          1.5643          1.3246               
         A         85        GLU          1.9305         0.73085          2.5057         0.43393          3.0556         0.98557               
         A         86        LEU          1.0461         0.14799         0.95517         0.12579          1.2966         0.75412               
         A         87        ASP          1.3568         0.16761          1.4111         0.17738          1.6112          1.1498               
         A         88        SER          2.0347         0.44071          2.6436        0.069624          2.7133          1.5993               
         A         89        ALA          1.2969          0.2852          1.5081               0          1.6474         0.91252               
         A         90        THR         0.68226         0.13011         0.64481         0.08681         0.95168         0.52491               
         A         91        LEU          1.0596         0.21322          1.2498         0.13186          1.4755         0.82697               
         A         92        LYS          1.3749          0.3633          1.6748         0.14256          1.8736         0.85663               
         A         93        ALA          0.4942         0.11912         0.48146               0          0.7121         0.36804               
         A         94        MET         0.40956        0.046032         0.38071        0.039304         0.47763         0.33608               
         A         95        ARG          1.2837         0.52223          1.5907         0.40115           2.091         0.59288               
         A         96        THR         0.60947          0.1149         0.68476        0.088792         0.80963         0.41196               
         A         97        PRO           0.447         0.15354         0.57142        0.096424         0.65752         0.24857               
         A         98        ARG         0.12674         0.02746         0.12332        0.023467          0.1864        0.085091               
         A         99        CYS        0.029677        0.016264        0.013047       0.0062811        0.053117       0.0067655               
         A        100        GLY         0.06855        0.035764               0               0         0.12346        0.024808               
         A        101        VAL          0.1053         0.02882         0.11203        0.032603         0.15758        0.060933               
         A        102        PRO         0.28329        0.060368         0.32856        0.060318         0.38797         0.20135               
         A        103        ASP          0.2884         0.11409         0.20246        0.037048         0.50485         0.17181               
         A        104        LEU         0.71844        0.085441         0.77358        0.056476         0.83283         0.53721               
         A        105        GLY          0.7682         0.13122               0               0          0.9319           0.571               
         A        106        ARG         0.83768         0.15264         0.88228         0.16419          1.2079         0.67205               
         A        107        PHE         0.47842         0.25259         0.31978         0.10598          1.0206         0.18149               
         A        108        GLN           1.184         0.14322          1.2025          0.1199          1.3926         0.90614               
         A        109        THR          2.3492          0.4942          2.8864         0.23552          3.2047          1.8309               
         A        110        PHE          1.1164         0.49182         0.78009           0.161           2.142         0.55815               
         A        111        GLU          2.2745         0.72409          2.7974         0.55003          3.4675          1.3533               
         A        112        GLY          1.8987        0.097892               0               0          2.0097          1.7759               
         A        113        ASP          1.6524         0.28296           1.824          0.2202          2.1248          1.2425               
         A        114        LEU         0.84607         0.16765         0.92208        0.093298          1.0423         0.53309               
         A        115        LYS          1.0211         0.34228          1.2403         0.30928          1.6474         0.62918               
         A        116        TRP         0.48671         0.22169         0.37312         0.11356         0.95837         0.20642               
         A        117        HIS          1.6443         0.23654          1.7356         0.10325          1.9325          1.0947               
         A        118        HIS          1.1333         0.23536          1.0674         0.23752          1.5303         0.78144               
         A        119        HIS          1.4745         0.29384          1.6641         0.19999          1.9476         0.99248               
         A        120        ASN          1.5695           0.432           1.968         0.16499          2.2308         0.98557               
         A        121        ILE         0.48376         0.12868         0.38811        0.089235         0.72242         0.24584               
         A        122        THR         0.68086         0.21711         0.90822         0.11171          1.0644         0.40848               
         A        123        TYR         0.37762         0.11383         0.33258        0.085891         0.63384         0.19134               
         A        124        TRP         0.86895         0.32244          1.0444         0.18943          1.3341         0.33608               
         A        125        ILE         0.49759         0.12604         0.40156        0.034718         0.76495         0.36804               
         A        126        GLN         0.81256         0.18017          0.8741         0.17298          1.1826         0.51281               
         A        127        ASN         0.64024         0.12726         0.68952         0.14202         0.83872         0.46251               
         A        128        TYR         0.84346        0.098571         0.88379        0.089083         0.99945         0.70699               
         A        129        SER         0.77302          0.1781         0.60458        0.029256          1.0496         0.57532               
         A        130        GLU           1.889         0.50581          2.2593         0.33199          2.8123          1.1337               
         A        131        ASP          1.1012           0.138          1.0123         0.14018          1.2692         0.86877               
         A        132        LEU          1.0044         0.23925         0.79727          0.1432          1.3152         0.58845               
         A        133        PRO          1.7904         0.34353          2.0764         0.23143          2.2491          1.2338               
         A        134        ARG          1.6803         0.34969          1.8769         0.22492          2.2308          1.0135               
         A        135        ALA          1.7476         0.33962          2.3837               0          2.3837          1.4128               
         A        136        VAL          1.2298         0.29327          1.3918         0.24897          1.7102         0.82697               
         A        137        ILE         0.55064         0.10795         0.52604        0.067948         0.78144         0.41196               
         A        138        ASP         0.76992         0.18599         0.91846         0.15683          1.1661         0.59288               
         A        139        ASP          1.1045         0.33806          1.4222         0.14805          1.5993          0.7121               
         A        140        ALA         0.45395         0.11366         0.42604               0         0.65272         0.32987               
         A        141        PHE         0.17595        0.087078         0.11717        0.041368         0.32987        0.053117               
         A        142        ALA         0.62449         0.11447         0.79825               0         0.79825         0.44041               
         A        143        ARG         0.82404         0.16826         0.93337        0.091163           1.087         0.54136               
         A        144        ALA         0.27775         0.06176         0.17663               0         0.37133         0.17663               
         A        145        PHE         0.21402         0.11516         0.14516         0.07759         0.39815        0.049253               
         A        146        ALA         0.75429         0.13771         0.97187               0         0.97187         0.54136               
         A        147        LEU         0.53507        0.087276         0.50035         0.10656         0.66718         0.38461               
         A        148        TRP         0.24259         0.13844         0.16345        0.052634         0.54971         0.10182               
         A        149        SER         0.84721         0.19539         0.86576        0.009131          1.1579         0.52491               
         A        150        ALA          1.2806         0.18077          1.3533               0          1.5303         0.97187               
         A        151        VAL         0.99935         0.13408         0.94247         0.17932          1.1417         0.70699               
         A        152        THR         0.93342         0.23026          0.6936        0.054187          1.2874         0.61995               
         A        153        PRO          1.2962         0.12161          1.3372          0.1495          1.5303          1.1661               
         A        154        LEU         0.71047         0.16296         0.56435         0.08771          0.9254         0.42249               
         A        155        THR          1.1572         0.28494          1.4554         0.14467          1.6597         0.81537               
         A        156        PHE         0.47454         0.20542         0.33086        0.077981         0.82116          0.2245               
         A        157        THR          1.0518         0.29551          1.3685         0.14296          1.5303          0.7121               
         A        158        ARG         0.98236          0.1587         0.92249        0.057864          1.4231         0.86268               
         A        159        VAL          1.2492         0.13189          1.3111         0.10839          1.3926          1.0423               
         A        160        TYR          1.7899         0.22093          1.7198         0.14963          2.3441          1.5303               
         A        161        SER          1.8092          0.3634          2.2317        0.054774          2.2865          1.2338               
         A        162        ARG           2.671          1.3603          3.3504          1.2778          5.8897          1.3827               
         A        163        ASP          1.8663         0.63551          2.4067         0.41425          2.9437           1.087               
         A        164        ALA         0.74594         0.14425         0.64323               0          1.0135         0.62918               
         A        165        ASP         0.50361         0.13682          0.5932         0.10401         0.72762         0.30558               
         A        166        ILE         0.13963        0.085533        0.062627        0.035436         0.26794       0.0085411               
         A        167        VAL         0.28602         0.13737          0.4326        0.050351         0.48531         0.11253               
         A        168        ILE         0.10461         0.06936        0.050471        0.016514          0.2513        0.039714               
         A        169        GLN         0.37945         0.21814         0.55212         0.13159         0.71725         0.11907               
         A        170        PHE         0.29353         0.11523         0.23508        0.054071         0.57532         0.18394               
         A        171        GLY         0.55506        0.090772               0               0         0.64796         0.43679               
         A        172        VAL          1.0783         0.15659          1.1171         0.14343          1.3058         0.84465               
         A        173        ALA          1.3597         0.23287          1.7625               0          1.7625          1.0794               
         A        174        GLU          1.9385         0.31315           2.114         0.30707          2.4448          1.5759               
         A        175        HIS         0.85809         0.27277         0.65746         0.13723          1.2513         0.48531               
         A        176        GLY          1.4271        0.060892               0               0          1.5191           1.363               
         A        177        ASP          1.0051         0.32994         0.71125         0.13164          1.5643         0.50882               
         A        178        GLY          1.3124        0.098949               0               0          1.4438          1.1743               
         A        179        TYR         0.72763          0.1211         0.70363         0.10346         0.97869         0.57968               
         A        180        PRO          1.0007         0.21865          1.2374        0.038888          1.2692         0.69686               
         A        181        PHE         0.53194         0.24587          0.3777         0.14533         0.99945         0.20642               
         A        182        ASP         0.78057         0.23537         0.60054        0.073217          1.2338         0.54136               
         A        183        GLY          1.0952         0.12866               0               0          1.2513         0.89352               
         A        184        LYS           1.723         0.56154          2.1201          0.4583          2.9167          1.1579               
         A        185        ASP         0.99583         0.30527          1.2366         0.23277          1.6231          0.6063               
         A        186        GLY         0.48618         0.14192               0               0         0.68685         0.31761               
         A        187        LEU         0.24374        0.040789         0.22875        0.019282         0.33921         0.19883               
         A        188        LEU         0.17091        0.069645         0.21719        0.068819         0.32987        0.087154               
         A        189        ALA        0.018473        0.022346               0               0        0.055061               0               
         A        190        HIS         0.10242         0.10315         0.17071        0.077953         0.28504               0               
         A        191        ALA        0.030351        0.033284               0               0        0.080988               0               
         A        192        PHE         0.22782        0.060384         0.26834        0.022458         0.31458         0.10822               
         A        193        PRO         0.34977        0.067994         0.42099        0.034922         0.46626         0.27076               
         A        194        PRO         0.39746         0.14252         0.29887        0.039578         0.66718          0.2568               
         A        195        GLY         0.70189        0.092235               0               0         0.79825         0.58845               
         A        196        PRO          1.1777         0.21495          1.3998         0.09392          1.4863         0.89352               
         A        197        GLY         0.86352         0.18538               0               0          1.0423         0.61538               
         A        198        ILE         0.61542         0.15314         0.69596        0.068586         0.75952         0.31761               
         A        199        GLN         0.63172         0.28729         0.84202         0.21307           1.191         0.29964               
         A        200        GLY           0.113          0.0551               0               0         0.20388        0.057011               
         A        201        ASP         0.17541         0.11505         0.27741        0.063559         0.37462        0.012111               
         A        202        ALA        0.019009        0.017304               0               0        0.043509               0               
         A        203        HIS         0.14683         0.10261         0.22237        0.052306          0.3026               0               
         A        204        PHE        0.033925        0.057399       0.0012202       0.0029888         0.18394               0               
         A        205        ASP         0.35923          0.1247         0.44271        0.096438         0.53721          0.1414               
         A        206        ASP         0.62539         0.13299         0.61806        0.092268         0.85663         0.43319               
         A        207        ASP          1.0475         0.21079          1.2034         0.15187          1.4334         0.71725               
         A        208        GLU         0.62107          0.1142         0.53309        0.070409         0.77591         0.42604               
         A        209        LEU          1.0521         0.34355          1.3645         0.18297          1.6474         0.65272               
         A        210        TRP         0.31206         0.20687         0.19194        0.079607         0.71725         0.10608               
         A        211        SER         0.73106         0.15069          0.9226        0.029081         0.95168         0.52491               
         A        212        LEU         0.81724        0.095539         0.79348         0.12492         0.90614         0.58845               
         A        213        GLY           1.399         0.16416               0               0          1.6231          1.1661               
         A        214        LYS          2.8323         0.63465          3.3539         0.30455           3.726          2.0097               
         A        215        GLY          2.5684         0.39531               0               0          3.0846           2.058               
         A        391        GLN          2.6802         0.92303          3.3512         0.63869          4.4461          1.4334               
         A        392        GLY         0.99378         0.16756               0               0          1.2602         0.82116               
         A        393        TYR         0.51597         0.11238         0.54799         0.11252         0.73812          0.3583               
         A        394        SER         0.30839         0.10697          0.4089        0.024291         0.43319          0.1279               
         A        395        LEU         0.15408        0.066151         0.18116        0.067397         0.26794        0.055061               
         A        396        PHE         0.38462         0.16293         0.49992        0.071186         0.57532         0.16465               
         A        397        LEU         0.25664         0.14551          0.3796        0.093565         0.48531        0.055061               
         A        398        VAL        0.016127        0.024039        0.018846        0.025615        0.055061               0               
         A        399        ALA       0.0006466       0.0012932               0               0        0.003233               0               
         A        400        ALA        0.038499        0.038379         0.11037               0         0.11037               0               
         A        401        HIS        0.011837         0.01769         0.01599        0.021382        0.053117               0               
         A        402        GLU               0               0               0               0               0               0               
         A        403        PHE       0.0066418        0.012698        0.010437        0.014621        0.035947               0               
         A        404        GLY        0.010633         0.01315               0               0        0.032207               0               
         A        405        HIS        0.056181        0.028189        0.067068        0.030553         0.11688        0.024808               
         A        406        ALA        0.022126        0.025487       0.0049961               0        0.072876       0.0049961               
         A        407        LEU        0.097144        0.055014        0.089928        0.014179         0.20897       0.0049961               
         A        408        GLY         0.23382        0.081622               0               0         0.35187         0.12346               
         A        409        LEU         0.22125        0.050496         0.24223        0.063228         0.34235         0.16703               
         A        410        ASP         0.34425        0.088121         0.41693        0.069535         0.53721         0.25957               
         A        411        HIS         0.19828        0.089224          0.1353        0.040617         0.37462        0.074892               
         A        412        SER         0.47963        0.093572         0.57839        0.069571         0.64796         0.33921               
         A        413        SER         0.83459         0.12572         0.94283        0.092202           1.035         0.66233               
         A        414        VAL          1.0336          0.2031          1.2405        0.092868          1.3533         0.74875               
         A        415        PRO         0.93576         0.11288           1.039        0.056965          1.1179         0.74342               
         A        416        GLU          1.3527          0.3682          1.6621         0.15696           1.845         0.89981               
         A        417        ALA         0.55822         0.12037          0.6018               0         0.73286         0.39135               
         A        418        LEU         0.22018        0.081073         0.18225        0.049254         0.38461         0.13686               
         A        419        MET         0.17063        0.073212         0.12603        0.078464         0.24314        0.043509               
         A        420        TYR         0.36519         0.11643         0.43578        0.067048         0.56669         0.16465               
         A        421        PRO         0.15882        0.037865         0.18515        0.021373         0.20388        0.099698               
         A        422        MET         0.29987           0.101         0.37411         0.09381         0.52899         0.18886               
         A        423        TYR         0.36455        0.099268         0.38111         0.10651         0.54552         0.24857               
         A        424        ARG         0.69023         0.20873         0.78543         0.19877           1.191         0.39135               
         A        425        PHE          1.2422         0.33855             1.4         0.31155          1.9476         0.77591               
         A        426        THR          1.1752         0.18015          1.1718           0.234          1.4755         0.90614               
         A        427        GLU           2.473         0.57548           2.931         0.34767          3.4675           1.817               
         A        428        GLY          1.7955         0.38661               0               0          2.1947          1.2513               
         A        429        PRO          1.4957         0.43442          1.8813         0.27076           2.142         0.93845               
         A        430        PRO         0.58796         0.10693         0.58229         0.11514         0.75952         0.44041               
         A        431        LEU         0.61618         0.18422         0.50177         0.11283         0.99248         0.33297               
         A        432        HIS          1.1867         0.31525          1.3614         0.27978          1.7492         0.72242               
         A        433        LYS           2.346          1.0799          3.1155         0.87124          4.1057          1.2874               
         A        434        ASP          1.0263          0.1224          1.0571        0.088462           1.191         0.85663               
         A        435        ASP         0.52587         0.12164         0.40944        0.011564         0.70699         0.39135               
         A        436        VAL          1.0005         0.14522          1.0635         0.11713          1.2164         0.72762               
         A        437        ASN          1.6358         0.39895          1.9831         0.26297          2.3247          1.1743               
         A        438        GLY         0.82344        0.098058               0               0          0.9651         0.71725               
         A        439        ILE          0.5511         0.13389         0.45436         0.11644         0.70699         0.29376               
         A        440        ARG          1.6337         0.32735          1.8359          0.1786          2.1769         0.95837               
         A        441        HIS          2.1494         0.54887          2.5438         0.32385          2.9711          1.4128               
         A        442        LEU         0.90905         0.23754         0.69841         0.12695          1.2513         0.48146               
         A        443        TYR         0.83255         0.38127          0.6088         0.17537          1.6974         0.37133               
