pdb_id: 
analysis type: unbound
radii_file: F:\psiafrombintisolah\PSAIA-1.0\amac_data\chothia.radii
CX_sRadius: 11
CX_vAtom: 20.1

  chain id|    res id|  res name|     average CX|       s_avg CX|    s-ch avg CX|  s-ch s_avg CX|         max CX|         min CX|               
         C          1        ASP          8.9397           1.116          9.7573         0.94505          10.557           7.668               
         C          2        ARG          6.9461         0.92135          7.1392         0.98372          8.9063          5.9344               
         C          3        ILE          5.8729         0.42727          6.0572         0.51446          6.9251          5.4506               
         C          4        CYS          6.1608         0.35931          6.0233        0.088903          6.7049          5.6042               
         C          5        THR          7.9825         0.56172          8.4729         0.39673          8.9063          7.1582               
         C          6        GLY          8.7133         0.82706               0               0          10.095          7.9476               
         C         10        SER          1.6652         0.17024           1.744         0.17573          1.9198          1.4331               
         C         11        ASN          1.8632         0.34332          2.1727         0.18991          2.3826          1.4547               
         C         12        SER          1.0849        0.099972           1.003        0.021693          1.2924         0.98127               
         C         13        PRO          1.5174         0.23993          1.7337         0.19567          1.9508           1.219               
         C         14        HIS           1.026         0.26595          1.1719         0.23144          1.5216         0.68107               
         C         15        VAL         0.87892         0.20121          1.0987        0.074959          1.2014         0.64128               
         C         16        VAL         0.63206         0.10091         0.55843        0.014298         0.82485         0.54098               
         C         17        LYS          1.3378         0.31248          1.5553         0.22668          1.8596         0.83693               
         C         18        THR          1.8456           0.509           1.509         0.24207          2.7997           1.167               
         C         19        ALA          3.9752         0.64914          4.7787               0          4.7787          2.9067               
         C         20        THR          5.1927         0.91205          6.1516         0.52261          6.7049          4.2335               
         C         21        GLN          3.0312         0.51814          3.2038         0.57282          4.1366          2.3826               
         C         22        GLY          2.2719         0.38618               0               0          2.7483          1.7463               
         C         23        GLU          1.8356         0.30529          2.0061         0.22327          2.3021          1.3309               
         C         24        VAL         0.85456         0.16828         0.92806         0.19896          1.2014         0.68107               
         C         25        ASN         0.83904         0.22345          1.0408         0.13059          1.1841         0.58501               
         C         26        VAL         0.68574        0.089627         0.63095        0.064972         0.83693         0.58501               
         C         28        GLY         0.88895        0.061607               0               0         0.95336         0.80115               
         C         29        VAL         0.94735         0.19442         0.76655        0.078548          1.2551         0.66094               
         C         30        ILE          1.4536         0.42962          1.7955         0.32548          2.3021         0.87417               
         C         31        PRO          1.0215          0.1396          1.1215         0.13885          1.2369         0.83693               
         C         32        LEU         0.78488         0.19085         0.89985         0.17694           1.167         0.54098               
         C         33        THR          0.6048        0.068123         0.59639        0.060825         0.73361         0.54098               
         C         34        THR         0.61759         0.12304         0.73182        0.096568         0.84918         0.45988               
         C         35        THR          1.0178         0.19827          1.1563        0.034574          1.2551         0.73361               
         C         36        PRO         0.62751         0.27616         0.34981        0.038852          1.0395         0.29615               
         C         37        THR          1.5927         0.58124          2.2223         0.27177          2.6023         0.99552               
         C         38        LYS          1.6037          0.3442          1.7339          0.3528          2.3826           1.219               
         C         39        SER         0.95117         0.15237         0.92707        0.040147           1.219         0.77806               
         C         40        HIS          1.1138         0.38421          1.3732         0.25263          1.7738         0.52405               
         C         41        PHE         0.38196         0.18427          0.2796         0.11083         0.75555         0.10951               
         C         42        ALA         0.35916         0.10968         0.52405               0         0.52405         0.21125               
         C         43        ASN         0.66228         0.19451         0.84152        0.093748         0.99552         0.42978               
         C         44        LEU         0.43595         0.13608          0.3492        0.038099         0.72284         0.30838               
         C         45        LYS          1.5617         0.67148          1.9535         0.65058            3.02         0.69132               
         C         46        GLY          1.5562         0.30719               0               0          2.0481          1.2014               
         C         47        THR         0.93745          0.1372         0.84801        0.074642          1.1841         0.78953               
         C         48        GLU           1.029         0.36639          1.2675         0.29032          1.7194         0.49934               
         C         49        THR         0.31971         0.12269         0.23882        0.097899         0.54959         0.11396               
         C         50        ARG         0.13255        0.037549         0.13238        0.031808         0.19046        0.075105               
         C         51        GLY         0.22379        0.025342               0               0         0.26656         0.20077               
         C         52        LYS         0.41843          0.1658          0.5313         0.14222         0.78953         0.23279               
         C         53        LEU        0.095724           0.085        0.024228        0.027102         0.23829       0.0049895               
         C         54        CYS          0.4713         0.12513         0.49283        0.048156         0.61266         0.23829               
         C         55        PRO          1.0031         0.12068           1.031         0.11106          1.1174         0.78953               
         C         56        LYS          2.0638         0.72861          2.6003         0.55138          3.2027          1.3115               
         C         57        CYS         0.74285         0.12783         0.59433        0.018326         0.95336         0.57601               
         C         58        LEU          2.0402         0.80703           2.756         0.50917          3.4738          1.1337               
         C         59        ASN          1.9919         0.95059          2.8226         0.57681           3.334         0.81292               
         C         60        CYS         0.53701         0.12131          0.4421        0.041203         0.78953         0.40089               
         C         61        THR         0.31736         0.12229          0.3734         0.13934          0.5583         0.17533               
         C         62        ASP         0.10355        0.044181          0.1188        0.040133         0.16545        0.054666               
         C         63        LEU        0.037056        0.029171        0.044638        0.036477          0.1007               0               
         C         64        ASP         0.16966        0.093558         0.25075        0.058847         0.33999        0.058691               
         C         65        VAL         0.10333        0.038921         0.13429        0.026099         0.17037        0.034989               
         C         66        ALA               0               0               0               0               0               0               
         C         67        LEU       0.0084233        0.013791               0               0        0.038866               0               
         C         68        GLY         0.18911        0.054233               0               0         0.26656         0.11396               
         C         69        ARG         0.28829         0.13575         0.33123         0.15019         0.62209         0.15574               
         C         70        PRO         0.35821        0.066296         0.34977        0.086187         0.45988         0.24945               
         C         71        LYS          1.0049          0.4396          1.2734         0.42136          1.9508          0.5671               
         C         72        CYS         0.32594        0.063135         0.25243        0.014136         0.41519         0.23829               
         C         73        THR         0.71323         0.18274         0.75222          0.1426         0.99552         0.49934               
         C         74        GLY         0.94232         0.13517               0               0          1.1174         0.77806               
         C         75        LYS          1.9381         0.82253          2.5628         0.56587          3.2673         0.98127               
         C         76        ILE         0.40052         0.20409         0.21332        0.030022         0.77806         0.17037               
         C         77        PRO         0.68661         0.16476         0.80527         0.08739         0.92623         0.37999               
         C         78        SER         0.60406        0.091416         0.67246        0.050375         0.72284         0.45224               
         C         79        ALA         0.42532        0.062804         0.31458               0         0.49127         0.31458               
         C         80        ARG          1.2532         0.72819          1.6603         0.61305          2.7483          0.4676               
         C         81        VAL         0.29031        0.075271         0.28082         0.09064         0.38689         0.16545               
         C         82        SER         0.12661        0.025954         0.11847         0.00451         0.18033        0.096352               
         C         83        ILE         0.13578        0.046604         0.12633        0.050446         0.20599        0.066835               
         C         84        LEU         0.42666         0.12687         0.47935          0.1061         0.60334         0.23829               
         C         85        HIS         0.48775         0.16669         0.40779          0.1005         0.87417         0.30224               
         C         86        GLU         0.51895        0.078677         0.47351        0.062914         0.66094         0.35969               
         C         87        VAL          1.2933         0.27899           1.603        0.082326          1.7194          0.9397               
         C         88        ARG          2.2723          1.5255          3.0617          1.3899          5.6042         0.73361               
         C         89        PRO         0.39396         0.10016         0.33489        0.088508          0.5671         0.26656               
         C         90        VAL         0.47729         0.21658         0.72114        0.056545         0.78953         0.24945               
         C         91        THR         0.28685         0.15349         0.16013        0.056168         0.59412        0.083504               
         C         92        SER         0.63371         0.19289         0.83546         0.17452            1.01         0.38689               
         C         93        GLY          0.2184        0.084151               0               0         0.32084         0.11396               
         C         94        CYS          0.1442        0.055571         0.07525        0.012503         0.21657        0.062748               
         C         95        PHE        0.077602         0.04858        0.096294        0.051526         0.17037        0.019769               
         C         96        PRO         0.12402        0.063655         0.19217       0.0024189         0.19559        0.031142               
         C         97        ILE        0.074603        0.072537        0.026334        0.026372         0.23829               0               
         C         98        MET         0.30187        0.093979         0.33013         0.10509         0.50748         0.15574               
         C         99        HIS         0.32016           0.115         0.24958        0.078758         0.49934         0.15574               
         C        100        ASP          1.1956         0.23943          1.2862         0.13304          1.4989          0.7122               
         C        101        ARG         0.83307         0.17196         0.80803         0.18751          1.2369         0.67095               
         C        102        THR         0.51862         0.16976          0.3295        0.016857         0.72284         0.31458               
         C        103        LYS         0.60041         0.12308         0.61115         0.14703         0.83693         0.40089               
         C        104        ILE         0.14356         0.08571        0.090456        0.067075         0.30838               0               
         C        105        ARG         0.41948          0.1755         0.52773         0.12351         0.76673         0.16545               
         C        106        GLN         0.57162         0.21698         0.75998        0.061858         0.83693         0.29013               
         C        107        LEU         0.09261        0.054298        0.046606        0.030439         0.17037       0.0049895               
         C        108        PRO        0.078929        0.016133        0.073764       0.0070894         0.10509        0.054666               
         C        109        ASN         0.29866         0.09455         0.35373        0.073422         0.45988         0.12298               
         C        110        LEU         0.36034        0.073413         0.41826        0.043009         0.49127         0.23829               
         C        111        LEU         0.05618         0.04072         0.02455       0.0086799         0.14147        0.016033               
         C        112        ARG         0.10388        0.036191         0.10831        0.028096         0.16057        0.038866               
         C        113        GLY         0.37227        0.087995               0               0         0.47541         0.23279               
         C        114        TYR         0.31029        0.062305         0.32134        0.061658         0.42245         0.21125               
         C        115        GLU         0.68677         0.30033         0.91231         0.21781           1.167         0.37999               
         C        116        HIS         0.73391           0.338         0.96308          0.2402          1.2369         0.32716               
         C        117        ILE         0.19393         0.13346        0.074402        0.019154         0.42978        0.054666               
         C        118        ARG         0.54163         0.21352         0.68862         0.10975         0.78953         0.27237               
         C        119        LEU         0.37186        0.073903         0.35878        0.056902         0.53247         0.27824               
         C        120        SER         0.56465          0.2142         0.40488        0.024897         0.87417         0.32084               
         C        121        THR          1.4849         0.38593          1.9059         0.13753           2.082          1.0247               
         C        122        HIS          2.1501          1.0275           2.759         0.87622          4.2335         0.86159               
         C        123        ASN         0.80218         0.12109         0.84465        0.093267         0.98127         0.60334               
         C        124        VAL         0.32835         0.13793         0.17426         0.02635         0.49934         0.14147               
         C        125        ILE         0.42432         0.11164         0.34188         0.09636         0.58501         0.22193               
         C        126        ASN          1.0565         0.38834          1.4043         0.21841          1.7738         0.57601               
         C        127        ALA         0.42747        0.054489         0.33999               0         0.50748         0.33999               
         C        128        GLU          1.0125         0.30763          1.2164         0.25841          1.6417         0.57601               
         C        129        ASN           1.723         0.56758          2.2332         0.29933          2.6984         0.95336               
         C        130        ALA         0.62252         0.16539         0.30838               0         0.77806         0.30838               
         C        131        PRO         0.66559         0.14976         0.75592        0.083335         0.83693         0.37999               
         C        132        GLY         0.47592        0.081056               0               0         0.59412         0.36639               
         C        133        GLY         0.63423         0.10802               0               0         0.76673          0.4676               
         C        134        PRO          0.8268         0.18128          1.0055        0.027076          1.0247         0.51572               
         C        135        TYR         0.33089         0.21568         0.19075        0.052389         0.78953         0.12755               
         C        136        LYS         0.82325         0.23532          0.9968         0.11701          1.1502         0.38689               
         C        137        ILE         0.64182         0.14339         0.55139        0.052476         0.96721         0.47541               
         C        138        GLY         0.47405        0.061029               0               0         0.54959         0.38689               
         C        139        THR         0.79599         0.14628          0.9118         0.12324          1.0855         0.62209               
         C        140        SER         0.56032         0.10841         0.41167        0.010776         0.68107         0.40089               
         C        141        GLY         0.72245          0.1625               0               0         0.89984         0.51572               
         C        142        SER         0.42422          0.1056         0.40448        0.070933         0.57601         0.27824               
         C        143        CYS         0.37327         0.12292          0.2243        0.053934         0.54959         0.17037               
         C        144        PRO         0.70892         0.15123          0.7579         0.20236         0.98127         0.49127               
         C        145        ASN          1.4144         0.29795          1.4777         0.26941          1.8893          1.0247               
         C        146        ILE          2.6349         0.59024          2.6894         0.51304          3.5472           1.693               
         C        147        THR          3.3818         0.35947          3.7178         0.27369          3.9532          2.9625               
         C        148        ASN          2.5288         0.51475          2.8556         0.54936          3.7824           2.015               
         C        149        GLY          1.6071         0.22916               0               0          1.8596          1.2736               
         C        150        ASN          1.4362         0.26464          1.6289         0.17485          1.8304         0.99552               
         C        151        GLY         0.57377         0.10506               0               0         0.74451          0.4833               
         C        152        PHE         0.15392         0.12476        0.081697        0.079613         0.40089       0.0013614               
         C        153        PHE         0.06101        0.077529       0.0072387        0.017731         0.21657               0               
         C        154        ALA         0.26948        0.046703         0.30838               0         0.30838         0.19559               
         C        155        THR        0.087855        0.053099        0.043277        0.022859         0.18537        0.012325               
         C        156        MET        0.078268        0.049815        0.035302          0.0264         0.14619               0               
         C        157        ALA         0.13253        0.059503         0.21657               0         0.21657        0.046706               
         C        158        TRP         0.13581        0.034536         0.12991        0.024334         0.23279        0.092036               
         C        159        ALA        0.070629        0.023213        0.038866               0         0.10509        0.038866               
         C        160        VAL         0.23815        0.042203         0.26518        0.026307         0.30224         0.18033               
         C        161        PRO         0.25006         0.14242         0.15902        0.043725         0.50748          0.1007               
         C        162        LYS          1.1247         0.56096          1.4835          0.5137          2.3021          0.4676               
         C        163        ASN          1.5651         0.55877          2.0182         0.45637          2.7997            1.01               
         C       163A        ASP          1.9034         0.42591          2.3087         0.14991          2.5561          1.3309               
         C       163B        LYS          2.3885         0.63445          2.6187         0.77542          3.9532          1.7738               
         C       163C        ASN          1.3086         0.22853          1.2775         0.21765          1.6671         0.92623               
         C        164        LYS         0.76663         0.18529         0.67511         0.16747          1.0546         0.50748               
         C        165        THR         0.85291          0.3438          1.2241         0.10723          1.3707         0.35969               
         C        166        ALA         0.85714         0.14193         0.88692               0          1.1013         0.69132               
         C        167        THR         0.69447         0.13476         0.61251         0.15269         0.83693         0.40089               
         C        168        ASN          1.7868         0.89161          2.5639         0.59487           3.334         0.80115               
         C        169        PRO         0.94015         0.14078         0.97475         0.12035          1.1502         0.75555               
         C        170        LEU         0.64715         0.13142         0.64491         0.16033         0.87417         0.42245               
         C        171        THR          1.0424         0.19145          1.2552        0.014971          1.2736         0.82485               
         C        172        ILE         0.49338         0.10278         0.43545         0.10818         0.63163         0.35969               
         C        173        GLU          1.3843          0.7903          1.9571         0.61592          2.7997          0.5671               
         C        174        VAL         0.29402         0.14441          0.1353        0.043232         0.45988        0.096352               
         C        175        PRO         0.71269         0.20631         0.88994         0.11571            1.01         0.36639               
         C        176        TYR         0.59388         0.14224         0.64891         0.11073         0.81292         0.29615               
         C        177        ILE         0.50729         0.10366         0.47508         0.12232         0.68107         0.35969               
         C        178        CYS         0.48389         0.22532         0.27086        0.095531         0.83693         0.17533               
         C        179        THR          1.2993         0.19569          1.4061         0.13733          1.5447         0.92623               
         C        180        GLU          2.7331          1.1993           3.496          1.1256          5.4506          1.6168               
         C        181        GLY          1.2757         0.29695               0               0          1.6168          0.9397               
         C        182        GLU         0.58533         0.10404         0.57418        0.052465         0.83693         0.45224               
         C        183        ASP         0.36118          0.1728         0.49738         0.13111         0.63163         0.15094               
         C        184        GLN        0.083423        0.020388        0.093096        0.014797         0.11396        0.038866               
         C        185        ILE        0.051597        0.053031        0.098525        0.034603         0.14147               0               
         C        186        THR        0.005664       0.0098116       0.0041084       0.0058102        0.027323               0               
         C        187        VAL       0.0049985        0.012244               0               0        0.034989               0               
         C        188        TRP       0.0096802        0.016247        0.012688        0.018229        0.054666               0               
         C        189        GLY               0               0               0               0               0               0               
         C        190        PHE        0.015214        0.025514        0.023908         0.02855        0.070954               0               
         C        191        HIS         0.03517        0.042409        0.058617        0.040287         0.12298               0               
         C        192        SER         0.06319        0.046768         0.10181        0.034978         0.13679               0               
         C        193        ASP         0.27039        0.086023         0.27548        0.015276         0.38689         0.11396               
         C        194        ASN         0.87557         0.30878          1.1464         0.19489          1.4547         0.51572               
         C        195        GLU          1.4639         0.60662          1.9116         0.45783          2.5111         0.86159               
         C        196        THR          1.5704         0.48914          2.0628         0.34905          2.5561          1.1013               
         C        197        GLN          0.8863         0.19346         0.94821         0.19733          1.2736         0.63163               
         C        198        MET         0.30909         0.15646         0.18802         0.10388         0.58501        0.054666               
         C        199        ALA         0.81624         0.10328         0.99552               0         0.99552         0.69132               
         C        200        LYS          1.4884         0.76206          2.0322         0.61105          2.9067         0.69132               
         C        201        LEU          0.3577         0.10005         0.35123        0.079566         0.54959         0.24384               
         C        202        TYR         0.11971         0.12286        0.044612        0.030097         0.38689       0.0013614               
         C        203        GLY         0.58966         0.15817               0               0         0.81292         0.36639               
         C        204        ASP           0.579         0.13253         0.67763         0.10672         0.83693         0.37315               
         C        205        SER         0.83112         0.20901          1.1255       0.0081438          1.1337         0.65105               
         C        206        LYS          1.0608         0.38928          1.3665         0.19118          1.5683         0.41519               
         C        207        PRO         0.80276           0.251           1.042         0.18327           1.219         0.49934               
         C        208        GLN         0.23926        0.080759         0.17713        0.047109         0.36639         0.12755               
         C        209        LYS         0.83584         0.58312          1.2433         0.48733          2.0481         0.29013               
         C        210        PHE         0.16219         0.13494        0.073251        0.056007         0.44467       0.0049895               
         C        211        THR         0.42008         0.19647         0.63741        0.064288          0.7017         0.18537               
         C        212        SER         0.33594         0.15683         0.19032        0.053526         0.63163         0.13679               
         C        213        SER         0.58683         0.17596         0.81673        0.083118         0.89984         0.37999               
         C        214        ALA         0.63025         0.21345         0.30838               0         0.91295         0.30838               
         C        215        ASN          1.2763         0.31461          1.0788         0.16677          1.7738         0.89984               
         C        216        GLY          2.2978         0.53704               0               0            3.14          1.6671               
         C        217        VAL          1.3999         0.25948           1.472          0.2135          1.7738          0.9397               
         C        218        THR          1.6314         0.40806          1.9065         0.46198          2.5561           1.219               
         C        219        THR         0.72469         0.14058         0.62654         0.14895         0.88692         0.43719               
         C        220        HIS          1.1639         0.22547          1.3176         0.14377          1.5216         0.82485               
         C        221        TYR         0.43905         0.12739         0.35778        0.063698         0.65105         0.24945               
         C        222        VAL         0.88766         0.30397          1.2212         0.13638           1.412         0.57601               
         C        223        SER         0.40697         0.16263         0.23583        0.019267          0.7017         0.21657               
         C        224        GLN         0.81923          0.3905          1.0976          0.2982          1.5447         0.31458               
         C        225        ILE          0.6282         0.16325         0.62752         0.22356         0.87417         0.28415               
         C        226        GLY          1.0611        0.074096               0               0          1.1337         0.96721               
         C        227        GLY          1.5008        0.069282               0               0          1.6168          1.4331               
         C        228        PHE         0.72665         0.35125         0.47679         0.10177          1.3707         0.33999               
         C        229        PRO          1.1549         0.16216          1.0604        0.035621           1.412         0.95336               
         C        230        ASN          2.2027          1.0565          3.1662         0.54799          3.9532         0.91295               
         C        231        GLN         0.75178         0.13579          0.6969        0.049649          1.0395         0.64128               
         C        232        THR         0.74808         0.20516         0.94291         0.12312          1.1013         0.44467               
         C        233        GLU         0.70641         0.14109          0.7448         0.14086         0.96721         0.47541               
         C        234        ASP         0.55057          0.1299         0.54203         0.12217         0.76673         0.37999               
         C        235        GLY         0.81769         0.25959               0               0           1.167         0.49934               
         C        236        GLY          1.3267         0.34547               0               0          1.8596         0.92623               
         C        237        LEU          1.3527         0.18216          1.4971        0.097282          1.6168          1.0247               
         C        238        PRO          1.7341         0.40607          2.1667         0.21916          2.4672          1.2924               
         C        239        GLN         0.62039        0.087898         0.56117        0.041707         0.80115         0.50748               
         C        240        SER         0.62496         0.11996         0.72957        0.048493         0.77806         0.44467               
         C        241        GLY          0.2426        0.061269               0               0         0.33999         0.18537               
         C        242        ARG         0.26305         0.17221         0.36338         0.13575         0.61266        0.054666               
         C        243        ILE         0.01974        0.012291        0.027428        0.010383        0.038866               0               
         C        244        VAL        0.080891        0.051349         0.12704        0.033649         0.16545               0               
         C        245        VAL        0.049553        0.054753       0.0028813       0.0040748         0.16545               0               
         C        246        ASP         0.13337         0.10152         0.21696        0.074109         0.33354        0.012325               
         C        247        TYR         0.28505         0.17253         0.34911         0.17382          0.7122        0.079288               
         C        248        MET         0.11178        0.025694         0.12023        0.026647         0.14619        0.066835               
         C        249        VAL         0.29879        0.082394         0.38486        0.019776         0.40801         0.20077               
         C        250        GLN         0.20503        0.081436         0.14583        0.041996         0.33999        0.083504               
         C        251        LYS          1.0211         0.38512          1.3428         0.17038          1.6417         0.53247               
         C        252        SER          1.1382         0.21127          1.2288        0.044756          1.4766         0.87417               
         C        253        GLY          1.0308          0.0721               0               0          1.1502         0.96721               
         C        254        LYS          1.4911         0.91004          2.1097         0.78196          3.2027         0.50748               
         C        255        THR          0.8008          0.1935         0.98241         0.14718          1.1841         0.54959               
         C        256        GLY         0.40881        0.060225               0               0         0.47541         0.33354               
         C        257        THR         0.52916         0.24688         0.78797          0.1053         0.92623         0.19559               
         C        258        ILE         0.15554         0.12498        0.045734        0.038172         0.36639               0               
         C        259        THR         0.34666         0.16748         0.53096        0.045149         0.59412         0.14147               
         C        260        TYR         0.15731         0.06659         0.13549        0.051562         0.32084        0.083504               
         C        261        GLN         0.24916         0.20552         0.40647         0.13593         0.57601               0               
         C        262        ARG        0.096804         0.11194         0.15036         0.10856         0.35969               0               
         C        263        GLY       0.0030813        0.005337               0               0        0.012325               0               
         C        264        ILE               0               0               0               0               0               0               
         C        265        LEU         0.01179        0.012815        0.023581       0.0071002        0.034989               0               
         C        266        LEU        0.013553        0.023921        0.004322        0.004322        0.075105               0               
         C        267        PRO        0.050279        0.064962       0.0094709       0.0080917         0.17037               0               
         C        268        GLN         0.28642          0.1049         0.35468        0.088314         0.49934         0.13215               
         C        269        LYS         0.54581         0.45213         0.82712         0.43174          1.5216         0.10509               
         C        270        VAL        0.061382        0.060152        0.014906        0.010629         0.16057       0.0013614               
         C        271        TRP        0.040989        0.026364        0.042929        0.027109        0.092036               0               
         C        272        CYS         0.21766         0.05872         0.26122        0.022931         0.28415         0.12755               
         C        273        ALA         0.21746        0.061362         0.15574               0         0.30838         0.15574               
         C        274        SER         0.57287          0.1515         0.75731        0.055611         0.81292         0.33999               
         C        275        GLY         0.81357        0.080557               0               0         0.91295          0.7017               
         C        276        ARG           1.701          1.0376          2.1874            1.02           3.623         0.78953               
         C        277        SER         0.44806          0.1311         0.28136        0.014796         0.61266         0.26656               
         C        278        LYS         0.97421         0.58767          1.3845         0.48226          1.9198         0.29615               
         C        279        VAL          0.4242        0.096654         0.37172        0.033518         0.65105         0.32716               
         C        280        ILE         0.34987        0.049713          0.3639         0.06027          0.4676         0.29013               
         C        281        LYS         0.78636          0.3405          1.0562         0.21009          1.2551         0.41519               
         C        282        GLY         0.42787         0.11415               0               0         0.57601         0.29615               
         C        283        SER         0.78015         0.12939         0.89007        0.077146         0.96721          0.5671               
         C        284        LEU         0.94587         0.33872         0.72716         0.15154          1.5923         0.58501               
         C        285        PRO          1.5924         0.46616          2.0853         0.20963          2.3021          1.0395               
         C        286        LEU         0.72587         0.36419         0.40187         0.13224          1.3507         0.29013               
         C        287        ILE          1.6441         0.44767          2.0471         0.21475          2.3021          1.0395               
         C        288        GLY          1.3104          0.2888               0               0          1.5923          0.9397               
         C        289        GLU          1.3786         0.45473          1.6983         0.35877          2.2633         0.82485               
         C        290        ALA         0.52873        0.081853         0.37315               0         0.60334         0.37315               
         C        291        ASP         0.88451         0.21829          1.0788         0.13171          1.1841         0.62209               
         C        292        CYS         0.29583        0.085024         0.32418        0.015802         0.41519         0.16545               
         C        293        LEU        0.087732        0.059483        0.037138        0.014952         0.19046        0.019769               
         C        294        HIS         0.21028        0.068123         0.23208        0.069035         0.33999         0.11846               
         C        295        GLU         0.64203         0.22369         0.79898         0.16977         0.99552         0.33999               
         C        296        LYS         0.92542         0.41764          1.2058         0.36029          1.6417         0.45988               
         C        297        TYR         0.50566         0.10548         0.53852         0.11315          0.7122         0.40089               
         C        298        GLY         0.21317        0.085068               0               0         0.33354         0.11396               
         C        299        GLY         0.28916        0.051886               0               0         0.37315         0.23279               
         C        300        LEU         0.23556        0.077188         0.18248        0.049585         0.36639          0.1007               
         C        301        ASN         0.92604          0.3313          1.2021         0.23205          1.5923         0.45224               
         C        302        LYS          1.1912         0.26474          1.2378         0.27973          1.7194         0.89984               
         C        303        SER          1.1909         0.16611          1.2543          0.1369           1.412          0.9397               
         C        304        LYS          1.0364         0.31522           1.189         0.34369          1.6671         0.72284               
         C        305        PRO         0.93518         0.11593          1.0456         0.04593          1.0855         0.76673               
         C        306        TYR         0.82535         0.41032         0.99799         0.39946          1.8304         0.39385               
         C        307        TYR          0.2763        0.084046         0.23369        0.062443         0.42978         0.18033               
         C        308        THR           0.623        0.089572         0.71311        0.039232         0.75555         0.47541               
         C        309        GLY         0.74809        0.080154               0               0         0.87417         0.66094               
         C        310        GLU          1.2505          0.5064          1.6098         0.39777          2.2253         0.62209               
         C        311        HIS          1.1202         0.24444          1.1674         0.25357          1.5447         0.80115               
         C        312        ALA         0.83484         0.14571         0.96721               0         0.98127         0.57601               
         C        313        LYS          1.3133         0.68476          1.7941         0.54373          2.6497          0.4676               
         C        314        ALA         0.48789         0.10932         0.35306               0         0.67095         0.35306               
         C        315        ILE          0.3687         0.12525         0.37207         0.16811         0.64128         0.22733               
         C        316        GLY         0.73863         0.13295               0               0         0.88692         0.54959               
         C        317        ASN          1.1032         0.29355          1.3528         0.16851          1.5923         0.67095               
         C        318        CYS         0.63017         0.12646         0.49235        0.040117         0.83693         0.45224               
         C        319        PRO         0.32943        0.088713         0.25513        0.048815         0.45224         0.19046               
         C        320        ILE         0.96634         0.50194          1.4104         0.32021          1.9198         0.42245               
         C        321        TRP         0.96889         0.38794          1.0914         0.38294          1.7194          0.4833               
         C        322        VAL         0.80457         0.07712         0.80634        0.048024         0.89984         0.65105               
         C        323        LYS            2.68          1.5791          3.7389           1.398          6.1122          1.2014               
         C        324        THR          1.3637         0.44588          1.7224         0.43936          2.3419         0.82485               
         C        325        PRO         0.95951          0.1778          1.1237         0.11428          1.2369         0.72284               
         C        326        LEU         0.71186         0.10717         0.78959          0.1036         0.95336         0.62209               
         C        327        LYS         0.70549          0.1044         0.77974         0.08473         0.91295         0.60334               
         C        328        LEU          1.1961         0.37797          1.5216         0.26258          1.8596         0.75555               
         C        329        ALA         0.95795         0.20608         0.69132               0          1.2924         0.69132               
         C        330        ASN           1.718         0.57161          2.2063         0.40409          2.6984          1.0395               
         C        331        GLY          1.2215        0.074645               0               0          1.2924          1.1174               
         C        332        THR          1.2648         0.34199          1.5631         0.30367          1.9825         0.91295               
         C        333        LYS          1.3269          0.4038          1.5456          0.4102          2.1882         0.88692               
         C        334        TYR          1.5722         0.36903          1.7089         0.36083          2.4244          1.0395               
         C        335        ARG           2.357         0.64888          2.6321         0.65518          3.8663          1.5216               
         C        336        PRO          2.9578         0.43819          3.0006         0.37718          3.4738          2.2633               
         C        337        PRO          4.3818         0.77873          4.0138         0.38406          5.6042          3.4738               
         C        338        ALA          9.5273          2.6488               0               0          12.869          5.9344               
