pdb_id: 
analysis type: unbound
radii_file: F:\psiafrombintisolah\PSAIA-1.0\amac_data\chothia.radii
CX_sRadius: 11
CX_vAtom: 20.1

  chain id|    res id|  res name|     average CX|       s_avg CX|    s-ch avg CX|  s-ch s_avg CX|         max CX|         min CX|               
         A          6        THR          3.2932         0.88708          2.6766         0.20303          5.0299          2.5111               
         A          7        ARG          3.1631          1.1014          3.8562         0.64963          4.9016          1.3912               
         A          8        VAL         0.94664         0.24824         0.71277        0.031398          1.3507         0.68107               
         A          9        PHE         0.76193         0.15654         0.80708         0.14089         0.99552         0.44467               
         A         10        LYS          1.0924         0.48239           1.356         0.48928          2.1166         0.60334               
         A         11        LYS         0.64138         0.13247         0.72443         0.10063         0.86159         0.39385               
         A         12        ALA         0.72426        0.077878         0.81292               0         0.81292         0.61266               
         A         13        SER         0.61691         0.21093         0.41956        0.032675         0.91295         0.38689               
         A         14        PRO          1.3743         0.26287          1.3111         0.23815          1.8018            1.01               
         A         15        ASN         0.95709         0.24528         0.75728         0.18717          1.2551         0.57601               
         A         16        GLY          0.7299          0.1775               0               0         0.98127          0.5583               
         A         17        LYS         0.38297         0.12277         0.42978               0         0.54098         0.20599               
         A         18        LEU         0.12667          0.1255        0.018776        0.032521         0.34649               0               
         A         19        THR         0.32314         0.15385         0.49067        0.055463          0.5583         0.13215               
         A         20        VAL          0.1239        0.087708        0.033993          0.0173         0.27237        0.012325               
         A         21        TYR         0.32462         0.21496         0.43872         0.17211         0.76673        0.046706               
         A         22        LEU          0.1763         0.12034         0.07992        0.065642         0.38689        0.019769               
         A         23        GLY         0.45255         0.16992               0               0          0.7122         0.24945               
         A         24        LYS         0.47021        0.098921         0.54407        0.045687         0.59412         0.27824               
         A         25        ARG         0.44208         0.11798          0.5085        0.084422         0.68107         0.23829               
         A         26        ASP         0.36263        0.081117          0.4186        0.071382         0.54098         0.26656               
         A         27        PHE         0.19565        0.048424         0.16682        0.028013         0.29615         0.13215               
         A         28        VAL         0.38206        0.053222         0.43245        0.017285         0.44467         0.30224               
         A         29        ASP         0.30075        0.045188         0.29457        0.043357         0.35969         0.23829               
         A         30        HIS          0.7932         0.12971         0.85974        0.020697         0.91295          0.4676               
         A         31        ILE         0.82322         0.16887         0.88652         0.13257          1.0855         0.53247               
         A         32        ASP          1.8395         0.48846          2.2643         0.31147          2.6984          1.2369               
         A         33        LEU          1.2528         0.40119          1.5746         0.29454           2.082          0.7122               
         A         34        VAL         0.45646         0.15684         0.29455        0.055144         0.65105         0.21657               
         A         35        ASP         0.51827         0.10804         0.59736        0.073588         0.72284         0.32716               
         A         36        PRO         0.57437         0.15891          0.7451        0.032037         0.77806         0.36639               
         A         37        VAL         0.14704        0.088826        0.055802        0.034756         0.29013        0.016033               
         A         38        ASP         0.31895         0.10496         0.40882        0.061096         0.49934         0.18033               
         A         39        GLY         0.11911        0.026977               0               0         0.14619        0.079288               
         A         40        VAL        0.061188        0.054197         0.12038        0.021905         0.15094               0               
         A         41        VAL        0.033045        0.039066               0               0         0.10951               0               
         A         42        LEU          0.2797          0.1676         0.42984         0.10047         0.53247          0.1007               
         A         43        VAL         0.26175         0.16528         0.15463        0.077879         0.60334        0.058691               
         A         44        ASP          0.9992          0.3702          1.3042         0.25942          1.6417         0.45988               
         A         45        PRO          1.4232         0.27542          1.4449         0.20841          1.8304            1.01               
         A         46        GLU          2.7286         0.73067          3.1964         0.61771          4.3342          1.6671               
         A         47        TYR          1.7071         0.60897          1.9253         0.63326            3.14            1.07               
         A         48        LEU         0.80678         0.28171         0.57606         0.10244          1.3309         0.42978               
         A         49        LYS          1.6114         0.31877          2.1166               0          2.1166           1.167               
         A         50        GLU         0.82838         0.20172         0.68438         0.15269          1.1013          0.4833               
         A         51        ARG           1.103         0.25436          1.5923               0          1.5923         0.89984               
         A         52        ARG         0.80982         0.40505          1.0236         0.34599          1.6417         0.28415               
         A         53        VAL        0.098648         0.07541        0.029845        0.021647         0.23829               0               
         A         54        TYR         0.33603         0.21436          0.4613         0.14608          0.7017        0.042771               
         A         55        VAL         0.10406        0.082486        0.031484         0.01879         0.26656        0.008644               
         A         56        THR         0.25554        0.099358         0.35357        0.059927         0.41519         0.11396               
         A         57        LEU         0.17196        0.096743        0.094961        0.044529         0.36639        0.027323               
         A         58        THR         0.24734        0.091235         0.34268         0.02658         0.37315         0.12298               
         A         59        CYS         0.19446        0.062386         0.13994         0.03043         0.31458         0.10951               
         A         60        ALA         0.17284         0.06249         0.24945               0         0.24945        0.062748               
         A         61        PHE         0.25413        0.058775         0.24604        0.042118         0.39385         0.18537               
         A         62        ARG         0.42888          0.1096         0.46648         0.11696         0.69132         0.29013               
         A         63        TYR          0.7365         0.20856         0.83206         0.19006          1.1841         0.45988               
         A         64        GLY         0.70319         0.15865               0               0         0.92623         0.53247               
         A         65        ARG          1.5749         0.19694           1.687        0.062205          1.8018          1.0395               
         A         66        GLU          3.6748          1.3051          4.6319         0.89407          5.7653          1.8304               
         A         67        ASP          3.2465         0.46225          3.3047         0.53141          3.8663          2.5111               
         A         68        LEU          2.2286         0.23829          2.1673         0.28786          2.6497          1.8893               
         A         69        ASP          3.2857         0.37387          3.7824               0          3.7824          2.9625               
         A         70        VAL          2.2811         0.44551          2.6752         0.29875          2.9625          1.5683               
         A         71        LEU          2.3765         0.36358          3.0791               0          3.0791          2.0481               
         A         72        GLY            1.34          0.1005               0               0          1.4989          1.2369               
         A         73        LEU          1.2719         0.32819          1.5445         0.21231          1.8596         0.80115               
         A         74        THR         0.79132         0.11061         0.70416        0.065098         0.98127         0.63163               
         A         75        PHE          1.0985         0.29726          1.2847         0.19355          1.5447         0.63163               
         A         76        ARG         0.48673         0.20936         0.35714         0.11576         0.91295         0.20599               
         A         77        LYS          1.0696         0.53504          1.4033         0.50635          2.2253         0.50748               
         A         78        ASP         0.85394         0.17296         0.93889         0.17527          1.1841         0.66094               
         A         79        LEU         0.48883         0.16829           0.342        0.081975         0.76673         0.21125               
         A         80        PHE         0.55848         0.10709         0.55606         0.11934         0.75555         0.39385               
         A         81        VAL         0.93245         0.16181         0.90894        0.026902          1.3115         0.77806               
         A         82        ALA         0.61134        0.096035         0.66094               0          0.7017         0.42978               
         A         83        ASN         0.88827         0.25514          1.0822         0.21293          1.3115         0.60334               
         A         84        VAL         0.34467        0.079162         0.34493        0.061842         0.44467         0.22193               
         A         85        GLN          0.5321         0.21481         0.68346         0.17359         0.87417         0.29013               
         A         86        SER         0.22682         0.10724         0.10155        0.030599         0.39385        0.070954               
         A         87        PHE         0.46807         0.16761         0.51316         0.18839         0.78953         0.23279               
         A         88        PRO         0.97375         0.23455          1.2079         0.16044          1.3309         0.69132               
         A         89        PRO          1.0357           0.139          1.0358        0.049646          1.3309         0.88692               
         A         90        ALA          1.4433         0.37611          1.2736               0           2.015         0.95336               
         A         91        PRO           2.922         0.48631          2.7693         0.44444          3.7013          2.1882               
         A         92        GLU          4.3704          1.0337           5.113         0.77706          5.9344            3.14               
         A         93        ASP           1.987         0.39009          1.7382         0.34086          2.6023          1.3912               
         A         94        LYS          3.4974          0.7354          4.0013         0.59442          5.0299          2.6023               
         A         95        LYS          1.7724         0.29236          1.5736         0.22711          2.1166          1.2924               
         A         96        PRO          2.4365         0.65624          3.1197          0.0287            3.14           1.412               
         A         97        LEU          1.1453         0.28606         0.91118        0.097705          1.6417         0.82485               
         A         98        THR         0.93554         0.21268         0.70635        0.087746          1.2014         0.58501               
         A         99        ARG          1.5845         0.34153          2.2253               0          2.2253          1.2924               
         A        100        LEU         0.53671         0.18693         0.42509         0.08009         0.96721         0.32084               
         A        101        GLN         0.44601        0.073775         0.42161        0.084797         0.54959         0.32716               
         A        102        GLU          1.4392         0.50631          1.8264         0.33299          2.2633         0.76673               
         A        103        ARG          1.3936         0.44957          1.6585         0.34247           2.082         0.73361               
         A        104        LEU         0.34319         0.15433         0.19834         0.04105          0.5583         0.12755               
         A        105        ILE          0.6687         0.20771         0.60849         0.21331         0.95336         0.34649               
         A        106        LYS          2.1106         0.59183          2.4648         0.43151          3.0791         0.99552               
         A        107        LYS          1.4049         0.27523          1.2155         0.12209          1.9825         0.99552               
         A        108        LEU         0.81438         0.30272         0.53218         0.13195          1.2014         0.31458               
         A        109        GLY          1.1464          0.1603               0               0          1.3115         0.88692               
         A        110        GLU          1.3843         0.32666          1.9508               0          1.9508            1.01               
         A        111        HIS          1.0996         0.49108          1.3984         0.36444          1.8018         0.38689               
         A        112        ALA         0.34522        0.072853         0.36639               0         0.45224          0.2551               
         A        113        TYR         0.42881         0.27574         0.56434          0.2375         0.96721        0.062748               
         A        114        PRO         0.16136        0.070813         0.24209        0.011404          0.2551        0.087753               
         A        115        PHE        0.082491        0.057539        0.052517        0.049202         0.16057               0               
         A        116        THR         0.41486         0.12074         0.51347        0.097289         0.65105         0.24945               
         A        117        PHE         0.31515         0.10799            0.25        0.075153         0.49127         0.13215               
         A        118        GLU         0.92327         0.25838           1.142         0.10422          1.2924         0.59412               
         A        119        ILE         0.28096         0.18166         0.11191         0.06143          0.5583        0.016033               
         A        120        PRO         0.79092         0.19973         0.90891         0.20806          1.1841         0.52405               
         A        121        PRO         0.96299          0.2194          1.1826         0.14422          1.3115          0.7017               
         A        122        ASN         0.86698         0.37412          1.1908         0.25882          1.6168         0.44467               
         A        123        LEU         0.33483         0.13761         0.41709         0.13602         0.62209         0.18033               
         A        124        PRO           0.129         0.05558         0.17599        0.027718         0.19559        0.050671               
         A        125        CYS        0.032443       0.0048014        0.029232       0.0019095        0.038866        0.027323               
         A        126        SER        0.058146        0.029317        0.098527       0.0021753          0.1007        0.031142               
         A        127        VAL        0.032689        0.026187        0.013409        0.018009        0.079288               0               
         A        128        THR         0.11243        0.033515          0.1144        0.021932         0.16057        0.058691               
         A        129        LEU         0.23403        0.048678         0.24978        0.061543         0.31458         0.15094               
         A        130        GLN         0.37558          0.1055         0.36715        0.067935         0.60334         0.26081               
         A        131        PRO         0.56091         0.15311          0.4579        0.089982         0.77806         0.33999               
         A        132        GLY          1.3705         0.23331               0               0          1.6168         0.99552               
         A        133        PRO          2.4963         0.24064          2.5189          0.1639          2.8525           2.152               
         A        134        GLU          2.9178         0.63913          3.9532               0          3.9532          2.1882               
         A        135        ASP          1.3734         0.37683            1.03         0.13162           2.015         0.81292               
         A        136        THR          2.0065         0.44341           2.473         0.26444          2.7997          1.5683               
         A        137        GLY          1.0548         0.15419               0               0          1.2551         0.87417               
         A        138        LYS          0.7784         0.23298         0.90442         0.21152          1.1502         0.45988               
         A        139        ALA         0.27778         0.08587         0.29013               0         0.43719         0.19559               
         A        140        CYS         0.21252        0.061884         0.29398        0.033179         0.32716         0.15574               
         A        141        GLY         0.14919        0.026879               0               0         0.18537         0.10951               
         A        142        VAL        0.059007        0.018247        0.053675        0.018933        0.087753        0.027323               
         A        143        ASP        0.049762        0.033716        0.080573        0.015968         0.10509       0.0013614               
         A        144        TYR        0.026349        0.032212        0.021319        0.022804         0.10951               0               
         A        145        GLU         0.24901         0.11988         0.33398         0.09192         0.41519        0.079288               
         A        146        VAL        0.072765        0.060902        0.012955        0.018321         0.16057               0               
         A        147        LYS          0.2719         0.14623         0.38219          0.1023         0.51572        0.092036               
         A        148        ALA        0.032185        0.029823               0               0        0.079288               0               
         A        149        PHE         0.14166        0.097758           0.207        0.055438         0.29013               0               
         A        150        CYS         0.16236        0.095387         0.10211        0.039361         0.33354        0.062748               
         A        151        ALA         0.49538          0.1189         0.51572               0         0.61266         0.26656               
         A        152        GLU          1.0467         0.18216          1.3309               0          1.3309         0.78953               
         A        153        ASN          1.2287         0.23926          1.6671               0          1.6671          0.9397               
         A        154        LEU          1.1989         0.32685         0.95234         0.18974           1.693         0.66094               
         A        155        GLU          3.4695         0.97795           4.229         0.60803          4.9016          2.1166               
         A        156        GLU          1.6022         0.22933          1.5779         0.27063          1.9508          1.2369               
         A        157        LYS          1.8022         0.38863          2.4672               0          2.4672           1.412               
         A        158        ILE         0.87108         0.30318         0.59059        0.072711          1.3707         0.49934               
         A        159        HIS           1.499         0.51224          1.8301         0.37553          2.3021         0.72284               
         A        160        LYS          1.3031         0.35443          1.5726         0.21913          1.8304         0.78953               
         A        161        ARG          1.8476         0.83721          2.3939         0.51544            3.14         0.67095               
         A        162        ASN         0.46481         0.17978         0.55842         0.11509          0.7017         0.17037               
         A        163        SER         0.36067        0.096153         0.39405         0.12167         0.51572         0.27237               
         A        164        VAL         0.22343         0.05195          0.1962        0.051966         0.29615         0.12298               
         A        165        ARG         0.56323         0.19725         0.68106         0.14042         0.83693         0.28415               
         A        166        LEU         0.27569        0.086905         0.32399        0.093579         0.47541         0.16057               
         A        167        VAL         0.28056        0.054352         0.29628        0.071991         0.35969         0.19559               
         A        168        ILE         0.11361        0.063531        0.059099        0.043404         0.18537               0               
         A        169        ARG         0.19776         0.09345         0.24857        0.079729         0.42245        0.075105               
         A        170        LYS        0.073664        0.020746        0.061509        0.020261        0.096352        0.031142               
         A        171        VAL         0.10729        0.032736         0.10825        0.043954         0.17037        0.075105               
         A        172        GLN         0.16937        0.037371         0.18239        0.035369         0.23829         0.11846               
         A        173        TYR         0.36772        0.050677         0.39308        0.037048          0.4676         0.26081               
         A        174        ALA         0.44472        0.094939         0.40089               0         0.59412         0.34649               
         A        175        PRO         0.77949         0.20543         0.67893         0.15439            1.07         0.47541               
         A        176        GLU          1.9155         0.40483          1.9706         0.47495          2.7483          1.3707               
         A        177        ARG          2.5699         0.58557           3.623               0           3.623          1.9508               
         A        178        PRO          1.8331         0.34084          1.8729         0.43022          2.2633          1.2736               
         A        179        GLY           1.444         0.11898               0               0          1.6417          1.3507               
         A        180        PRO          1.8096         0.45461          2.2553         0.12253          2.3419          1.0855               
         A        181        GLN          1.2526         0.19325          1.2983         0.22444           1.693         0.99552               
         A        182        PRO         0.54592        0.098176         0.47558        0.064996          0.7122         0.42245               
         A        183        THR         0.93263         0.21549          1.1453         0.11558          1.2924         0.66094               
         A        184        ALA         0.63449        0.066779         0.64128               0          0.7017         0.50748               
         A        185        GLU          1.5243         0.65761          1.9395         0.60608          2.9067         0.84918               
         A        186        THR         0.77571         0.13657         0.79704         0.16296         0.98127         0.58501               
         A        187        THR          1.0195          0.1666          1.0968        0.039818          1.2924         0.78953               
         A        188        ARG         0.73113         0.17783         0.79395         0.19361          1.0395          0.4833               
         A        189        GLN           1.475         0.53856          1.8706         0.40679          2.4672         0.91295               
         A        190        PHE         0.56567         0.35323         0.32165         0.10331          1.2736         0.18033               
         A        191        LEU          1.8212           0.575          2.1878         0.52383          2.9067         0.99552               
         A        192        MET          1.9503         0.61626          2.3299         0.64903          3.2027          1.2369               
         A        193        SER          1.2802         0.35032         0.83278         0.12058          1.6671          0.7122               
         A        194        ASP          1.9748         0.31424          2.5561               0          2.5561          1.6671               
         A        195        LYS          1.0567         0.14972          1.1013               0          1.2551         0.83693               
         A        196        PRO         0.85189         0.28865          1.1358        0.067121           1.219         0.44467               
         A        197        LEU         0.15683         0.11867          0.0489        0.041118         0.32084               0               
         A        198        HIS         0.64791         0.32366         0.88642          0.1723          1.0855         0.23279               
         A        199        LEU         0.24225         0.14136          0.1227        0.060007         0.50748        0.054666               
         A        200        GLU         0.65888         0.35154         0.94122         0.19346          1.1502         0.21125               
         A        201        ALA         0.26721         0.11212         0.10951               0         0.44467         0.10951               
         A        202        SER         0.38682         0.14779         0.59019        0.031895         0.62209         0.22733               
         A        203        LEU          0.2416         0.16485          0.1044        0.040744         0.54959        0.046706               
         A        204        ASP         0.68676         0.15486         0.67265         0.13626          0.9397         0.45988               
         A        205        LYS         0.66466         0.21583         0.80303          0.1887          1.1502         0.37315               
         A        206        GLU         0.49432         0.13619         0.59857         0.06463          0.7017         0.26656               
         A        207        ILE         0.39405         0.11555          0.4786         0.10455         0.64128         0.26656               
         A        208        TYR         0.21822        0.060081         0.21624        0.072427         0.32084         0.10509               
         A        209        TYR         0.62821         0.20405         0.74086         0.15559            1.01         0.37315               
         A        210        HIS         0.41891         0.19798         0.29808          0.1097         0.83693         0.17533               
         A        211        GLY         0.93748         0.28761               0               0          1.3707         0.59412               
         A        212        GLU         0.78189         0.12369         0.80875         0.10013         0.99552         0.52405               
         A        213        PRO          1.0364          0.3109          1.3475         0.15251          1.5216         0.64128               
         A        214        ILE         0.23434         0.15796        0.088344        0.042131         0.50748        0.027323               
         A        215        SER         0.53028         0.25898         0.87554         0.11998         0.99552         0.28415               
         A        216        VAL         0.17724         0.11691        0.048432        0.020539         0.32084        0.019769               
         A        217        ASN         0.56578         0.25706         0.79247         0.14698          1.0247         0.24384               
         A        218        VAL         0.25733         0.15676         0.10087        0.042754         0.53247        0.062748               
         A        219        HIS         0.74288         0.37092          1.0154         0.19634          1.2924         0.26081               
         A        220        VAL         0.20514         0.16619        0.042546        0.033535         0.49934       0.0013614               
         A        221        THR         0.53152         0.19441         0.74056        0.075686         0.82485         0.27824               
         A        222        ASN         0.35733         0.13827         0.26818        0.045076         0.68107         0.20077               
         A        223        ASN         0.79236         0.19116         0.94211         0.10494          1.0395         0.43719               
         A        224        THR         0.47607         0.17013          0.2971        0.035251         0.74451         0.26656               
         A        225        ASN         0.99992         0.30746          1.2618          0.2098          1.5216         0.64128               
         A        226        LYS         0.38436         0.10506         0.31273        0.088339         0.50748         0.22733               
         A        227        THR         0.64243         0.21287         0.86527         0.12358          1.0395         0.39385               
         A        228        VAL         0.23962         0.15538        0.094126        0.026656         0.50748        0.058691               
         A        229        LYS         0.93474          0.3914          1.1475         0.39117          1.7738         0.45988               
         A        230        LYS         0.83731         0.46754          1.1545          0.3984          1.8596         0.30838               
         A        231        ILE         0.21554          0.1207         0.11415        0.038158         0.41519        0.062748               
         A        232        LYS         0.59501         0.37551         0.85933         0.30696          1.3309         0.19046               
         A        233        ILE         0.15471         0.09344         0.08695        0.050586         0.33354        0.016033               
         A        234        SER         0.19285         0.09053         0.31485        0.018695         0.33354        0.087753               
         A        235        VAL        0.080335        0.069525        0.020761         0.01468         0.21657               0               
         A        236        ARG          0.3964         0.23239         0.53947         0.16702         0.77806         0.10951               
         A        237        GLN        0.094719        0.089051        0.029287        0.032519         0.28415               0               
         A        238        TYR         0.45044         0.17908         0.54712         0.13396         0.74451         0.16545               
         A        239        ALA         0.43221         0.11202         0.30224               0         0.63163         0.30224               
         A        240        ASP          0.6301         0.14156         0.75123        0.046631         0.82485         0.41519               
         A        241        ILE         0.60225         0.21046         0.43364        0.054676          1.0395         0.38689               
         A        242        CYS         0.90063         0.14702          1.0104        0.029136          1.0855         0.69132               
         A        243        LEU         0.75849         0.29797         0.49669         0.10904          1.2551         0.40089               
         A        244        PHE          1.9532         0.45253          1.8893               0          2.6497          1.2924               
         A        245        ASN          3.4903          1.3831          4.7814         0.58033          5.4506           1.693               
         A        246        THR          2.1252         0.33028          2.0769         0.30794          2.6497          1.7738               
         A        247        ALA          1.3913         0.21528          1.6168               0          1.6168          1.0395               
         A        248        GLN          1.4332         0.18054          1.4547               0          1.7463          1.2369               
         A        249        TYR         0.60769         0.26377         0.49517          0.2324         0.99552         0.18537               
         A        250        LYS          1.0554         0.39303          1.3084         0.35014          1.8893         0.61266               
         A        251        CYS         0.42106        0.089182          0.4277        0.047712         0.53247          0.2551               
         A        252        PRO         0.48484         0.15288         0.63532         0.10409         0.73361         0.29615               
         A        253        VAL         0.18446         0.12067        0.063198        0.021939         0.38689        0.038866               
         A        254        ALA         0.32431        0.035711         0.29615               0         0.38689         0.29013               
         A        255        MET         0.81267         0.32294          1.0109         0.33309          1.4989         0.49127               
         A        256        GLU         0.71788         0.12739         0.78744         0.11396         0.98127         0.54959               
         A        257        GLU          1.3622         0.31912          1.5578         0.25838          1.8304         0.99552               
         A        258        ALA         0.75706         0.10122         0.59412               0         0.89984         0.59412               
         A        259        ASP          1.6185         0.46312          2.0155          0.3285          2.5561          1.1502               
         A        260        ASP         0.75433         0.19944         0.83926         0.21752          1.2014         0.47541               
         A        261        THR         0.82834         0.18884          1.0081         0.12734          1.1841          0.5583               
         A        262        VAL         0.35484         0.11579          0.2312        0.050933         0.49934         0.18537               
         A        263        ALA         0.91297         0.22666          1.3507               0          1.3507         0.73361               
         A        264        PRO          1.1499         0.17379          1.2137        0.036158          1.4547         0.92623               
         A        265        SER          1.5333           0.311          1.7077        0.066042           2.015          1.0855               
         A        266        SER         0.99887         0.17003          1.1308         0.10613          1.2369         0.69132               
         A        267        THR           1.126         0.24915          1.3426         0.21257          1.6417         0.83693               
         A        268        PHE         0.59081         0.14309         0.56542         0.17113         0.84918         0.35306               
         A        269        CYS          1.1121          0.2105          1.2564        0.055035          1.3912         0.83693               
         A        270        LYS         0.91522         0.19719          1.0288         0.17852          1.2369         0.61266               
         A        271        VAL          1.0307         0.16025          1.1674         0.11631          1.3309         0.80115               
         A        272        TYR         0.39725         0.10557         0.34571        0.089554         0.54959         0.23279               
         A        273        THR          0.8744         0.21274          1.1088        0.068103          1.2014         0.63163               
         A        274        LEU         0.39491        0.092758         0.33739         0.08772         0.49127         0.24945               
         A        275        THR         0.71994         0.20959         0.94514         0.10402          1.0855         0.47541               
         A        276        PRO         0.22488         0.10835           0.117        0.059327         0.35969        0.070954               
         A        277        PHE          1.0194         0.46548          1.3247         0.28445          1.7463         0.41519               
         A        278        LEU           0.564         0.18931         0.40991        0.070909         0.87417         0.29615               
         A        279        ALA          1.7155         0.37834          2.2253               0          2.2253           1.167               
         A        280        ASN          1.2544         0.16973          1.1968         0.19655          1.4989         0.95336               
         A        281        ASN         0.59795         0.18175         0.46746        0.051095         0.99552         0.39385               
         A        282        ARG          1.0768         0.17326          1.1203         0.18975          1.4766         0.82485               
         A        283        GLU          1.4482          0.2088          1.5287         0.20161          1.7738          1.1841               
         A        284        LYS         0.71773         0.10701         0.70966         0.10161         0.86159         0.54959               
         A        285        ARG          1.2098         0.28687          1.3562         0.26477          1.8596         0.92623               
         A        286        GLY         0.51181         0.19452               0               0         0.77806         0.29013               
         A        287        LEU         0.16192        0.067657         0.13978        0.046388         0.29615        0.092036               
         A        288        ALA        0.047023        0.018245        0.023532               0        0.075105        0.023532               
         A        289        LEU         0.14147        0.036872         0.16981        0.028312         0.21657        0.087753               
         A        290        ASP         0.13347        0.028705          0.1409        0.025945         0.16057        0.083504               
         A        291        GLY         0.15997        0.045734               0               0         0.20599        0.096352               
         A        292        LYS         0.33301        0.082184         0.39511        0.042528         0.47541         0.18537               
         A        293        LEU         0.59015         0.12072         0.66436         0.12105         0.86159         0.43719               
         A        294        LYS          1.4756         0.53181          1.8845         0.34774          2.2633         0.82485               
         A        295        HIS          1.1893         0.19003          1.1716         0.23963          1.4989         0.82485               
         A        296        GLU           1.307         0.34431          1.2627         0.37193          1.8893         0.78953               
         A        297        ASP          1.3039         0.33937          1.4903         0.36548          2.0481         0.95336               
         A        298        THR         0.48902        0.092813         0.46378        0.075635         0.64128         0.37315               
         A        299        ASN         0.35025        0.084986         0.38189        0.069485         0.45224         0.23279               
         A        300        LEU        0.094923        0.061933        0.050358        0.026645         0.20077        0.012325               
         A        301        ALA        0.050193        0.018145        0.062748               0        0.066835        0.019769               
         A        302        SER        0.093549        0.029773         0.13232        0.013865         0.14619        0.058691               
         A        303        SER         0.13228        0.043372         0.15929        0.036303         0.19559        0.070954               
         A        304        THR         0.26845         0.10847         0.20577        0.043039         0.49934         0.15574               
         A        305        LEU         0.52117         0.07331         0.49034        0.039731         0.68107         0.42978               
         A        306        LEU          1.0448         0.27371         0.88424         0.17964          1.5216         0.67095               
         A        307        ARG          2.0947         0.48098          1.7194               0          2.7483          1.4989               
         A        308        GLU          5.2265          1.0237           5.304               0          6.4967          3.4028               
         A        312        ARG          3.1871         0.86981          4.4388               0          4.4388          1.9198               
         A        313        GLU           1.862         0.34031          1.9508               0          2.4672          1.4766               
         A        314        ILE         0.79387          0.1619         0.71096         0.12282          1.1174         0.51572               
         A        315        LEU         0.59391         0.21341         0.74382          0.1748         0.95336         0.31458               
         A        316        GLY         0.26692        0.064096               0               0         0.33999         0.19559               
         A        317        ILE         0.10342        0.024323         0.10195        0.013086         0.15574        0.070954               
         A        318        ILE         0.32075         0.11453         0.42725        0.039849         0.45988         0.14147               
         A        319        VAL         0.13721        0.082097        0.060371        0.018654         0.29013        0.034989               
         A        320        SER         0.25561         0.11225         0.39759        0.017602         0.41519         0.10509               
         A        321        TYR        0.058034        0.068935         0.01417         0.01532         0.21657               0               
         A        322        LYS         0.48274         0.36748         0.73763         0.30964          1.2369         0.10951               
         A        323        VAL        0.044964        0.056047               0               0         0.16545               0               
         A        324        LYS         0.38932         0.27818         0.59591         0.20524         0.92623        0.087753               
         A        325        VAL          0.1015         0.07728        0.029498        0.038243         0.23279               0               
         A        326        LYS         0.52511         0.32572         0.76377         0.24906          1.2014         0.18033               
         A        327        LEU        0.093513         0.09856       0.0068307        0.011831         0.27237               0               
         A        328        VAL         0.44968         0.14088         0.59639        0.060825         0.68107         0.23829               
         A        329        VAL         0.34609         0.13166         0.21961        0.038909         0.57601         0.16545               
         A        330        SER         0.60354        0.087147         0.68206        0.040777         0.72284          0.4833               
         A        331        ARG          1.1966         0.30218          1.3641         0.25666          1.7738         0.88692               
         A        332        GLY          1.2743         0.15371               0               0          1.5216          1.1013               
         A        333        GLY          1.9818          0.3882               0               0          2.6023          1.6168               
         A        334        LEU          2.9064         0.73281          3.3844         0.68151          4.4388          1.8596               
         A        335        LEU          2.0259          0.2682          1.9462         0.33396          2.5111          1.6417               
         A        336        GLY          2.0148         0.26102               0               0          2.3021          1.5923               
         A        337        ASP          2.3942         0.24682          2.4733         0.31515          2.9625           2.082               
         A        338        LEU          2.9709         0.54537          3.4354         0.37553          3.8663          2.3021               
         A        339        ALA          1.3907         0.22665          1.2736               0          1.8018          1.1337               
         A        340        SER          1.2024         0.18102          1.3324          0.0588          1.3912         0.92623               
         A        341        SER         0.49241         0.11074         0.40467        0.017781          0.7017         0.38689               
         A        342        ASP         0.63928         0.13726         0.73681         0.10422         0.91295         0.42978               
         A        343        VAL          0.2946        0.049698         0.25758        0.027277         0.36639         0.23829               
         A        344        ALA         0.47702         0.06954         0.51572               0         0.59412         0.40089               
         A        345        VAL          0.3516        0.074841         0.33297         0.10457         0.47541         0.22733               
         A        346        GLU         0.64088         0.18948         0.75572          0.1728            1.07         0.43719               
         A        347        LEU         0.23364        0.077119         0.19923        0.077446         0.31458          0.1007               
         A        348        PRO         0.48366         0.18789         0.68829        0.081331         0.80115         0.26081               
         A        349        PHE        0.089725        0.091167        0.027414         0.04447         0.23279               0               
         A        350        THR         0.16788        0.060981         0.22489        0.038247         0.27824        0.092036               
         A        351        LEU        0.060343        0.034892         0.03957        0.027004         0.12298       0.0013614               
         A        352        MET         0.21898        0.062539          0.1862        0.031382         0.33999         0.15574               
         A        353        HIS         0.47931        0.058728         0.48721        0.062304         0.57601         0.38689               
         A        354        PRO         0.82943         0.10824         0.91734         0.09146          1.0247         0.66094               
         A        355        LYS          1.1472          0.2063          1.1069           0.156          1.5683         0.84918               
         A        356        PRO          1.4217         0.44335          1.0645         0.23098          2.0481         0.81292               
         A        357        LYS          3.7709         0.79103          3.8663               0          5.0299          2.6023               
         A        358        GLU          3.9551         0.69296          5.1639               0          5.1639          3.2027               
         A        359        GLU           2.571         0.56148          2.9625               0          3.4028          1.9508               
         A        360        PRO          1.4151         0.29617          1.1798         0.16994          1.9198            1.01               
         A        361        PRO          1.3977         0.46635         0.86641         0.14357           2.082         0.72284               
