pdb_id: 
analysis type: unbound
radii_file: F:\psiafrombintisolah\PSAIA-1.0\amac_data\chothia.radii
CX_sRadius: 11
CX_vAtom: 20.1

  chain id|    res id|  res name|     average CX|       s_avg CX|    s-ch avg CX|  s-ch s_avg CX|         max CX|         min CX|               
         A          3        CYS          1.1333         0.10716          1.0958        0.071179          1.3507          1.0247               
         A          4        PRO         0.76681         0.18228         0.56874        0.050696          1.0247         0.50748               
         A          5        PRO          1.6098         0.44062           2.049         0.25912          2.3021            1.01               
         A          6        ARG          1.4726         0.31678          1.6406         0.26642          1.9508          1.0395               
         A          7        CYS         0.74905          0.2674         0.43858        0.044723          1.1841         0.39385               
         A          8        GLU          1.4357         0.49833          1.7993         0.33708          2.4244         0.76673               
         A          9        CYS         0.97706         0.30233         0.68163        0.030575          1.5447         0.65105               
         A         10        SER          1.3736           0.318          1.7716         0.17926          1.9508            1.01               
         A         11        ALA          1.6464         0.19483          1.8893               0          1.8893          1.3507               
         A         12        GLN           3.877          1.4815          5.1149         0.69419          5.9344          2.1166               
         A         13        ASP          1.9334         0.65685          2.4393           0.422          2.8525         0.92623               
         A         14        ARG          1.1111         0.53463          1.3727         0.46782           2.152         0.37315               
         A         15        ALA         0.52928         0.10359         0.68107               0         0.68107         0.40801               
         A         16        VAL          0.2386        0.047759         0.19697        0.041151         0.29615         0.16545               
         A         17        LEU         0.67032         0.21049         0.85059         0.13919          1.0395         0.41519               
         A         18        CYS         0.25578        0.056893         0.19303       0.0025656         0.33354         0.19046               
         A         19        HIS         0.75087         0.16184         0.82434         0.13155          1.0395         0.47541               
         A         20        ARG          1.2099         0.34524          1.3894          0.2659          1.7738         0.62209               
         A         21        LYS         0.73189         0.16178         0.73565         0.21145          1.0546          0.4676               
         A         22        ARG          1.7138          0.7456          2.1886         0.49764          3.0791         0.75555               
         A         23        PHE         0.48944         0.13231         0.42952         0.13215         0.62209         0.23279               
         A         24        VAL          1.0681         0.31384          1.4164         0.10308          1.5447         0.73361               
         A         25        ALA         0.67227         0.23673          1.0395               0          1.0395         0.37999               
         A         26        VAL         0.40119         0.16111         0.26622         0.04474          0.7122         0.21125               
         A         27        PRO         0.47727         0.16189         0.34559         0.13031          0.7017         0.21657               
         A         28        GLU          1.8819         0.62994           2.413         0.27119          2.7997          1.1174               
         A         29        GLY          1.1676         0.28369               0               0          1.4547         0.80115               
         A         30        ILE         0.51485         0.22234         0.31789        0.066053         0.87417         0.24945               
         A         31        PRO         0.63226         0.07298         0.65053        0.066441          0.7122         0.49934               
         A         32        THR           1.204         0.40151          1.6442         0.17335          1.8893         0.76673               
         A         33        GLU          1.1214         0.35851          1.3672         0.29863          1.9508         0.72284               
         A         34        THR         0.31776         0.11158          0.2175        0.056872         0.50748         0.14147               
         A         35        ARG         0.72165         0.42425         0.97745         0.31891          1.5216         0.22193               
         A         36        LEU         0.38105         0.19498         0.56046         0.10303         0.72284         0.16057               
         A         37        LEU        0.090086        0.066177        0.032437        0.018577         0.19559       0.0049895               
         A         38        ASP          0.3288         0.16084         0.47586         0.08226         0.61266         0.14147               
         A         39        LEU        0.059655        0.039612        0.024688        0.014705         0.12755       0.0049895               
         A         40        GLY         0.23341        0.075968               0               0         0.33354         0.12755               
         A         41        LYS         0.85497         0.52656          1.2071         0.46743          1.8596         0.34649               
         A         42        ASN         0.29607        0.068462         0.24013        0.048184         0.38689         0.18033               
         A         43        ARG         0.85675         0.40226          1.0922         0.31166          1.7463         0.32084               
         A         44        ILE         0.27488        0.076226          0.2092        0.047153         0.37315         0.13215               
         A         45        LYS          1.1416         0.58146          1.5783          0.4211          2.0481         0.54098               
         A         46        THR         0.69326          0.2347         0.94201         0.11675          1.1013         0.42245               
         A         47        LEU         0.25459         0.16038         0.10384        0.068693         0.45988        0.012325               
         A         48        ASN         0.89415         0.23964          1.0993         0.14666          1.3309          0.5671               
         A         49        GLN          1.4261          0.5138          1.7898         0.42008          2.3021         0.91295               
         A         50        ASP          1.0277          0.2528          1.2658         0.11972          1.4547         0.77806               
         A         51        GLU         0.50292        0.089759         0.49139         0.11032         0.65105         0.34649               
         A         52        PHE         0.19346         0.12644         0.10393        0.038897         0.42245        0.058691               
         A         53        ALA         0.78613          0.1487         0.98127               0         0.98127          0.5583               
         A         54        SER          0.8205          0.1198         0.91453           0.125          1.0395         0.67095               
         A         55        PHE         0.35272        0.097352         0.34468         0.10155         0.50748         0.22193               
         A         56        PRO         0.63721         0.17373         0.82066        0.083214         0.92623         0.43719               
         A         57        HIS         0.89165         0.43373          1.1738         0.33444          1.6671         0.37999               
         A         58        LEU         0.11438        0.089202        0.029732        0.022851          0.2551       0.0049895               
         A         59        GLU          0.5932          0.2956         0.81416         0.21563          1.0395         0.28415               
         A         60        GLU         0.48792         0.22913         0.67054          0.1385         0.86159         0.23829               
         A         61        LEU         0.11712        0.073653        0.052654        0.031891         0.24384       0.0013614               
         A         62        GLU         0.30596         0.14349         0.41606        0.096854         0.54959         0.14619               
         A         63        LEU        0.046215        0.037894        0.013661        0.013661         0.10951               0               
         A         64        ASN         0.25276        0.038287         0.27549        0.015613         0.29013         0.17533               
         A         65        GLU         0.61819         0.36176         0.87759         0.28868          1.3507         0.24945               
         A         66        ASN         0.16831         0.11322        0.070887        0.046295         0.36639        0.019769               
         A         67        ILE         0.62071         0.22143         0.80513          0.1529          1.0247         0.32084               
         A         68        VAL         0.22568         0.10949          0.1037       0.0090062         0.37999        0.092036               
         A         69        SER         0.73084         0.16107         0.92623               0         0.92623         0.49127               
         A         70        ALA         0.56963         0.15005         0.84918               0         0.84918         0.42978               
         A         71        VAL         0.35656         0.13969         0.22053        0.022165         0.60334         0.19559               
         A         72        GLU         0.99382         0.45297          1.3299         0.33532          1.8018         0.51572               
         A         73        PRO         0.89935         0.12957          1.0358        0.050112          1.0855         0.74451               
         A         74        GLY         0.53776        0.039928               0               0         0.57601          0.4833               
         A         75        ALA         0.32185        0.054896         0.31458               0         0.40089         0.26081               
         A         76        PHE        0.096788         0.08519        0.035957        0.020784         0.24945        0.008644               
         A         77        ASN         0.62555         0.19589         0.80108         0.10164          0.9397         0.33354               
         A         78        ASN         0.86969         0.29417          1.1136         0.22785          1.4547         0.57601               
         A         79        LEU         0.19977         0.10868         0.10434        0.051648         0.37999        0.016033               
         A         80        PHE          1.0209         0.34626          1.2129         0.28015           1.693         0.51572               
         A         81        ASN         0.78577         0.25034         0.99788         0.17917           1.219          0.4833               
         A         82        LEU         0.18574         0.12624        0.065155        0.038045         0.36639       0.0049895               
         A         83        ARG         0.69116         0.29515         0.88601         0.17935          1.1013         0.32084               
         A         84        THR         0.32593         0.13579         0.46902        0.077694         0.57601         0.18033               
         A         85        LEU         0.11454        0.062591        0.066155        0.019248         0.24384        0.042771               
         A         86        GLY         0.12479        0.027583               0               0         0.17037        0.096352               
         A         87        LEU        0.075034          0.0668        0.014518         0.01882         0.19046       0.0013614               
         A         88        ARG         0.48401         0.18634         0.60482         0.11947         0.76673         0.24945               
         A         89        SER         0.40201         0.12401         0.56007        0.052587         0.61266         0.27824               
         A         90        ASN         0.19169        0.091929         0.10644        0.016614         0.33999        0.087753               
         A         91        ARG         0.86843         0.45448          1.1118         0.39472          1.8893         0.29615               
         A         92        LEU         0.21603         0.11578         0.10774        0.054187         0.35969        0.034989               
         A         93        LYS          1.0751         0.56322          1.4843         0.43936           2.015         0.53247               
         A         94        LEU         0.84483         0.35191          1.1572         0.21454          1.5216         0.43719               
         A         95        ILE         0.31012         0.16454         0.15891         0.07928         0.50748        0.042771               
         A         96        PRO         0.89165         0.18942          1.0266         0.20712          1.2736         0.68107               
         A         97        LEU          1.3324         0.36587          1.6151         0.32013           2.015         0.96721               
         A         98        GLY         0.73926        0.099085               0               0         0.84918         0.62209               
         A         99        VAL         0.36186         0.10972         0.34443         0.10735         0.54098         0.20599               
         A        100        PHE         0.20109         0.11199         0.13219        0.069259         0.41519        0.062748               
         A        101        THR         0.70256         0.18687         0.90993        0.051494         0.98127          0.4676               
         A        102        GLY         0.61879        0.080271               0               0         0.75555         0.54959               
         A        103        LEU          0.2143         0.11298         0.11418        0.038454         0.41519        0.062748               
         A        104        SER         0.76304         0.21305          1.0435        0.090155          1.1337         0.54098               
         A        105        ASN         0.73369         0.21312         0.88672         0.20056          1.1502         0.49127               
         A        106        LEU         0.17426        0.097654        0.082653        0.036819         0.30838        0.031142               
         A        107        THR         0.44557         0.12502         0.58074        0.052738         0.65105         0.29013               
         A        108        LYS         0.43762         0.22205         0.61026         0.14309         0.80115         0.18033               
         A        109        LEU         0.12737        0.072114        0.071496        0.024268         0.27824        0.046706               
         A        110        ASP         0.24079        0.090863         0.32217        0.042101         0.38689         0.12298               
         A        111        ILE        0.075967         0.03061        0.053873        0.014849         0.12755        0.034989               
         A        112        SER         0.22812         0.04684         0.26658        0.060588         0.32716         0.19046               
         A        113        GLU         0.49717         0.24924         0.68578          0.1722         0.82485         0.21125               
         A        114        ASN         0.19217        0.092885         0.11511         0.00583         0.37999         0.10951               
         A        115        LYS         0.74664         0.25978         0.93799         0.16267          1.1174         0.35306               
         A        116        ILE         0.27233         0.10566         0.18304        0.077541         0.38689        0.070954               
         A        117        VAL         0.75738         0.22629          1.0075        0.067996            1.07         0.45988               
         A        118        ILE          0.7394         0.28773          1.0015         0.13938          1.2014         0.37999               
         A        119        LEU         0.21345         0.13867        0.083631        0.050154         0.40801        0.038866               
         A        120        LEU         0.63627         0.20536         0.81652         0.12893          0.9397         0.39385               
         A        121        ASP         0.81616         0.18978         0.96864         0.15849          1.2369         0.63163               
         A        122        TYR          1.1562         0.51155          1.4456         0.37446           2.082         0.50748               
         A        123        MET         0.28844        0.079539         0.22017        0.053524         0.39385         0.16545               
         A        124        PHE         0.12468        0.070128        0.075338         0.01576         0.27237        0.046706               
         A        125        GLN         0.68571         0.25842         0.87122         0.18514          1.2014         0.31458               
         A        126        ASP         0.60269         0.14609         0.68038         0.16082          0.9397         0.44467               
         A        127        LEU         0.18444         0.10962        0.079954        0.042621         0.31458        0.016033               
         A        128        TYR          1.0144          0.3945          1.2418         0.27211          1.7738         0.42245               
         A        129        ASN         0.74315         0.27266         0.97406         0.19455          1.1841         0.44467               
         A        130        LEU         0.14556         0.10054        0.050267         0.02475         0.29013        0.012325               
         A        131        LYS          0.6937         0.42225         0.97721         0.37293          1.5683         0.30224               
         A        132        SER         0.27418         0.09374         0.40122        0.021231         0.42245         0.16057               
         A        133        LEU         0.10566        0.056508        0.060941        0.015359         0.22193        0.034989               
         A        134        GLU         0.29891         0.14654         0.41319        0.094698         0.50748         0.13215               
         A        135        VAL        0.071298        0.031698        0.040226       0.0080306         0.10951        0.031142               
         A        136        GLY        0.093322        0.051342               0               0         0.17037        0.046706               
         A        137        ASP         0.24933         0.08207         0.22227        0.071581         0.35969         0.10951               
         A        138        ASN         0.91648          0.2326          1.0863         0.16735          1.3707         0.53247               
         A        139        ASP         0.93603         0.18545          1.0744         0.16207          1.3309         0.72284               
         A        140        LEU         0.34085         0.14889           0.198        0.054231         0.50748         0.14147               
         A        141        VAL          0.8995         0.24642          1.1663         0.10322          1.2924         0.59412               
         A        142        TYR         0.88285          0.2691          1.0541         0.12061          1.2551         0.42978               
         A        143        ILE         0.24609         0.12904         0.12411        0.035552         0.42978        0.075105               
         A        144        SER         0.55356         0.12345         0.70273        0.041785         0.74451         0.37999               
         A        145        HIS         0.93265          0.3908          1.1831         0.30764          1.6671         0.45224               
         A        146        ARG            1.07         0.59441          1.4197         0.46609           2.152         0.38689               
         A        147        ALA         0.26074        0.066488         0.18537               0         0.37999         0.18537               
         A        148        PHE        0.076853        0.060677        0.033968       0.0091807         0.20599        0.023532               
         A        149        SER         0.43035         0.10661         0.56715        0.008854         0.57601         0.27237               
         A        150        GLY         0.44382        0.038737               0               0         0.49934         0.40089               
         A        151        LEU         0.15399          0.1021        0.058063        0.043104         0.28415               0               
         A        152        ASN         0.78419         0.21785          0.9809         0.11734           1.167          0.4833               
         A        153        SER         0.59417        0.087546         0.66692        0.099815         0.76673         0.47541               
         A        154        LEU         0.17282         0.10685        0.072372        0.038626         0.32084        0.012325               
         A        155        GLU         0.73252         0.39226          1.0195         0.30161          1.4331         0.32716               
         A        156        GLN         0.45687         0.25779          0.6533         0.17736         0.84918         0.16545               
         A        157        LEU         0.09626        0.059652          0.0469        0.014247         0.20599        0.027323               
         A        158        THR         0.23479        0.080191         0.31959        0.033463         0.36639         0.13215               
         A        159        LEU        0.053099        0.031318         0.02266       0.0085277        0.092036        0.008644               
         A        160        GLU         0.26168         0.11999         0.35178        0.084857          0.4833         0.11396               
         A        161        LYS         0.57202         0.29399         0.75321         0.27827          1.1174          0.2551               
         A        162        CYS         0.22466         0.10381         0.10244        0.043748         0.36639        0.058691               
         A        163        ASN         0.96598         0.34411          1.2791         0.18396          1.5447         0.53247               
         A        164        LEU         0.40609         0.16455          0.2696        0.085999          0.7017         0.14619               
         A        165        THR          1.2472         0.38384          1.6718         0.11385          1.8304         0.81292               
         A        166        SER         0.64422         0.16634          0.8075        0.029438         0.83693         0.42245               
         A        167        ILE         0.30256        0.066842         0.24863        0.026991         0.40801         0.21125               
         A        168        PRO         0.23296        0.087934         0.14465        0.042656         0.34649        0.087753               
         A        169        THR         0.48238        0.060209         0.52536         0.04454         0.57601         0.37999               
         A        170        GLU         0.77923         0.25066         0.98255         0.13722          1.1841          0.4676               
         A        171        ALA          0.2689        0.085636         0.27237               0         0.38689         0.15094               
         A        172        LEU         0.12606        0.063674        0.094812        0.053867         0.24384       0.0049895               
         A        173        SER         0.38951         0.12557         0.54485        0.077242         0.62209          0.2551               
         A        174        HIS         0.44877         0.14565         0.52526         0.14241          0.7017         0.30224               
         A        175        LEU         0.12803        0.095894        0.037057        0.022527         0.26656               0               
         A        176        HIS         0.70537         0.18415         0.81712         0.12394          1.0247         0.37999               
         A        177        GLY         0.46525         0.04708               0               0         0.51572         0.40801               
         A        178        LEU         0.18034         0.11473        0.071736        0.048141         0.30838               0               
         A        179        ILE         0.55958         0.21991         0.74343         0.16715            1.01         0.32716               
         A        180        VAL         0.36131         0.14561         0.50951        0.086405         0.63163         0.19559               
         A        181        LEU         0.09913        0.079378         0.02673        0.027376         0.22193               0               
         A        182        ARG          0.4761         0.29037         0.65063         0.22028          1.0247         0.15094               
         A        183        LEU        0.082596        0.043784        0.045848        0.011534         0.16545        0.027323               
         A        184        ARG         0.37648         0.16105         0.47082         0.12017         0.68107         0.11846               
         A        185        HIS         0.60914         0.31657           0.804         0.26737          1.2369         0.27824               
         A        186        LEU         0.17425        0.087276        0.099534        0.033309         0.32716        0.058691               
         A        187        ASN          0.7047         0.17556         0.83436        0.079116         0.92623         0.34649               
         A        188        ILE          0.3551        0.052478         0.30722        0.022152         0.42245         0.27237               
         A        189        ASN         0.79943         0.23757          1.0154         0.13577           1.219         0.54098               
         A        190        ALA          0.5635         0.18161         0.89984               0         0.89984         0.37999               
         A        191        ILE         0.25753          0.1526         0.11703        0.078631         0.42245               0               
         A        192        ARG          1.0912         0.45369          1.3722         0.32183          1.7738         0.52405               
         A        193        ASP         0.93063         0.18539          1.0682          0.1723          1.3507         0.74451               
         A        194        TYR          1.1903         0.47922          1.4649         0.34119          2.1166         0.57601               
         A        195        SER         0.35523        0.037566         0.33207        0.047916         0.39385         0.28415               
         A        196        PHE         0.15014         0.10702        0.071613        0.026825         0.32716        0.031142               
         A        197        LYS          0.6632         0.28451         0.86163         0.23484           1.219         0.33354               
         A        198        ARG          1.2817         0.66977          1.6939         0.48563          2.3419         0.49127               
         A        199        LEU         0.21462         0.12927        0.092772        0.044474         0.37999        0.031142               
         A        200        TYR          1.1319         0.37921          1.3324         0.30092          1.9825         0.58501               
         A        201        ARG          1.0506         0.42709          1.2851         0.36627          1.9825         0.59412               
         A        202        LEU         0.23806         0.12851         0.11272         0.03341         0.38689        0.075105               
         A        203        LYS         0.63162         0.21534         0.80637         0.11371         0.92623         0.35969               
         A        204        VAL          0.3353         0.10559         0.45082         0.04051         0.50748         0.21657               
         A        205        LEU         0.11096        0.047568        0.069083          0.0143         0.19046        0.046706               
         A        206        GLU         0.27824         0.13278         0.36965         0.10966         0.54098         0.13215               
         A        207        ILE        0.058151        0.039718        0.020716       0.0031097         0.11396        0.016033               
         A        208        SER         0.23268        0.073497         0.31506         0.02493         0.33999         0.11396               
         A        209        HIS         0.64651         0.32941         0.86818         0.23906          1.2369         0.27237               
         A        210        TRP         0.10809         0.11555        0.040268        0.046211         0.33354               0               
         A        211        PRO         0.67175         0.13282         0.76532         0.10128         0.83693         0.44467               
         A        212        TYR          1.4447         0.77121          1.7872         0.73253           3.334         0.65105               
         A        213        LEU         0.28088          0.1295         0.16201        0.066563         0.43719        0.070954               
         A        214        ASP         0.87462         0.32985          1.1476         0.24528          1.5447         0.47541               
         A        215        THR         0.75602         0.29839          1.0777         0.12695          1.2369         0.42245               
         A        216        MET         0.26143         0.17729        0.094486        0.062166         0.49934        0.012325               
         A        217        THR         0.72454         0.18781         0.90335         0.12213          1.0546         0.47541               
         A        218        PRO         0.80731         0.17199         0.98838        0.069593          1.0855         0.57601               
         A        219        ASN         0.80112         0.27553          1.0255         0.22366          1.3912         0.52405               
         A        220        CYS         0.29538        0.065534         0.23054        0.024556         0.40801         0.20599               
         A        221        LEU         0.15166        0.091245        0.069319        0.039665         0.29013        0.019769               
         A        222        TYR         0.99175          0.6156          1.2941         0.54119          2.4244         0.32716               
         A        223        GLY          0.5449        0.053067               0               0         0.63163         0.49127               
         A        224        LEU          0.1788        0.095881        0.092539        0.041421         0.33354        0.038866               
         A        225        ASN          0.6328         0.24344         0.84014         0.16795            1.07         0.33999               
         A        226        LEU          0.2012        0.076315         0.13128        0.040213         0.28415        0.075105               
         A        227        THR         0.48217         0.15507         0.65576        0.048346          0.7122         0.32084               
         A        228        SER         0.30787        0.086574         0.42248       0.0072948         0.42978         0.19046               
         A        229        LEU         0.12171        0.070944        0.060066        0.019581         0.24384        0.031142               
         A        230        SER         0.18977        0.073355         0.27138        0.049459         0.32084          0.1007               
         A        231        ILE        0.047554        0.029711        0.021941        0.017353        0.092036       0.0013614               
         A        232        THR         0.23865        0.057886         0.29463        0.025094         0.32084         0.14619               
         A        233        HIS         0.63886         0.33231         0.85773         0.25248          1.2551         0.26656               
         A        234        CYS         0.21297        0.092574         0.10572        0.026432         0.37315        0.079288               
         A        235        ASN         0.72897         0.33289          1.0043          0.2269          1.3115         0.26656               
         A        236        LEU         0.29862         0.13474         0.18004        0.073503         0.47541        0.066835               
         A        237        THR         0.91587         0.27403           1.221        0.067283          1.3115         0.59412               
         A        238        ALA         0.49951         0.15572         0.72284               0         0.72284         0.30224               
         A        239        VAL         0.27905         0.11328          0.1632        0.034461         0.44467         0.13215               
         A        240        PRO         0.25291        0.091004          0.1657         0.04744         0.36639         0.13215               
         A        241        TYR         0.51814         0.10859         0.54858         0.11858         0.77806         0.38689               
         A        242        LEU         0.95651         0.39475          1.2988         0.27335          1.6168         0.57601               
         A        243        ALA         0.33117        0.085375         0.30838               0         0.47541         0.24945               
         A        244        VAL         0.16859        0.073591         0.10631        0.036971         0.30224        0.066835               
         A        245        ARG         0.72809          0.2789         0.89532         0.20143          1.3115         0.32084               
         A        246        HIS         0.46349         0.10543         0.46809         0.12677         0.67095         0.29615               
         A        247        LEU         0.20432        0.093419         0.11813        0.045803         0.32716        0.046706               
         A        248        VAL         0.78271         0.20717         0.99459         0.13399          1.1841         0.54098               
         A        249        TYR          1.2655         0.74016          1.6101         0.68088          3.0791         0.47541               
         A        250        LEU         0.16576        0.096196        0.085662        0.034416         0.35969        0.034989               
         A        251        ARG         0.78778         0.52276          1.0684         0.46095          1.9198         0.27237               
         A        252        PHE         0.41796         0.11656         0.50059        0.043124         0.54959         0.22733               
         A        253        LEU         0.12284        0.083601        0.048175        0.022414         0.26656        0.016033               
         A        254        ASN         0.28921         0.11134          0.3876        0.059171          0.4833         0.12755               
         A        255        LEU        0.076124        0.023104        0.061038        0.018507         0.10951        0.042771               
         A        256        SER         0.27405         0.07707         0.37044        0.030454         0.40089         0.16545               
         A        257        TYR         0.72297         0.33371         0.91215         0.24236          1.3309         0.29615               
         A        258        ASN         0.21684        0.096156         0.13255        0.041947         0.36639        0.075105               
         A        259        PRO         0.63978         0.14319         0.72048         0.15707         0.84918         0.45988               
         A        260        ILE         0.31155          0.0887         0.23557        0.057512         0.42245         0.14147               
         A        261        SER         0.74778         0.19808          1.0117        0.058309            1.07         0.49934               
         A        262        THR         0.65916         0.21543         0.87537         0.13761            1.07         0.42245               
         A        263        ILE         0.21931         0.15081         0.07569        0.045691         0.42978               0               
         A        264        GLU         0.82118         0.27235          1.0373         0.15495           1.219         0.45224               
         A        265        GLY         0.72736        0.057391               0               0         0.82485         0.68107               
         A        266        SER         0.76703         0.13044         0.90657        0.019655         0.92623         0.61266               
         A        267        MET         0.70502         0.33051         0.93755         0.32993          1.3507         0.42245               
         A        268        LEU         0.17399        0.088298        0.092163        0.035557         0.30838        0.031142               
         A        269        HIS         0.88354          0.3177          1.1001         0.20385          1.4331         0.39385               
         A        270        GLU         0.97145         0.41742          1.2583         0.35382          1.5923         0.53247               
         A        271        LEU         0.19195        0.091336         0.11765        0.064703         0.32716        0.042771               
         A        272        LEU         0.71537         0.28399         0.96355         0.18935          1.2736         0.40801               
         A        273        ARG         0.95369         0.58577          1.2687         0.51353          2.3021         0.30224               
         A        274        LEU        0.096263         0.06539         0.03724        0.026591         0.20077               0               
         A        275        GLN         0.50063         0.27313         0.70792         0.19273         0.91295         0.20599               
         A        276        GLU         0.41445         0.20888         0.57365         0.14595         0.76673         0.19559               
         A        277        ILE         0.10977        0.067516        0.047459        0.027944         0.20077       0.0049895               
         A        278        GLN         0.38555         0.16009          0.5154         0.08287         0.63163         0.18537               
         A        279        LEU         0.06597        0.054026         0.01424       0.0080409         0.15094       0.0013614               
         A        280        VAL         0.38173         0.11651          0.4758        0.092488         0.60334         0.21125               
         A        281        GLY         0.49331        0.076461               0               0         0.58501         0.37315               
         A        282        GLY          0.4071         0.11935               0               0         0.59412         0.26656               
         A        283        GLN         0.88558         0.40564          1.1725          0.3202          1.5683         0.37315               
         A        284        LEU         0.26622         0.16245         0.11482        0.058881         0.49934        0.034989               
         A        285        ALA         0.68773         0.19013          1.0546               0          1.0546         0.54959               
         A        286        VAL         0.61304          0.2019         0.82346        0.068531         0.89984         0.32084               
         A        287        VAL          0.2183         0.10945         0.10048        0.036429         0.34649        0.050671               
         A        288        GLU         0.79932         0.37755          1.0732         0.29071          1.5447         0.37315               
         A        289        PRO         0.74065        0.083643         0.83343        0.031456         0.86159         0.65105               
         A        290        TYR          1.0418         0.50511           1.317         0.39233           2.015         0.41519               
         A        291        ALA         0.24464         0.04912         0.17533               0         0.32716         0.17533               
         A        292        PHE        0.057496        0.075427       0.0028241       0.0069176         0.19559               0               
         A        293        ARG         0.95917         0.53496          1.2724         0.42143          1.9825         0.30224               
         A        294        GLY         0.50872        0.043207               0               0          0.5671         0.45988               
         A        295        LEU         0.19388         0.11732        0.087045        0.051727         0.37315        0.016033               
         A        296        ASN         0.89927         0.35563          1.2092         0.22433          1.4331         0.45224               
         A        297        TYR         0.87869         0.54119          1.1364         0.48867          2.1166         0.29013               
         A        298        LEU         0.11047         0.09755        0.016748        0.022463         0.22733               0               
         A        299        ARG         0.69787         0.34407         0.92753         0.20002          1.0855         0.24384               
         A        300        VAL         0.32893         0.13329         0.46919         0.07913         0.57601         0.19559               
         A        301        LEU        0.096547        0.050611        0.048048        0.019219         0.15574        0.023532               
         A        302        ASN         0.26901         0.13321          0.3869        0.086516         0.52405         0.13679               
         A        303        VAL        0.097997        0.056464        0.040323        0.012828         0.18537        0.023532               
         A        304        SER         0.42548         0.12676         0.57824         0.10283         0.68107         0.30224               
         A        305        GLY         0.52486        0.065687               0               0         0.60334         0.42245               
         A        306        ASN          0.3586         0.18669         0.18959        0.022073         0.69132         0.16545               
         A        307        GLN         0.86743         0.27527          1.0751         0.19112          1.3507         0.53247               
         A        308        LEU         0.26234         0.12614         0.14108        0.046544         0.40089        0.066835               
         A        309        THR         0.53472         0.18469         0.72782        0.093366         0.84918         0.32084               
         A        310        THR         0.20277         0.07145         0.23963          0.0407         0.30224          0.1007               
         A        311        LEU        0.077366        0.063653        0.023353        0.023353         0.18033               0               
         A        312        GLU         0.41552        0.085095         0.47877        0.051744          0.5583         0.26656               
         A        313        GLU         0.66747         0.19525         0.81471         0.14039         0.99552          0.4676               
         A        314        SER         0.66591         0.11913         0.81982        0.041766         0.86159         0.51572               
         A        315        VAL         0.25551        0.067998         0.22512        0.063084         0.37315         0.15574               
         A        316        PHE          0.1645         0.14787        0.068772        0.064848          0.4676        0.008644               
         A        317        HIS          0.6902         0.21554         0.76172         0.21925          1.0247         0.36639               
         A        318        SER         0.75088         0.13289         0.91304        0.013193         0.92623         0.58501               
         A        319        VAL         0.56223        0.064014         0.55724        0.085293         0.65105         0.44467               
         A        320        GLY          1.0624        0.087998               0               0          1.1337         0.91295               
         A        321        ASN         0.91964         0.31318          1.1645         0.23863          1.4989         0.54098               
         A        322        LEU         0.24814         0.16698        0.091945        0.048511          0.4676        0.054666               
         A        323        GLU         0.84764         0.37378          1.1267         0.27288          1.5447         0.44467               
         A        324        THR         0.39675         0.16999         0.55534         0.11883         0.72284         0.19046               
         A        325        LEU        0.056187        0.055939       0.0052557       0.0065474         0.14147               0               
         A        326        ILE         0.24125         0.12601         0.36009        0.053564         0.44467          0.1007               
         A        327        LEU        0.067405        0.070431       0.0025013       0.0035898         0.17533               0               
         A        328        ASP           0.466         0.15308         0.58572         0.11038         0.75555         0.22193               
         A        329        SER         0.70435         0.14463         0.87001          0.1255         0.99552         0.54959               
         A        330        ASN         0.35081         0.10098         0.25624        0.038377         0.49934         0.22733               
         A        331        PRO         0.67313         0.14595         0.82162        0.092301         0.92623         0.49127               
         A        332        LEU         0.18751         0.11617        0.075572        0.040051         0.32716        0.016033               
         A        333        ALA         0.28925          0.1068         0.45988               0         0.45988         0.16545               
         A        334        CYS         0.10783        0.046658        0.061837        0.034515         0.17037        0.027323               
         A        335        ASP         0.27382        0.068225         0.33595        0.032695         0.37315         0.17533               
         A        336        CYS         0.44594         0.10608         0.57784         0.05379         0.63163         0.31458               
         A        337        ARG         0.39702        0.060128         0.42198        0.061191         0.51572         0.32084               
         A        338        LEU         0.15004        0.061693        0.096849        0.023354         0.26081        0.066835               
         A        339        LEU         0.52797         0.15164         0.64268          0.1218         0.83693         0.31458               
         A        340        TRP         0.35149         0.13223         0.30328         0.12198          0.5671         0.14147               
         A        341        VAL          0.1034        0.073526        0.034032        0.029039         0.23829               0               
         A        342        PHE         0.22764        0.095165         0.24169         0.10161         0.40089         0.11846               
         A        343        ARG          1.0657         0.40168          1.3106         0.26907          1.5683         0.40801               
         A        344        ARG         0.51835        0.087432         0.55118        0.090501         0.68107         0.40801               
         A        345        ARG         0.40346         0.13473         0.43849         0.14922         0.66094          0.2551               
         A        346        TRP         0.92746         0.17918         0.93019         0.12184          1.3507         0.59412               
         A        347        ARG          1.2031         0.48528          1.4405         0.45927          2.2633          0.7017               
         A        348        LEU         0.30094         0.12634         0.19258         0.06288         0.51572        0.096352               
         A        349        ASN         0.89824         0.29778          1.1195         0.27889          1.5683         0.64128               
         A        350        PHE         0.28793         0.23923         0.13181         0.12855         0.67095       0.0049895               
         A        351        ASN          1.3032         0.44028          1.7139          0.1992           2.015         0.78953               
         A        352        ARG          3.1694          1.8218          4.2489          1.4151          6.9251          1.1337               
         A        353        GLN         0.88355         0.36655          1.0952         0.30527          1.4547         0.33354               
         A        354        GLN         0.35591        0.076483         0.35999        0.047492         0.49127         0.22193               
         A        355        PRO        0.068134        0.055815        0.010381         0.01468         0.14147               0               
         A        356        THR         0.33905         0.14642         0.48773        0.082625         0.60334         0.12755               
         A        357        CYS         0.32561         0.18057         0.16719        0.087906         0.64128        0.079288               
         A        358        ALA         0.87569         0.27635         0.81292               0          1.3115         0.45988               
         A        359        THR         0.75228         0.28191         0.94149         0.25585          1.2736         0.32716               
         A        360        PRO         0.80901         0.22893         0.66102         0.16657          1.1502          0.4676               
         A        361        GLU          2.3098         0.51169          3.2673               0          3.2673          1.7463               
         A        362        PHE          1.4167         0.32841          1.2787         0.31885          1.9508         0.96721               
         A        363        VAL         0.68448         0.22049         0.46007        0.016714            1.07         0.44467               
         A        364        GLN          1.8877         0.68614          2.4062         0.48754            3.02          1.1337               
         A        365        GLY         0.98071            0.14               0               0          1.1174         0.80115               
         A        366        LYS         0.58763         0.13222         0.61266               0         0.72284         0.36639               
         A        367        GLU         0.68436         0.20923         0.82812         0.15226          1.0247         0.37315               
         A        368        PHE         0.11964         0.14563        0.017535        0.031105         0.37315               0               
         A        369        LYS         0.92322         0.30632          1.0969         0.26313          1.4766         0.45988               
         A        370        ASP          1.0311         0.23589          1.2015         0.17634          1.4989          0.7017               
         A        371        PHE         0.41548          0.2548         0.24202         0.11225         0.83693        0.083504               
         A        372        PRO           1.256         0.27236          1.4045          0.2798          1.7194         0.88692               
         A        373        ASP          1.9313         0.81539          2.6554         0.50097            3.14         0.92623               
         A        374        VAL          2.4515         0.92409          3.4519         0.48482          4.1366          1.6168               
         A        375        LEU          1.0208         0.46358         0.59465         0.17899          1.7194         0.40089               
         A        376        LEU          1.8394         0.40617          2.1299         0.36886          2.7483          1.3309               
         A        377        PRO          2.5952         0.62158           3.261         0.26062           3.623          1.8304               
         A        378        ASN          1.6023         0.64256          2.0897         0.46043          2.6023         0.73361               
         A        379        TYR         0.69503         0.17518            0.74         0.18021          1.0395         0.49934               
         A        380        PHE         0.19269         0.15041         0.09638        0.087285         0.42245               0               
         A        381        THR         0.65998          0.1838         0.82539         0.15445          1.0395         0.45988               
         A        382        CYS         0.71656         0.10521         0.63817        0.053156         0.92623         0.58501               
         A        383        ARG          1.1319         0.31487          1.3258         0.22856          1.6168         0.76673               
         A        384        ARG          1.0248         0.25633          1.1821         0.18155          1.4989         0.68107               
         A        385        ALA         0.48737        0.078766         0.40089               0         0.61266         0.40089               
         A        386        ARG          1.0389         0.60088          1.3854         0.48629          2.1882         0.37999               
         A        387        ILE         0.40331         0.20679         0.23514        0.034925         0.78953         0.20077               
         A        388        ARG          1.6452         0.59096            1.97         0.47818          2.7483         0.74451               
         A        389        ASP          1.1403         0.21162          1.3012         0.14423          1.5216         0.78953               
         A        390        ARG          1.4227         0.38939          1.3232         0.40965          1.9825         0.87417               
         A        391        LYS          2.5535          1.3685            3.49           1.144          5.4506         0.95336               
         A        392        ALA          1.0019          0.1568         0.96721               0          1.2014         0.82485               
         A        393        GLN         0.56231         0.10807         0.48324        0.081687         0.69132         0.33999               
         A        394        GLN          1.2988         0.35522            1.52         0.29896          1.9825         0.83693               
         A        395        VAL         0.66953         0.14627         0.58924          0.1702         0.83693         0.35969               
         A        396        PHE           1.464         0.38163          1.7405         0.12547          1.9198         0.92623               
         A        397        VAL         0.59451         0.13329         0.46769         0.10652         0.73361         0.33354               
         A        398        ASP          1.4711         0.63281          2.0173         0.43306          2.6984         0.75555               
         A        399        GLU          1.1982         0.30413          1.3818         0.27699          1.8304         0.82485               
         A        400        GLY          1.0424         0.19223               0               0          1.3309         0.78953               
         A        401        HIS          1.3102         0.60589          1.6888         0.47836          2.4672          0.4676               
         A        402        THR         0.85162         0.24585          1.0251         0.27083          1.3912          0.5671               
         A        403        VAL         0.26039        0.075642         0.19341        0.038326         0.40089         0.14147               
         A        404        GLN         0.76893         0.36518          1.0211         0.30471          1.5216         0.40089               
         A        405        PHE         0.18075        0.078861         0.14099        0.069381         0.27824        0.046706               
         A        406        VAL         0.47673         0.25273         0.75025        0.098381         0.83693         0.16545               
         A        407        CYS         0.17528        0.096825        0.050807        0.011941         0.28415        0.038866               
         A        408        ARG          1.3764         0.86286          1.8956         0.65212          3.0791         0.35306               
         A        409        ALA         0.39619         0.12397         0.24384               0         0.59412         0.24384               
         A        410        ASP         0.78557         0.23686          1.0125         0.07288          1.1337         0.47541               
         A        411        GLY         0.81567         0.12752               0               0            1.01         0.69132               
         A        412        ASP         0.75159        0.071599         0.77937        0.048943         0.86159         0.64128               
         A        413        PRO         0.69051        0.060804          0.6611        0.016244         0.78953         0.63163               
         A        414        PRO          1.1648          0.2629          1.4171         0.21551           1.693         0.89984               
         A        415        PRO          0.5146        0.085324         0.44394        0.051095         0.64128         0.40089               
         A        416        ALA         0.52771          0.1188         0.74451               0         0.74451         0.40089               
         A        417        ILE          0.2962        0.090418         0.22862        0.039694         0.47541         0.17533               
         A        418        LEU         0.51658         0.26925         0.76228         0.14349         0.91295         0.19046               
         A        419        TRP        0.094839         0.11806        0.025994         0.02244         0.37999               0               
         A        420        LEU         0.58584         0.28616         0.84287         0.15222          1.0855         0.20077               
         A        421        SER         0.52502          0.1371          0.5121         0.13895         0.73361         0.37315               
         A        422        PRO         0.70725         0.34863         0.45063         0.14376          1.3707         0.32084               
         A        423        ARG          1.3752         0.23387          1.3595         0.22231          1.7738          1.0395               
         A        424        LYS           2.014         0.60711          2.3781         0.57885          3.4738          1.3507               
         A        425        HIS          1.1786         0.34494          1.3247         0.34075          1.8018         0.65105               
         A        426        LEU          1.0553         0.31417            1.27         0.29618          1.7194         0.65105               
         A        427        VAL          0.3827        0.088016         0.28423       0.0097094         0.49934         0.27237               
         A        428        SER          1.0054         0.41257          1.5687         0.17756          1.7463         0.66094               
         A        429        ALA          0.9921          0.1001          1.1013               0          1.1013         0.83693               
         A        430        LYS          2.1729         0.50962          2.7483               0          2.7483          1.4331               
         A        431        SER          1.2965         0.12775          1.1612        0.075685          1.4547          1.0855               
         A        432        ASN          2.5441         0.65197          3.0961         0.45962          3.8663          1.8304               
         A        433        GLY          1.1838        0.094501               0               0          1.3309            1.07               
         A        434        ARG         0.74882         0.19082         0.79416         0.18384          1.0247          0.4676               
         A        435        LEU         0.25955         0.17146         0.11849        0.036099         0.61266        0.070954               
         A        436        THR         0.49506           0.222          0.7314        0.094299         0.86159         0.20599               
         A        437        VAL         0.40142          0.1509         0.28299         0.07717         0.69132         0.18033               
         A        438        PHE         0.86562         0.11886         0.92506        0.037995         0.99552         0.54098               
         A        439        PRO          1.9024         0.63958           2.578         0.35144          2.8525          1.2369               
         A        440        ASP          1.1079         0.32085          1.3199          0.1965          1.4766         0.59412               
         A        441        GLY         0.39456         0.15746               0               0         0.61266         0.17533               
         A        442        THR         0.53544         0.19548         0.72862          0.1304         0.91295         0.31458               
         A        443        LEU        0.094985        0.089149        0.011794        0.012947         0.23279               0               
         A        444        GLU         0.53889          0.3078          0.7582         0.24473          1.1013         0.17037               
         A        445        VAL         0.19504         0.13901        0.044651        0.033135         0.37999               0               
         A        446        ARG          1.0816         0.44218          1.3128         0.39006           2.082         0.49934               
         A        447        TYR          1.3801         0.63663           1.736         0.47526          2.6984         0.61266               
         A        448        ALA         0.37137         0.11075         0.22193               0         0.52405         0.22193               
         A        449        GLN         0.81658         0.31485          1.0345         0.25485          1.4766         0.43719               
         A        450        VAL          1.2134         0.31882          1.5714        0.090339           1.693         0.86159               
         A        451        GLN          1.2997         0.44739          1.5981         0.38609          2.3419         0.77806               
         A        452        ASP          0.3065         0.11152         0.28026        0.081705         0.54098         0.19046               
         A        453        ASN         0.61408         0.13336         0.68286         0.11133         0.87417         0.42245               
         A        454        GLY         0.51123         0.10845               0               0         0.66094         0.35969               
         A        455        THR         0.63496         0.17026         0.79745         0.12016         0.95336         0.40089               
         A        456        TYR         0.10647         0.11398        0.029048        0.017468         0.32084       0.0013614               
         A        457        LEU         0.44745         0.21586         0.63996         0.13243         0.81292         0.19046               
         A        458        CYS         0.16509        0.079185        0.075364        0.016672         0.28415        0.058691               
         A        459        ILE         0.49902         0.18037         0.66683         0.07477         0.75555         0.23829               
         A        460        ALA         0.35043        0.059832         0.27237               0         0.44467         0.27237               
         A        461        ALA         0.65482        0.095711         0.77806               0         0.77806         0.49127               
         A        462        ASN         0.62929        0.064097         0.59206        0.018851         0.74451          0.5671               
         A        463        ALA         0.72387         0.10869         0.51572               0         0.81292         0.51572               
         A        464        GLY         0.94639         0.18545               0               0          1.2369         0.74451               
         A        465        GLY         0.94302         0.14061               0               0          1.1502         0.75555               
         A        466        ASN          1.5366         0.65629          2.0883         0.48853          2.7483         0.82485               
         A        467        ASP         0.56455         0.11422         0.60502        0.082159         0.74451         0.36639               
         A        468        SER         0.63911         0.15602         0.80532         0.13438          0.9397          0.4676               
         A        469        MET         0.46461         0.17446         0.58647          0.1723         0.75555         0.27824               
         A        470        PRO         0.56837         0.19469         0.76472         0.12921          0.9397         0.33354               
         A        471        ALA         0.29509         0.05578         0.18537               0         0.33999         0.18537               
         A        472        HIS         0.72681         0.22854         0.90378        0.085738          1.0247         0.38689               
         A        473        LEU         0.22149         0.14976        0.081915        0.041928         0.45224        0.038866               
         A        474        HIS         0.86807         0.32893          1.1106         0.17439          1.3507         0.40801               
         A        475        VAL          0.6078         0.20732         0.46631         0.11284         0.98127         0.31458               
         A        476        ARG          1.5722         0.44094          1.8199          0.3487          2.4672         0.87417               
         A        477        SER           2.705         0.82735           2.082               0          4.0432          1.8304               
