pdb_id: 
analysis type: unbound
radii_file: F:\psiafrombintisolah\PSAIA-1.0\amac_data\chothia.radii
CX_sRadius: 11
CX_vAtom: 20.1

  chain id|    res id|  res name|     average CX|       s_avg CX|    s-ch avg CX|  s-ch s_avg CX|         max CX|         min CX|               
         H        321        ILE         0.11759        0.062857        0.084089        0.064326         0.19046        0.023532               
         H        322        VAL         0.33946         0.11053         0.37224         0.13469          0.5583         0.19559               
         H        323        GLU         0.99354         0.41702          1.2739         0.36575           1.693         0.57601               
         H        324        GLY         0.65087         0.19339               0               0          0.9397         0.45224               
         H        325        SER         0.84451         0.28015          1.2102       0.0088056           1.219         0.47541               
         H        326        ASP          1.0144         0.28216          1.2287         0.23145          1.5923         0.68107               
         H        327        ALA         0.64561         0.20473         0.37315               0         0.89984         0.37315               
         H        328        GLU           1.804         0.83565          2.4239         0.59176          3.4028          0.7017               
         H        329        ILE          1.2811          0.1515          1.3649         0.14771          1.5216            1.07               
         H        330        GLY         0.69161        0.021972               0               0         0.72284         0.67095               
         H        331        MET         0.61773         0.17715         0.74318         0.13373         0.96721         0.37315               
         H        332        SER         0.11323        0.079332        0.055047        0.020058         0.27824        0.034989               
         H        333        PRO         0.24834        0.094567         0.35032        0.047614         0.41519         0.15094               
         H        334        TRP         0.13308        0.092142         0.16609        0.087783         0.31458        0.019769               
         H        335        GLN       0.0047523        0.013442               0               0        0.042771               0               
         H        336        VAL               0               0               0               0               0               0               
         H        337        MET        0.040938        0.031933        0.059092        0.020614        0.083504               0               
         H        338        LEU        0.028065        0.043848      0.00034035       0.0005895         0.13215               0               
         H        339        PHE         0.30232         0.13631         0.37498         0.11471         0.53247        0.092036               
         H        340        ARG         0.76888         0.28334         0.90622         0.24698          1.2551         0.35306               
         H        341        LYS         0.87513         0.26026         0.83075         0.18453          1.3507          0.5671               
         H        342        SER          1.6662         0.41164          2.1205         0.34672          2.4672          1.1502               
         H        343        PRO          2.0765         0.42649          2.4659         0.21069          2.6984          1.3707               
         H        344        GLN          1.4967         0.15961          1.4999        0.051372          1.8018          1.2014               
         H        345        GLU           1.165         0.52986          1.5278         0.42171          2.1882          0.4833               
         H        346        LEU         0.24518         0.11359         0.16235         0.08212         0.40801        0.092036               
         H        347        LEU         0.24187        0.075861         0.25996         0.10117         0.42245         0.16545               
         H        348        CYS         0.08689        0.024533        0.098872        0.019584         0.11846        0.050671               
         H        349        GLY        0.016576        0.017917               0               0        0.042771               0               
         H        350        ALA               0               0               0               0               0               0               
         H        351        SER       0.0002269      0.00050736               0               0       0.0013614               0               
         H        352        LEU        0.082427        0.048002         0.10365        0.045788         0.17533        0.023532               
         H        353        ILE         0.15934        0.098882        0.092135        0.035342         0.37315        0.034989               
         H        354        SER         0.35453        0.069315         0.40804       0.0071474         0.41519          0.2551               
         H        355        ASP         0.76713          0.2837          1.0158         0.19049          1.3309          0.4833               
         H        356        ARG         0.72792         0.45195         0.96039         0.40754          1.5216         0.22193               
         H        357        TRP         0.15967        0.061839          0.1741        0.057404         0.29013        0.058691               
         H        358        VAL      0.00019448      0.00047638               0               0       0.0013614               0               
         H        359        LEU               0               0               0               0               0               0               
         H        360        THR       0.0012349       0.0030248               0               0        0.008644               0               
         H        361        ALA         0.01107         0.01813        0.046706               0        0.046706               0               
         H        362        ALA        0.019636        0.021095        0.038866               0        0.050671               0               
         H        363        HIS        0.088432         0.05138         0.09941        0.042331         0.17037        0.016033               
         H        364        CYS        0.076773        0.017193        0.056771        0.010064        0.096352        0.046706               
         H        365        LEU         0.10701        0.094657        0.037889        0.037746         0.29615               0               
         H        366        LEU         0.34217         0.12715          0.4246         0.12845         0.62209         0.19046               
         H        367        TYR         0.58564         0.14627         0.53518         0.11226          0.9397         0.39385               
         H        368        PRO          1.0452         0.27943         0.91695         0.20039          1.5447         0.66094               
         H        369        PRO          1.3345         0.41734          1.0201         0.14567           2.152         0.87417               
         H        370        TRP          1.5097         0.27294          1.5113         0.31262          1.9825            1.01               
         H        371        ASP          2.1441         0.66963          2.7277         0.45327          3.4028           1.412               
         H        372        LYS         0.65193         0.23929         0.47869         0.12244          1.1174         0.36639               
         H        373        ASN          1.0048         0.23857          1.1713         0.22354          1.5447         0.76673               
         H        374        PHE         0.41252        0.085254         0.36028        0.058846         0.53247         0.27824               
         H        375        THR         0.87415         0.30868          1.2117         0.10033          1.3507          0.4833               
         H        376        GLU          0.6536         0.12474         0.72402         0.11531         0.91295          0.4676               
         H        377        ASN          1.3575         0.47636          1.4983         0.46867          2.3826         0.82485               
         H        378        ASP         0.71012         0.23708         0.87195         0.21284          1.1337         0.41519               
         H        379        LEU         0.19464        0.099902         0.11124        0.025908         0.37315        0.066835               
         H        380        LEU         0.31083         0.21347          0.4992         0.13023         0.65105        0.042771               
         H        381        VAL        0.075236        0.068384        0.019564        0.027667         0.21657               0               
         H        382        ARG         0.18018         0.10445         0.23399        0.091102         0.37999        0.023532               
         H        383        ILE        0.044436        0.040974        0.016619        0.019154         0.13679               0               
         H        384        GLY        0.067412        0.024814               0               0          0.1007        0.034989               
         H        385        LYS         0.10288        0.077643         0.14397        0.079781         0.28415       0.0013614               
         H        386        HIS         0.33288         0.20153          0.4584         0.16375         0.69132        0.083504               
         H        387        SER         0.51986         0.19488         0.78069        0.068488         0.84918         0.32716               
         H        388        ARG         0.55547         0.27122         0.64523         0.30204          1.0855         0.27824               
         H        389        THR         0.88653          0.1726          1.0079         0.12565          1.1841         0.59412               
         H        390        ARG          1.1791         0.31489          1.3679         0.19961          1.6671         0.58501               
         H        391        TYR          1.2742         0.31089          1.3627         0.32919          1.8018         0.91295               
         H        392        GLU         0.63316         0.22045         0.45675          0.1237          0.9397         0.27824               
         H        393        ARG          2.3536          0.8435          2.9112          0.5039          3.4028           1.167               
         H        394        ASN          2.0778         0.73437           2.744         0.39054          3.0791          1.2014               
         H        395        ILE         0.69263         0.18345         0.73058         0.21281         0.99552          0.4676               
         H        396        GLU         0.43374         0.11676         0.37668        0.070259          0.7017         0.30224               
         H        397        LYS         0.61547         0.33808         0.82046         0.32889          1.3309         0.26081               
         H        398        ILE         0.56718        0.097618         0.56104        0.029067         0.80115         0.45988               
         H        399        SER         0.38444        0.066215         0.41882       0.0036287         0.45224         0.26081               
         H        400        MET         0.82118          0.4712          1.2223         0.34345          1.6417         0.33354               
         H        401        LEU         0.25007         0.19707        0.075011        0.067654         0.58501        0.016033               
         H        402        GLU         0.95996          0.3569          1.1925         0.27312          1.5447         0.43719               
         H        403        LYS          0.8887         0.52658          1.2335         0.47233          2.0481         0.32084               
         H        404        ILE         0.32504         0.15037          0.2053        0.048083         0.63163         0.13679               
         H        405        TYR         0.41439         0.18711         0.49621         0.17785         0.78953         0.19046               
         H        406        ILE         0.30565        0.089265         0.24039        0.029689         0.50748         0.19559               
         H        407        HIS         0.41151         0.10517         0.40235         0.11004          0.5671         0.26081               
         H        408        PRO           1.125         0.24229          1.1096         0.29029          1.4766         0.76673               
         H        409        ARG          1.5045         0.60916          1.9092         0.33323          2.3419         0.59412               
         H        410        TYR         0.23314         0.13365         0.14963        0.051918         0.49127        0.092036               
         H        411        ASN         0.55743         0.23707          0.7641         0.15313         0.92623         0.27237               
         H        412        TRP         0.79355          0.3815         0.88605          0.4123          1.6168         0.36639               
         H        413        ARG          1.9194         0.83715          2.3436         0.76467           3.623         0.87417               
         H        414        GLU          1.2141         0.35566          1.4987          0.1757          1.6671         0.73361               
         H        415        ASN         0.45799         0.15268         0.56494        0.059434         0.65105         0.20077               
         H        416        LEU         0.10299        0.056239         0.10386        0.032243         0.21125        0.016033               
         H        417        ASP         0.23689         0.13009         0.35146        0.084089         0.49127        0.083504               
         H        418        ARG         0.40784         0.36604         0.62058         0.29283          1.1174        0.008644               
         H        419        ASP       0.0030847       0.0056532       0.0061693       0.0066997        0.016033               0               
         H        420        ILE        0.010726        0.019486       0.0077854        0.013485        0.054666               0               
         H        421        ALA        0.018323        0.030854        0.079288               0        0.079288               0               
         H        422        LEU        0.069751        0.030342        0.070857        0.031265         0.11846        0.019769               
         H        423        MET        0.019025        0.021035               0               0        0.050671               0               
         H        424        LYS         0.32918         0.14899         0.41541         0.14055         0.66094         0.14147               
         H        425        LEU         0.31155         0.19804         0.16822        0.097289         0.65105        0.062748               
         H        426        LYS          1.0245         0.26131          1.0548         0.01522           1.412          0.5671               
         H        427        LYS          1.2074         0.45975          1.7916         0.22333           2.015         0.67095               
         H        428        PRO          1.0792         0.23257          1.3062        0.049622          1.3507         0.77806               
         H        429        VAL         0.49614         0.19915         0.28461        0.024286         0.76673          0.2551               
         H        430        ALA          1.0198         0.22837           1.412               0           1.412         0.75555               
         H        431        PHE         0.95981         0.21302         0.88191         0.20452          1.3115         0.61266               
         H        432        SER          1.1109         0.15942          1.0315         0.16991          1.3507         0.86159               
         H        433        ASP          1.8727         0.78949           2.561          0.5019          3.2673         0.95336               
         H        434        TYR         0.86337         0.48826          1.0877         0.44215          1.9825         0.21657               
         H        435        ILE         0.35713         0.11244            0.27        0.050508          0.5671         0.22193               
         H        436        HIS         0.65661         0.28051         0.85473         0.16969          1.1013         0.24384               
         H        437        PRO         0.39777          0.1061         0.48128        0.091274          0.5583         0.26081               
         H        438        VAL         0.18643        0.068196          0.1111        0.011059         0.27824        0.096352               
         H        439        CYS         0.34535         0.14607         0.52779         0.07555         0.60334         0.17533               
         H        440        LEU         0.27066         0.10829          0.2091        0.080715         0.49127        0.075105               
         H        441        PRO         0.28973         0.12043         0.18254        0.025352         0.50748         0.15574               
         H        442        ASP         0.87492         0.20007          1.0256         0.15179           1.167         0.58501               
         H        443        ARG          2.0636         0.75639          2.5439         0.50942          3.4028          1.0855               
         H        444        GLU          1.4202         0.26046          1.7194               0          1.7194            1.07               
         H        445        THR         0.53153         0.10983         0.47983        0.081346         0.75555         0.38689               
         H        446        ALA         0.46935        0.050177         0.44467               0         0.52405         0.38689               
         H        447        ALA          1.2675         0.23998          1.5923               0          1.5923         0.86159               
         H        448        SER          1.0873          0.1389          1.0775         0.17763          1.2551         0.89984               
         H        449        LEU         0.42403          0.1218         0.34874         0.12355         0.58501         0.24384               
         H        450        LEU         0.32954         0.20283         0.16284        0.063678         0.69132        0.075105               
         H        451        GLN          1.4204         0.60858          1.8947         0.39019          2.4672         0.68107               
         H        452        ALA         0.98198         0.22664         0.88692               0           1.412         0.75555               
         H        453        GLY         0.88577        0.061672               0               0          0.9397         0.78953               
         H        454        TYR          1.1425         0.52681          1.3867         0.46766          2.1882         0.41519               
         H        455        LYS         0.73252         0.39767         0.99647         0.34324          1.5447         0.29013               
         H        456        GLY         0.22921        0.047804               0               0         0.27824         0.16545               
         H        457        ARG         0.34105         0.25679         0.46951         0.23833         0.92623        0.046706               
         H        458        VAL        0.015135        0.025788               0               0        0.070954               0               
         H        459        THR               0               0               0               0               0               0               
         H        460        GLY               0               0               0               0               0               0               
         H        461        TRP        0.036083        0.050015        0.024265        0.033598         0.17037               0               
         H        462        GLY         0.16015        0.030162               0               0         0.19559         0.11396               
         H        463        ASN         0.39732         0.13592         0.51923        0.072408         0.60334         0.20599               
         H        464        LEU         0.37688         0.11053          0.4236         0.13479         0.64128         0.27824               
         H        465        LYS         0.72855         0.42752          1.0136         0.38119          1.5923         0.33354               
         H        466        GLU          0.7616         0.16877         0.77791         0.14551          1.0395         0.50748               
         H        467        THR          1.0763         0.27964         0.89512         0.12182          1.6168         0.72284               
         H        468        TRP          1.8288         0.49878          1.6895         0.36861            3.02          1.1502               
         H        469        THR          2.4435         0.44206          2.6897         0.45621          3.2673          1.8018               
         H        470        ALA          2.8416         0.29608          3.4028               0          3.4028          2.6023               
         H        471        ASN          2.0117         0.47411          1.5708         0.19064          2.6984          1.2924               
         H        472        VAL          3.7035          1.3858          5.1839          0.6582          6.1122          1.9508               
         H        473        GLY          2.3842         0.38725               0               0          2.9625           2.015               
         H        474        LYS          1.7167         0.32384           1.907         0.13006           2.152            1.07               
         H        475        GLY         0.89604         0.24472               0               0          1.2369         0.58501               
         H        476        GLN          0.8165         0.16301         0.84205         0.18054          1.1337         0.63163               
         H        477        PRO         0.44797         0.13486         0.30686        0.057236         0.64128         0.22733               
         H        478        SER           0.849         0.17738          1.0937        0.023702          1.1174         0.68107               
         H        479        VAL         0.52676         0.15427         0.66794        0.079359         0.77806         0.30838               
         H        480        LEU         0.13229         0.11068        0.041802        0.060545         0.32716               0               
         H        481        GLN         0.24013         0.14295         0.33169         0.12467         0.45988        0.042771               
         H        482        VAL          0.3428         0.12132         0.37756         0.14065         0.57601         0.22193               
         H        483        VAL         0.22469        0.063639         0.21112        0.089292         0.29615        0.087753               
         H        484        ASN         0.50796         0.18286         0.65275         0.15734         0.91295         0.34649               
         H        485        LEU         0.16033        0.081216         0.08963        0.044647         0.27824        0.019769               
         H        486        PRO         0.27572        0.080172         0.35032        0.047614         0.41519         0.15094               
         H        487        ILE         0.23568        0.076027         0.20349        0.011905         0.42245         0.15574               
         H        488        VAL          0.2916        0.064703          0.2751        0.059979         0.39385         0.22193               
         H        489        GLU          0.9213         0.23559          1.1065         0.13328          1.3309         0.59412               
         H        490        ARG         0.71472         0.13653         0.69801          0.1621          0.9397          0.4833               
         H        491        PRO          1.6826         0.48587            2.14         0.41672          2.6023          1.1841               
         H        492        VAL          0.7884         0.19527         0.77628         0.15764          1.1337         0.58501               
         H        493        CYS          0.3429         0.10537         0.21419        0.018598         0.50748         0.19559               
         H        494        LYS          1.1368         0.50195          1.4875         0.40026          1.9825         0.52405               
         H        495        ASP          1.5425         0.51631          1.9973         0.32656          2.3419          0.9397               
         H        496        SER         0.59017         0.17254         0.35819        0.049812         0.75555         0.30838               
         H        497        THR           0.767         0.20893          0.5673         0.11764          1.0546         0.41519               
         H        498        ARG          3.5175          2.1078           4.724          1.7221          7.1582          1.1841               
         H        499        ILE          0.7698         0.15012         0.71963          0.1303            1.01         0.53247               
         H        500        ARG          1.1998         0.39218          1.4578         0.19708          1.7463         0.50748               
         H        501        ILE         0.39637         0.14877         0.29014        0.087754         0.67095         0.18537               
         H        502        THR         0.44727        0.072633         0.45763        0.087476         0.54959         0.33999               
         H        503        ASP          1.1714         0.60369          1.6806         0.45631          2.4244         0.60334               
         H        504        ASN           0.326         0.14388         0.40755         0.10654         0.52405        0.092036               
         H        505        MET         0.10712        0.040861        0.096021        0.029115         0.17037        0.070954               
         H        506        PHE        0.021784        0.025279          0.0101        0.019016        0.079288               0               
         H        507        CYS         0.02891        0.039471        0.061304         0.05266         0.11396               0               
         H        508        ALA        0.014391        0.020505        0.008644               0        0.054666               0               
         H        509        GLY        0.063874        0.034193               0               0        0.096352        0.008644               
         H        510        TYR         0.50144         0.20298         0.59419         0.17944         0.92623         0.18033               
         H        511        LYS          0.8033         0.18486         0.85437         0.12157            1.07         0.44467               
         H        512        PRO          1.4286         0.28758          1.3374         0.24587          1.8596          1.0395               
         H        513        ASP           2.729         0.57612          3.0528          0.5874          3.7824          1.9198               
         H        514        GLU          1.4547         0.50202          1.0425          0.2512           2.082         0.64128               
         H        515        GLY          1.7889         0.15171               0               0          1.9825          1.6168               
         H        516        LYS          1.5501         0.67973           1.958         0.62376          2.6984          0.7017               
         H        517        ARG         0.86162         0.26766          1.0268         0.17412          1.3309         0.45224               
         H        518        GLY         0.22749        0.072312               0               0         0.33354         0.13215               
         H        519        ASP        0.038604        0.040902        0.040491        0.032597         0.11846               0               
         H        520        ALA        0.028306        0.028725               0               0        0.062748               0               
         H        521        CYS         0.18609        0.079021         0.26848        0.078016         0.34649          0.1007               
         H        522        GLU          0.4423         0.14295          0.5614          0.0676         0.62209         0.26656               
         H        523        GLY         0.19442        0.068478               0               0         0.26656         0.10509               
         H        524        ASP        0.027055        0.030454        0.014234       0.0077047          0.1007               0               
         H        525        SER        0.050985        0.045278        0.099769        0.037022         0.13679               0               
         H        526        GLY               0               0               0               0               0               0               
         H        527        GLY               0               0               0               0               0               0               
         H        528        PRO               0               0               0               0               0               0               
         H        529        PHE       0.0019112       0.0046883       0.0030033       0.0055911        0.016033               0               
         H        530        VAL        0.055957        0.037111        0.062569        0.035542         0.10951        0.016033               
         H        531        MET          0.1261        0.069478         0.10064        0.079275         0.23279        0.023532               
         H        532        LYS         0.95412         0.55376          1.3286          0.4762          2.0481         0.30838               
         H        533        SER         0.81321         0.28602          0.6841        0.071447          1.3309         0.49934               
         H        534        PRO          1.5311         0.55455          1.2223          0.2887          2.6984         0.86159               
         H        535        PHE          1.6433         0.39849          1.4452          0.3157          2.4244            1.01               
         H        536        ASN          1.5899         0.37393          1.2838         0.27121           2.015          1.0546               
         H        537        ASN           2.045         0.59832          2.5533         0.40103          3.2027          1.3309               
         H        538        ARG          1.3998         0.83199          1.7617         0.83946          3.4738         0.54959               
         H        539        TRP          0.4271         0.16089         0.48159         0.15166          0.7122         0.21125               
         H        540        TYR         0.28362         0.18026          0.3613         0.17391          0.7017        0.087753               
         H        541        GLN        0.006559        0.014705        0.002465       0.0049301        0.046706               0               
         H        542        MET        0.016851        0.031679        0.033702        0.037937        0.092036               0               
         H        543        GLY        0.002161        0.003743               0               0        0.008644               0               
         H        544        ILE               0               0               0               0               0               0               
         H        545        VAL       0.0012349       0.0030248       0.0028813       0.0040748        0.008644               0               
         H        546        SER        0.029718        0.027565        0.023587       0.0075542        0.075105               0               
         H        547        TRP          0.1486        0.080557         0.16143        0.083099         0.33354        0.023532               
         H        548        GLY         0.29678        0.081693               0               0         0.39385         0.20077               
         H        549        GLU         0.71377         0.17743         0.81057         0.17041          1.1502         0.43719               
         H        550        GLY         0.53336         0.13154               0               0         0.68107         0.36639               
         H        551        CYS         0.37215        0.057846         0.34324       0.0032524         0.45224         0.30838               
         H        552        ASP         0.42542         0.10456         0.42103        0.092675         0.57601         0.30224               
         H        553        ARG          1.1428         0.47501          1.4098         0.38644          2.1166         0.52405               
         H        554        ASP          1.2379         0.32151          1.4573          0.3042          1.9508         0.87417               
         H        555        GLY         0.61465        0.056639               0               0         0.67095         0.54959               
         H        556        LYS         0.51931         0.21188         0.67943         0.11535         0.81292         0.19559               
         H        557        TYR         0.16072         0.11502         0.19666          0.1216         0.42245        0.027323               
         H        558        GLY         0.02358       0.0070331               0               0        0.031142        0.012325               
         H        559        PHE        0.037017        0.041324          0.0473        0.045501         0.11396               0               
         H        560        TYR      0.00011345      0.00037627               0               0       0.0013614               0               
         H        561        THR               0               0               0               0               0               0               
         H        562        HIS         0.21285         0.11608         0.29271        0.075917         0.40089        0.046706               
         H        563        VAL        0.050385        0.062432      0.00045379      0.00064176         0.15574               0               
         H        564        PHE         0.49849         0.25604         0.61775         0.23948          0.9397         0.17037               
         H        565        ARG          0.6944         0.30225         0.85982          0.2455          1.2736         0.29013               
         H        566        LEU         0.20195         0.08924         0.13413        0.079501         0.29013        0.038866               
         H        567        LYS          0.5109         0.16962         0.53665         0.17406         0.86159         0.29013               
         H        568        LYS          1.5059         0.78981          2.0252         0.71069          3.2673         0.68107               
         H        569        TRP         0.37105         0.16313         0.31795         0.16094         0.59412         0.10951               
         H        570        ILE          0.2155         0.11301         0.11262        0.058945         0.36639        0.050671               
         H        571        GLN         0.88604          0.1592         0.90823         0.10353          1.0546         0.54098               
         H        572        LYS          1.4183         0.45868          1.6853         0.46191          2.3419         0.98127               
         H        573        VAL         0.48516         0.12035         0.36064        0.035985         0.65105         0.32084               
         H        574        ILE         0.44654         0.16194         0.34083        0.072118         0.77806         0.22193               
         H        575        ASP           1.314         0.28336          1.3212          0.1466          1.8304         0.80115               
         H        576        GLN           1.921         0.46979          2.0364         0.50523          2.9067          1.2736               
         H        577        PHE          2.1481         0.45702          2.2565         0.53209            3.02          1.5683               
         H        578        GLY          2.8827         0.11539               0               0          3.0791          2.7997               
         H        579        GLU            2.38          1.0647          1.6529         0.34639          4.7787          1.0395               
