pdb_id: 
analysis type: unbound
radii_file: F:\psiafrombintisolah\PSAIA-1.0\amac_data\chothia.radii
CX_sRadius: 11
CX_vAtom: 20.1

  chain id|    res id|  res name|     average CX|       s_avg CX|    s-ch avg CX|  s-ch s_avg CX|         max CX|         min CX|               
         B         11        GLU          1.8045         0.45107          2.1635         0.11661          2.3419         0.95336               
         B         12        LYS          1.5722          0.2898          1.6729         0.30004          2.1882           1.219               
         B         13        ASN          1.2545         0.20287          1.3965         0.18827          1.5923          1.0247               
         B         14        LEU          1.5976         0.31344           1.862         0.22668          2.2253          1.2551               
         B         15        ASP         0.94857         0.23347         0.78755          0.2195          1.2369         0.49934               
         B         16        GLY          1.6917         0.17632               0               0          1.8893          1.4547               
         B         17        ASP          1.0417         0.15318          1.1273         0.14158          1.2551         0.83693               
         B         18        THR         0.51196         0.18385          0.3178        0.064032         0.73361         0.22733               
         B         19        LYS          0.9609         0.54004          1.3695         0.36126          1.8596         0.23829               
         B         20        MET         0.40598         0.13247         0.39938         0.15321         0.64128         0.21657               
         B         21        TYR         0.45926         0.20952         0.55003          0.1991         0.88692         0.18537               
         B         22        THR         0.58553        0.096936         0.60719        0.034569         0.77806          0.4833               
         B         23        ARG         0.56202         0.18327         0.63915         0.18887          0.9397         0.35306               
         B         24        THR         0.77131         0.21482         0.94834         0.19164           1.219         0.54098               
         B         25        ALA         0.41711        0.067219         0.29013               0         0.49127         0.29013               
         B         26        THR          0.8393         0.22406          1.0836        0.082807          1.1841         0.59412               
         B         27        THR         0.46302        0.054657         0.42078        0.033231         0.54098         0.39385               
         B         28        SER         0.93786         0.20387          1.1174               0          1.1337         0.60334               
         B         29        ASP          1.0467         0.23764          1.0836         0.29719          1.5447         0.72284               
         B         30        SER          2.4332         0.38995          2.9362        0.083749            3.02          1.8596               
         B         31        GLN          3.1848          1.5126          4.1641          1.3654          5.7653          1.5447               
         B         32        LYS         0.75307         0.20197         0.67228        0.094137          1.2369         0.52405               
         B         33        ASN         0.75188         0.19702         0.87954        0.064892         0.98127         0.35969               
         B         34        ILE         0.26538         0.13526         0.14586        0.060483         0.45224        0.062748               
         B         35        THR         0.47892         0.20378         0.70222        0.083114         0.81292         0.26656               
         B         36        GLN         0.14236          0.1261        0.039942        0.034084         0.36639       0.0049895               
         B         37        SER         0.39937         0.17592          0.6344        0.067299          0.7017         0.20599               
         B         38        LEU         0.12867         0.13879        0.012924         0.01961         0.40801               0               
         B         39        GLN         0.34672          0.1443         0.45427        0.088747         0.62209         0.12298               
         B         40        PHE        0.061158        0.074546        0.014578        0.020566         0.23279               0               
         B         41        ASN         0.13248        0.096354         0.20621        0.080896         0.32084        0.027323               
         B         42        PHE        0.032074        0.019488        0.031845        0.019247        0.066835               0               
         B         43        LEU         0.07671        0.024684        0.078769        0.023997         0.11396        0.050671               
         B         44        THR         0.28033        0.086422         0.34889        0.017354         0.37315         0.10509               
         B         45        GLU         0.40771         0.13916         0.33332        0.057345         0.72284         0.28415               
         B         46        PRO         0.93925         0.28585         0.81583         0.16233          1.4766         0.61266               
         B         47        ASN           1.538         0.24776          1.7209         0.15343          1.9825            1.07               
         B         48        TYR         0.77268         0.24404          0.6359         0.17357           1.167         0.40089               
         B         49        ASP           1.445         0.46561          1.8206         0.34803          2.3826         0.84918               
         B         50        LYS         0.62975         0.23307         0.73889         0.23573          1.1174         0.35306               
         B         51        GLU         0.15111        0.058217         0.14051         0.04615         0.27824        0.087753               
         B         52        THR        0.036826        0.034878        0.053169        0.035339          0.1007               0               
         B         53        VAL       0.0044488        0.010897               0               0        0.031142               0               
         B         54        PHE        0.047183        0.035607        0.062604        0.032938         0.11846       0.0013614               
         B         55        ILE               0               0               0               0               0               0               
         B         56        LYS         0.16109         0.14248         0.24915         0.13281          0.4833               0               
         B         57        ALA        0.019089        0.019052               0               0        0.050671               0               
         B         58        LYS         0.40712         0.27987         0.58275         0.26137          1.0546        0.096352               
         B         59        GLY         0.40849        0.025912               0               0         0.43719         0.36639               
         B         60        THR         0.41723         0.14717         0.57642        0.025625         0.61266         0.21125               
         B         61        ILE        0.082041        0.078877        0.010232       0.0099237         0.22733               0               
         B         62        GLY         0.17682        0.056239               0               0         0.24945        0.092036               
         B         63        SER         0.18499        0.059825         0.23273          0.0574         0.29013        0.092036               
         B         64        GLY         0.26582         0.03008               0               0         0.31458         0.23829               
         B         65        LEU         0.31647         0.16107         0.22046        0.087769         0.67095        0.087753               
         B         66        ARG         0.98213         0.48843           1.298         0.31035          1.6417         0.32084               
         B         67        ILE          0.5806         0.23591         0.42506        0.060401          1.1174         0.33354               
         B         68        LEU         0.83078         0.25189            0.68        0.082138           1.412         0.57601               
         B         69        ASP         0.79367         0.11888         0.75436         0.12784         0.89984         0.54959               
         B         70        PRO          1.3638         0.24756          1.5898         0.18826          1.8304          1.0855               
         B         71        ASN          1.8093         0.70228          2.3819         0.56673          3.2673          1.1174               
         B         72        GLY         0.60866         0.11449               0               0         0.80115         0.50748               
         B         73        TYR           1.055         0.45162           1.322         0.29423          1.7738         0.38689               
         B         74        TRP         0.82346         0.37832         0.98344         0.32878          1.6417         0.32084               
         B         75        ASN         0.50043         0.24004         0.68525         0.20875         0.96721         0.23279               
         B         76        SER         0.21623        0.053712         0.26825        0.046329         0.31458         0.14147               
         B         77        THR         0.25817        0.088784         0.33718        0.044859         0.39385         0.14147               
         B         78        LEU        0.042542        0.031385        0.032001        0.036041        0.092036               0               
         B         79        ARG         0.37982         0.27391          0.5273         0.23968         0.83693        0.075105               
         B         80        TRP               0               0               0               0               0               0               
         B         81        PRO      0.00071279        0.001746       0.0016632       0.0023521       0.0049895               0               
         B         82        GLY       0.0025013       0.0035898               0               0        0.008644               0               
         B         83        SER        0.056336        0.060196         0.13554        0.034832         0.17037               0               
         B         84        TYR       0.0023677       0.0057609       0.0010805       0.0028587        0.019769               0               
         B         85        SER        0.051082        0.070719         0.14523        0.040142         0.18537               0               
         B         86        VAL        0.015251        0.023904               0               0        0.058691               0               
         B         87        SER         0.12128        0.077881         0.22597        0.040595         0.26656        0.058691               
         B         88        ILE        0.012844        0.017357               0               0        0.050671               0               
         B         89        GLN         0.35103         0.21456         0.51763          0.1387         0.65105        0.083504               
         B         90        ASN         0.21445         0.10919         0.17411        0.067717         0.43719         0.11396               
         B         91        VAL         0.67949         0.22539         0.62154        0.065755          1.1337         0.34649               
         B         92        ASP         0.66145          0.2305         0.48066         0.10082          1.0247         0.32084               
         B         93        ASP          2.9224          1.3947          4.1106          1.0139          5.6042          1.4331               
         B         94        ASN          1.1079         0.33732         0.87301         0.20972           1.693         0.57601               
         B         95        ASN          1.1931         0.31243           1.433          0.1628           1.693          0.7122               
         B         96        ASN         0.55315         0.23073         0.72921         0.16429         0.87417         0.22733               
         B         97        THR         0.15057        0.096151        0.058547        0.041981         0.30838               0               
         B         98        ASN         0.48725         0.28927         0.73295         0.21449          1.0546         0.21657               
         B         99        VAL         0.38574         0.12827         0.34452        0.055771         0.67095         0.26656               
         B        100        THR         0.58347          0.1829         0.52642         0.06098         0.98127         0.35969               
         B        101        ASP          0.5869         0.23471         0.80317        0.092324         0.89984         0.26656               
         B        102        PHE         0.35506         0.11286         0.39663         0.11561          0.5583         0.20077               
         B        103        ALA        0.099091        0.072345         0.20077               0         0.20077               0               
         B        104        PRO         0.13654        0.093181        0.075674        0.072494         0.27237       0.0049895               
         B        105        LYS         0.88451         0.32976          1.0157         0.32284          1.5216         0.41519               
         B        106        ASN          1.2342         0.43042          1.5546         0.37987          2.1166         0.73361               
         B        107        GLN         0.81365          0.2166         0.90404         0.22002          1.3309         0.58501               
         B        108        ASP         0.52786         0.12808         0.54773         0.15812         0.80115         0.36639               
         B        109        GLU          1.0968         0.49287          1.4491         0.39684          1.9825         0.62209               
         B        110        SER          0.7911         0.15282         0.95056        0.088973          1.0395          0.5583               
         B        111        ARG          1.3977         0.53391          1.7447         0.32831          2.0481         0.57601               
         B        112        GLU          1.4064         0.48342          1.7639          0.3438          2.3826         0.78953               
         B        113        VAL         0.37975         0.11947         0.24795        0.021875         0.53247         0.22733               
         B        114        LYS          1.4525         0.83982          1.9975         0.76845           3.334         0.64128               
         B        115        TYR         0.76819         0.19492         0.78911         0.23445          1.0855         0.49934               
         B        116        THR          1.2013         0.34084          1.5534         0.20752          1.8304         0.80115               
         B        117        TYR         0.42862         0.14099         0.33512        0.055744         0.65105         0.24384               
         B        118        GLY         0.76846        0.056077               0               0         0.86159          0.7122               
         B        119        TYR         0.39477         0.21205         0.25259        0.063895         0.80115         0.18033               
         B        120        LYS          1.0081         0.41103          1.3341         0.24401          1.6417         0.49127               
         B        121        THR         0.44773         0.11127         0.35118        0.057511         0.65105         0.27237               
         B        122        GLY         0.71666         0.11131               0               0         0.87417         0.59412               
         B        123        GLY          1.1212        0.090215               0               0          1.2369         0.99552               
         B        124        ASP          1.7889         0.50086          2.2402         0.28098          2.6497           1.167               
         B        125        PHE          1.9407         0.26401          1.9818         0.27787          2.3826          1.5447               
         B        126        SER          2.4427         0.24857          2.6818         0.17068          2.8525           2.015               
         B        127        ILE          3.7669         0.40891          3.8111         0.37309          4.3342            3.14               
         B        128        ASN          4.6042         0.73034          4.1184         0.16643          6.1122          3.8663               
         B        131        GLY          3.7988         0.54304               0               0          4.6608           3.334               
         B        132        LEU          2.2746         0.26544          2.1563         0.20154          2.7997          1.8596               
         B        133        THR           1.992         0.25964           2.229         0.10884          2.3419          1.5923               
         B        134        GLY          1.1963         0.19526               0               0          1.4989            1.01               
         B        135        ASN         0.82127         0.12803         0.84051         0.15792          1.1013         0.69132               
         B        136        ILE         0.96504         0.15082         0.95655         0.11503           1.167         0.72284               
         B        137        THR          1.4408         0.23079          1.3913        0.016832          1.9508          1.1502               
         B        138        LYS          1.4798         0.11973           1.401        0.059789          1.7194          1.2924               
         B        139        GLU          3.4368          1.9113          4.7879          1.5558          6.2994          1.4331               
         B        140        SER          1.0741         0.14113          1.0285        0.088841          1.3309         0.91295               
         B        141        ASN         0.54361        0.087327         0.55233        0.088715         0.69132         0.45224               
         B        142        TYR         0.31105         0.14362         0.21688         0.03506         0.61266         0.17533               
         B        143        SER         0.79872         0.14652         0.97986         0.10569          1.0855         0.63163               
         B        144        GLU         0.33068          0.1557         0.19975          0.0616         0.54959         0.11846               
         B        145        THR         0.77997          0.3283          1.1298         0.15958          1.2924         0.37999               
         B        146        ILE         0.32213         0.15789         0.17323        0.057892         0.51572        0.092036               
         B        147        SER         0.64389          0.2179         0.94207        0.067905            1.01         0.42245               
         B        148        TYR         0.16491         0.18207         0.04024        0.049672          0.4676               0               
         B        149        GLN         0.73628         0.44487          1.0784         0.29666          1.4989         0.18537               
         B        150        GLN         0.16588        0.078059         0.10953        0.055218         0.27824        0.054666               
         B        151        PRO          0.3701           0.113         0.45234         0.08647          0.5583         0.17533               
         B        152        SER         0.27652        0.095483         0.33315        0.089302         0.42245         0.15094               
         B        153        TYR        0.054404        0.075242       0.0086229        0.014836         0.24945               0               
         B        154        ARG         0.57624         0.41297         0.81256         0.33612          1.3309         0.10951               
         B        155        THR         0.14962         0.14137        0.029885        0.022607         0.43719               0               
         B        156        LEU         0.47409         0.20786         0.65902         0.13166         0.83693          0.2551               
         B        157        LEU         0.50948         0.13838         0.48084         0.11519         0.78953         0.30224               
         B        158        ASP         0.74467         0.20576         0.70356         0.18088          1.0546         0.50748               
         B        159        GLN          2.7165         0.96803          3.4191         0.65411          4.3342          1.2736               
         B        160        SER          1.3321         0.19402          1.2002         0.23296          1.5447         0.96721               
         B        161        THR         0.79834         0.30486         0.48278         0.05649          1.2924         0.42245               
         B        162        SER         0.97317          0.2171          1.1755         0.13597          1.3115         0.62209               
         B        163        HIS          1.1067         0.33446           1.337         0.14453          1.4766         0.49127               
         B        164        LYS         0.55226         0.18777         0.68202         0.11007         0.83693         0.24945               
         B        165        GLY         0.28929        0.070367               0               0         0.40801         0.22733               
         B        166        VAL          0.1238         0.03977         0.11699        0.057442         0.17533        0.038866               
         B        167        GLY         0.17662        0.054091               0               0         0.23829        0.096352               
         B        168        TRP        0.039338        0.028677        0.031508        0.029017        0.092036               0               
         B        169        LYS         0.24453         0.15425         0.36157         0.10639         0.49127        0.054666               
         B        170        VAL       0.0044488        0.010897               0               0        0.031142               0               
         B        171        GLU         0.25413         0.18515         0.38799         0.14588         0.54959        0.075105               
         B        172        ALA        0.092212        0.063524        0.019769               0         0.19046        0.019769               
         B        173        HIS         0.56605         0.25901         0.72687          0.1999         0.99552         0.15574               
         B        174        LEU         0.69652          0.3248         0.97726         0.22323          1.3309         0.35969               
         B        175        ILE         0.23604         0.13218          0.1067        0.023722         0.40801        0.075105               
         B        176        ASN          1.1118         0.46366          1.5211         0.29879          1.8304         0.58501               
         B        177        ASN         0.57198         0.18783         0.40071        0.068121         0.84918         0.30224               
         B        178        MET         0.93871         0.36694         0.64361         0.16648          1.4766         0.42978               
         B        179        GLY          2.2723         0.41484               0               0          2.7483          1.6417               
         B        180        HIS          1.4789         0.35093          1.5814          0.3699           2.152         0.96721               
         B        181        ASP          1.2854         0.40773          1.6181          0.2279          1.9508         0.69132               
         B        182        HIS         0.32396        0.096952         0.30245        0.099339         0.49934         0.19559               
         B        183        THR         0.39497         0.20986         0.62264          0.0788         0.73361         0.13215               
         B        184        ARG         0.19524        0.083774         0.21467        0.097717         0.35969        0.075105               
         B        185        GLN         0.73747         0.31836          1.0025         0.14301          1.2551         0.32084               
         B        186        LEU         0.66534         0.26522         0.86659         0.20651           1.219         0.29013               
         B        187        THR         0.61735         0.14626         0.77346        0.073326         0.87417         0.45988               
         B        188        ASN         0.47753         0.16754         0.35606        0.065356         0.77806         0.30224               
         B        189        ASP          1.7764         0.48386           2.171         0.23597          2.3826         0.88692               
         B        190        SER          1.0961         0.19855         0.91145        0.098528           1.412         0.81292               
         B        191        ASP          2.5917         0.64862          3.1511         0.43325          3.8663          1.8596               
         B        192        ASN          1.5081         0.32557          1.6844         0.32113          2.1882          1.0395               
         B        193        ARG          1.1082         0.23351          1.2304        0.093213          1.4331         0.61266               
         B        194        THR          0.4071          0.1535         0.48969        0.096973         0.60334         0.16057               
         B        195        LYS         0.44367         0.23027         0.59268         0.19327         0.86159         0.16057               
         B        196        SER        0.044122        0.035264        0.054681       0.0040102          0.1007               0               
         B        197        GLU          0.1109         0.11791         0.18342         0.11178         0.37315               0               
         B        198        ILE       0.0076767         0.01929               0               0        0.058691               0               
         B        199        PHE        0.010618        0.017892               0               0        0.050671               0               
         B        200        SER        0.094559        0.079962        0.033418        0.033418         0.22733               0               
         B        201        LEU         0.56555         0.19888         0.68765          0.1344         0.80115         0.23279               
         B        202        THR         0.49255         0.18924         0.65573         0.13622         0.82485         0.19559               
         B        203        ARG         0.65948         0.27634         0.81274         0.23383          1.2736         0.35306               
         B        204        ASN         0.88416         0.30354          1.1014         0.24891          1.3912         0.51572               
         B        205        GLY         0.76823         0.19166               0               0          1.0395         0.49934               
         B        206        ASN          1.2817         0.43432          1.5673         0.44553          2.3021         0.83693               
         B        207        LEU          0.7481         0.29514         0.94787         0.27737          1.3707         0.35969               
         B        208        TRP           1.211         0.58772          1.5065         0.41434          2.1882         0.34649               
         B        209        ALA         0.12976        0.051222          0.1007               0         0.22733        0.083504               
         B        210        LYS         0.74467         0.47135          1.0779         0.38399          1.6671         0.23279               
         B        211        ASP         0.77198         0.30027          1.0373         0.15634          1.2014         0.38689               
         B        212        ASN         0.18419        0.073312         0.15485         0.07878         0.29615        0.075105               
         B        213        PHE         0.14681         0.16121        0.038911        0.043836         0.51572               0               
         B        214        THR         0.38638         0.10036         0.35412        0.087478         0.52405         0.24384               
         B        215        PRO          1.0838         0.25716          1.2933         0.26016          1.4989         0.81292               
         B        216        LYS          1.1742         0.16791          1.2348         0.16582          1.4989         0.91295               
         B        217        ASP          2.6024          0.7492          3.2011         0.60684          4.2335           1.693               
         B        218        LYS          2.0043          1.0331          2.6651          0.9357          4.1366         0.84918               
         B        219        MET         0.48226         0.24073         0.26477        0.083626         0.82485         0.16057               
         B        220        PRO         0.38151        0.078068         0.30995        0.045717         0.47541         0.26656               
         B        221        VAL          0.6227         0.21029         0.81999          0.1453          1.0247         0.35306               
         B        222        THR         0.11437        0.051859        0.095678         0.02927         0.22193        0.054666               
         B        223        VAL        0.094879          0.0736        0.026698        0.034289         0.20599               0               
         B        224        SER         0.60663         0.16433         0.77133        0.090259         0.86159         0.34649               
         B        225        GLU         0.97323          0.4071          1.2825         0.28471          1.6671         0.51572               
         B        226        GLY         0.27393        0.062849               0               0         0.37315         0.20077               
         B        227        PHE        0.038534        0.054255               0               0         0.13215               0               
         B        228        ASN         0.40337         0.21273         0.60079         0.10502         0.76673         0.15574               
         B        229        PRO        0.093381        0.072383         0.05064          0.0582         0.23279               0               
         B        230        GLU         0.25988         0.18484         0.39965         0.13039         0.53247        0.058691               
         B        231        PHE               0               0               0               0               0               0               
         B        232        LEU        0.013167        0.022828        0.012668        0.021941        0.054666               0               
         B        233        ALA        0.002465       0.0049301               0               0        0.012325               0               
         B        234        VAL          0.1142        0.041377          0.1326        0.022654         0.18033        0.066835               
         B        235        MET        0.026021        0.026186        0.011677        0.020224        0.075105               0               
         B        236        SER         0.19576         0.10486          0.3377        0.035457         0.37315        0.092036               
         B        237        HIS         0.16226        0.064885          0.1569        0.071134         0.24945        0.054666               
         B        238        ASP           0.717         0.25917          0.9422         0.15412          1.1337         0.33354               
         B        239        LYS         0.79275         0.18003          0.7079         0.11777          1.1502         0.53247               
         B        240        LYS          2.1106         0.86358          2.6888         0.74652          3.9532          1.1337               
         B        241        ASP         0.77963         0.15572         0.68426         0.13247         0.99552          0.4833               
         B        242        LYS          1.4551          0.2865          1.6892         0.13296          1.8596          1.0546               
         B        243        GLY         0.73419         0.18121               0               0          0.9397         0.49127               
         B        244        LYS         0.80454         0.37878           1.041         0.35081          1.6168         0.37999               
         B        245        SER         0.16866         0.05216        0.096421       0.0086674         0.22193        0.087753               
         B        246        GLN         0.48226         0.28182         0.69942         0.18975         0.89984         0.16545               
         B        247        PHE        0.057142        0.071172       0.0035253       0.0059136         0.15574               0               
         B        248        VAL         0.25311        0.094193         0.35056        0.051087         0.42245         0.12755               
         B        249        VAL        0.048666        0.046368               0               0         0.11846               0               
         B        250        HIS         0.28794         0.16135         0.40927        0.071529         0.51572        0.050671               
         B        251        TYR        0.011908        0.025932               0               0        0.092036               0               
         B        252        LYS         0.24445         0.20415         0.40161         0.13543         0.59412       0.0013614               
         B        253        ARG         0.11244        0.083359         0.12536        0.091983         0.30838               0               
         B        254        SER         0.20307         0.11572         0.34728        0.032701         0.37999        0.058691               
         B        255        MET         0.14898         0.07486          0.1113        0.044371         0.32084        0.050671               
         B        256        ASP          0.0971        0.052198         0.11705        0.059639         0.21125        0.038866               
         B        257        GLU         0.30893         0.21592         0.46952          0.1584         0.69132        0.070954               
         B        258        PHE       0.0042886        0.009651               0               0        0.031142               0               
         B        259        LYS         0.38518         0.35116         0.63644         0.28088            1.01        0.023532               
         B        260        ILE        0.027299        0.042522               0               0         0.13215               0               
         B        261        ASP         0.36676         0.21248         0.55893         0.11986         0.72284         0.12298               
         B        262        TRP         0.36531         0.10319         0.35588         0.08563         0.60334         0.23279               
         B        263        ASN          0.6097         0.11528         0.59743         0.10936         0.75555         0.42245               
         B        264        ARG          1.3962         0.22621          1.5083         0.12448          1.7194         0.89984               
         B        265        HIS          2.4285         0.59968          2.7451         0.54552           3.623          1.5683               
         B        266        GLY          2.3366         0.29421               0               0          2.7997           2.082               
         B        267        PHE           2.847         0.62546          3.2305         0.34608          3.7824          1.6671               
         B        268        TRP           2.795          1.2643          3.3849         0.99623          4.9016          1.0855               
         B        269        GLY         0.70484         0.14142               0               0          0.9397         0.58501               
         B        270        TYR         0.59624         0.22365         0.71493         0.16969          1.0546         0.26656               
         B        271        TRP         0.10587        0.064468        0.078433        0.049288         0.21657               0               
         B        272        SER         0.14624         0.10549          0.2844        0.017839         0.30224        0.027323               
         B        273        GLY        0.050713        0.051045               0               0         0.13215               0               
         B        274        GLU         0.44008         0.32689         0.69535         0.21327         0.91295        0.096352               
         B        275        ASN          0.1056         0.10993        0.020627        0.016789         0.33354               0               
         B        276        HIS         0.53255         0.18975         0.65079         0.14739         0.84918         0.24945               
         B        277        VAL         0.58146         0.14703         0.57006         0.15291         0.82485         0.39385               
         B        278        ASP         0.73658         0.19057         0.75198          0.1754          1.0546         0.49127               
         B        279        LYS          1.0351         0.34915          1.1232         0.37283          1.7194         0.60334               
         B        280        LYS         0.91554         0.35182          1.1471          0.2973          1.5216         0.42245               
         B        281        GLU         0.81794          0.1592         0.91483         0.11554          1.0395         0.57601               
         B        282        GLU         0.36684        0.076255         0.38343         0.08236         0.51572         0.26081               
         B        283        LYS         0.52623         0.27426         0.70009         0.25539          1.0546         0.24384               
         B        284        LEU          0.1602        0.049529         0.17823        0.058827         0.26081        0.096352               
         B        285        SER         0.32603        0.083182         0.41578        0.028893         0.44467         0.22733               
         B        286        ALA          0.1837        0.020418         0.15094               0         0.20599         0.15094               
         B        287        LEU          0.4432         0.16709         0.56595         0.15529         0.82485         0.28415               
         B        288        TYR         0.11299        0.072016        0.067136        0.038144         0.21125        0.019769               
         B        289        GLU         0.60733         0.34448         0.86903         0.24289          1.2014         0.24384               
         B        290        VAL         0.15016         0.11872        0.022101         0.01749         0.30838               0               
         B        291        ASP          0.6732         0.25933         0.91674         0.11546            1.07         0.39385               
         B        292        TRP         0.14523         0.15335          0.0604        0.079615         0.43719               0               
         B        293        LYS          1.6324          1.0184          2.2325          1.0202          3.9532         0.65105               
         B        294        THR          1.0822         0.26859          1.3201         0.22564          1.6168         0.77806               
         B        295        HIS          0.3753        0.074986         0.36363         0.08177         0.49127         0.23279               
         B        296        ASN         0.62251         0.28391         0.86378         0.19013          1.1841         0.24945               
         B        297        VAL         0.28332         0.16941          0.1384        0.059284         0.61266        0.058691               
         B        298        LYS          1.0007         0.65481          1.4355         0.58556          2.3826         0.37315               
         B        299        PHE         0.77178         0.21458         0.78596         0.21289          1.1013         0.54959               
         B        300        VAL          1.0687          0.3148         0.96479         0.20434           1.693          0.7017               
         B        301        LYS          1.4552         0.72489          1.9386         0.63288          2.9625         0.60334               
         B        302        VAL         0.86576         0.20905         0.70654        0.092543          1.2736         0.63163               
         B        303        LEU         0.94904         0.21067         0.81023         0.14524          1.3309         0.60334               
         B        304        ASN          2.3505         0.35774          2.6603         0.19203          2.8525          1.7738               
         B        305        ASP          3.6957          1.4641          2.6277          0.5236          6.4967           2.082               
