pdb_id: 
analysis type: unbound
radii_file: F:\psiafrombintisolah\PSAIA-1.0\amac_data\chothia.radii
CX_sRadius: 11
CX_vAtom: 20.1

  chain id|    res id|  res name|     average CX|       s_avg CX|    s-ch avg CX|  s-ch s_avg CX|         max CX|         min CX|               
         B        308        LEU          8.6345          1.7113          10.027          1.3374          12.208          6.7049               
         B        309        PRO          4.7077          1.1303          4.9052           0.739          6.2994          2.8525               
         B        310        THR          3.4766         0.56491          3.9132         0.30473          4.3342          2.6984               
         B        311        TYR          1.8957         0.18158          1.7973         0.13106          2.2253          1.6168               
         B        312        ARG          2.2651         0.51904            3.14               0            3.14          1.7194               
         B        313        TYR           1.096         0.31027         0.92821         0.22093          1.5923         0.65105               
         B        314        PRO          1.1639        0.092552          1.1187         0.11801          1.2551         0.96721               
         B        315        LEU          1.5933         0.20554          1.7783         0.11162          1.9198          1.3309               
         B        316        GLU          1.2417        0.050412          1.2551               0          1.3115          1.1841               
         B        317        LEU          1.4413         0.14098          1.4766               0          1.6417          1.2551               
         B        318        ASP          2.3264         0.39761          2.2253               0          2.8525          1.7738               
         B        319        THR          3.5018         0.49942           3.623               0          4.2335          2.7483               
         B        320        ALA          4.4266         0.40059          4.5475               0          5.0299          3.7824               
         B        321        ASN          3.9713         0.31815          4.1386         0.37655          4.7787          3.7013               
         B        322        ASN          3.2602          0.2872          3.7013               0          3.7013          2.9067               
         B        323        ARG          2.8889         0.75153          3.2493         0.65808          4.3342          1.8018               
         B        324        VAL          1.7431         0.19393          1.6168               0           2.082          1.5447               
         B        325        GLN          1.4375         0.13027          1.4649         0.16015          1.6671          1.2924               
         B        326        VAL          1.3693        0.078314          1.4766               0          1.4766          1.2736               
         B        327        ALA          1.2127        0.041736          1.1337               0          1.2551          1.1337               
         B        328        ASP          1.5936         0.32395          2.2253               0          2.2253          1.3507               
         B        329        ARG          0.9133         0.16666         0.87328         0.14522           1.219         0.63163               
         B        330        PHE         0.83157         0.10271         0.84859         0.11002          1.0395          0.7017               
         B        331        GLY          1.0801        0.070857               0               0          1.2014          1.0247               
         B        332        MET          1.1672         0.16836           1.283         0.14359          1.4331         0.96721               
         B        333        ARG         0.53305         0.13281         0.47411        0.099379         0.76673         0.35306               
         B        334        THR         0.95566         0.25774          1.2257         0.16296          1.3507         0.72284               
         B        335        GLY         0.55228        0.028409               0               0         0.58501         0.52405               
         B        336        THR         0.59227           0.126         0.83693               0         0.83693          0.4833               
         B        337        TRP         0.31263        0.080151         0.26884        0.037924         0.47541         0.22193               
         B        338        THR          1.0485         0.28284          1.3475         0.15685          1.5683         0.72284               
         B        339        GLY         0.79564        0.023961               0               0         0.82485         0.76673               
         B        340        GLN          1.1548         0.66853          1.6328         0.51726          2.4672         0.35306               
         B        341        LEU         0.23589         0.12195        0.090838        0.032146         0.38689        0.058691               
         B        342        GLN         0.31354         0.10349         0.49934               0         0.49934         0.22193               
         B        343        TYR         0.22748         0.09885         0.18926        0.061664         0.49127        0.083504               
         B        344        GLN         0.54839         0.10343         0.61245        0.052337          0.7017         0.31458               
         B        345        HIS          1.1062         0.27046          1.1085         0.25641          1.4989         0.74451               
         B        346        PRO          2.2835         0.44678          2.2295         0.30069            3.14          1.6671               
         B        347        GLN          2.1244         0.15636          2.3419               0          2.3419          1.9198               
         B        348        LEU          0.9793         0.24885         0.84843          0.1922          1.4331         0.58501               
         B        349        SER          1.0613          0.2395           1.236         0.24053          1.4766         0.77806               
         B        350        TRP          0.4849         0.20725         0.39657         0.17364         0.81292         0.19559               
         B        351        ARG           1.256         0.32013          1.4231         0.25984          1.7463         0.82485               
         B        352        ALA         0.69741         0.08198         0.59412               0         0.78953         0.59412               
         B        353        ASN          1.6435         0.64568          2.2168         0.40986          2.9067         0.95336               
         B        354        VAL         0.55686         0.19677         0.33674        0.037288         0.81292         0.28415               
         B        355        THR         0.89129         0.22038          1.1241         0.11943          1.2736         0.65105               
         B        356        LEU         0.32434         0.15722         0.18209        0.044663         0.57601         0.10509               
         B        357        ASN         0.71821         0.33925          1.0269         0.17986          1.2369         0.30224               
         B        358        LEU         0.23048         0.16467         0.09442        0.051329          0.5583        0.027323               
         B        359        MET         0.62239          0.3217         0.91323         0.17845           1.167         0.24945               
         B        360        LYS          0.2282         0.15556         0.11673        0.056028         0.54098        0.050671               
         B        361        VAL         0.75309         0.22533         0.95928         0.17576          1.2014         0.42978               
         B        362        ASP         0.96713         0.50089          1.3884         0.36931          1.9825         0.38689               
         B        363        ASP         0.82673         0.29241           1.074         0.20749           1.412         0.49934               
         B        364        TRP          0.9129         0.44774           1.135         0.32334           1.693          0.2551               
         B        365        LEU         0.10247        0.087633        0.025078        0.031832         0.23829               0               
         B        366        VAL         0.36166          0.1511         0.52677        0.063446         0.57601         0.19559               
         B        367        LEU         0.19259         0.16294        0.045065        0.054107         0.44467               0               
         B        368        SER         0.66195         0.16691         0.87264        0.094578         0.96721         0.45224               
         B        369        PHE         0.26656         0.25179         0.10033         0.11256         0.74451               0               
         B        370        SER         0.90754          0.1992          1.1145         0.10452           1.219         0.63163               
         B        371        GLN          1.3636         0.52147          1.7211          0.4427          2.5111         0.81292               
         B        372        MET         0.44143         0.19587          0.2937         0.17378         0.64128        0.075105               
         B        373        THR         0.75736         0.18706         0.94201         0.11675          1.1013         0.51572               
         B        374        THR         0.32389         0.10427         0.21904        0.055139          0.4676         0.15574               
         B        375        ASN         0.67617         0.35121         0.96367         0.26815          1.3912         0.24945               
         B        376        SER         0.41517         0.16328         0.61709        0.084615          0.7017         0.22733               
         B        377        ILE         0.11579        0.091926        0.026583        0.024153         0.23829               0               
         B        378        MET         0.61913         0.35446         0.91849         0.25932          1.2736         0.24384               
         B        379        ALA         0.68671         0.19608            1.07               0            1.07         0.54098               
         B        380        ASP         0.70261         0.28996         0.96607         0.15429          1.1502         0.35969               
         B        381        GLY         0.27405        0.047053               0               0         0.35306         0.23829               
         B        382        LYS         0.36601         0.19921         0.51641         0.13857         0.67095         0.11396               
         B        383        PHE        0.056354         0.05779        0.017402        0.028542         0.16057               0               
         B        384        VAL         0.23581        0.093232         0.33282        0.042829         0.36639         0.11396               
         B        385        ILE        0.071443        0.046938         0.03155        0.020596         0.14619       0.0049895               
         B        386        ASN          0.5157         0.19613         0.68253         0.12647         0.88692         0.23829               
         B        387        PHE         0.17932         0.18631         0.05386         0.07652         0.50748               0               
         B        388        VAL          1.0529         0.20815          1.1729        0.021308          1.2736         0.61266               
         B        389        SER          1.1342         0.29941          1.4877        0.011156          1.4989         0.67095               
         B        390        GLY         0.76636         0.14082               0               0         0.98127         0.62209               
         B        391        LEU         0.52603         0.26973         0.31044         0.11316          1.0546         0.15574               
         B        392        SER         0.97131         0.15768          1.0086         0.10877           1.167         0.68107               
         B        393        SER          2.2591         0.60257          3.0826         0.12008          3.2027          1.6671               
         B        394        GLY           1.434         0.32319               0               0          1.8304          1.0546               
         B        395        TRP         0.44619         0.27019         0.30703         0.17036         0.95336        0.066835               
         B        396        GLN          1.2036          0.6163          1.6806         0.40106          2.2253         0.44467               
         B        397        THR         0.57224         0.16634         0.72063        0.093115         0.84918         0.32084               
         B        398        GLY         0.56265        0.057986               0               0         0.64128          0.4833               
         B        399        ASP         0.43386         0.21015         0.55247         0.19623         0.80115         0.15094               
         B        400        THR        0.072276        0.053927        0.039651        0.052587         0.14147               0               
         B        401        GLU         0.63015         0.32036         0.85846         0.25326           1.167         0.24384               
         B        402        PRO         0.35534         0.17823         0.21262        0.040288         0.72284         0.15574               
         B        403        SER         0.95653         0.33654         0.86839        0.031454          1.6417         0.54959               
         B        404        SER          1.1125         0.28079          1.4304         0.21133          1.6417         0.75555               
         B        405        THR            1.68         0.39424          2.0346          0.3688          2.5561          1.3115               
         B        406        ILE          1.8511         0.60604          2.3245         0.45095          2.7997         0.95336               
         B        407        ASP          1.3751         0.32141          1.1449         0.17993           2.015         0.88692               
         B        408        PRO          1.1047         0.24578          1.1806         0.29538          1.5216         0.80115               
         B        409        LEU         0.55207         0.17196         0.43769         0.15228         0.83693         0.26081               
         B        410        SER         0.59841        0.096506         0.65692        0.098626         0.75555         0.44467               
         B        411        THR         0.84288         0.19959         0.91754         0.21337           1.219         0.65105               
         B        412        THR         0.56989         0.06431         0.60334               0         0.62209         0.44467               
         B        413        PHE          1.0216         0.35699          1.2356         0.26698          1.6168         0.52405               
         B        414        ALA         0.34798        0.072005         0.21125               0         0.42245         0.21125               
         B        415        ALA         0.47709         0.15142         0.75555               0         0.75555         0.34649               
         B        416        VAL          0.1866         0.13262        0.063832        0.034173         0.42978        0.027323               
         B        417        GLN         0.54982         0.35018         0.81684         0.24122          1.2014         0.16545               
         B        418        PHE         0.20769         0.12143         0.15103        0.068921         0.50748        0.058691               
         B        419        LEU         0.73638         0.21207         0.90066          0.1376          1.0247         0.35969               
         B        420        ASN          1.3524         0.27234          1.4173         0.21791          1.6671         0.88692               
         B        421        ASN          2.4452         0.48871          2.7997               0            3.14          1.7194               
         B        422        GLY          2.1398         0.13185               0               0          2.2633          1.9508               
         B        423        GLN          2.3448          1.1183          3.1429         0.86165          4.4388         0.96721               
         B        424        ARG          1.1662         0.17638          1.2144          0.1672          1.4547         0.92623               
         B        425        ILE         0.76208         0.14861         0.86829        0.079969          0.9397         0.45988               
         B        426        ASP           1.376         0.42072          1.7615         0.21186          2.1166         0.88692               
         B        427        ALA         0.56563        0.076659         0.44467               0         0.65105         0.44467               
         B        428        PHE          1.0378         0.43775          1.3299         0.24621           1.693         0.39385               
         B        429        ARG         0.20523        0.095905         0.16748         0.09562         0.35306        0.046706               
         B        430        ILE         0.55141         0.24365         0.75652         0.16812          1.0395         0.24384               
         B        431        MET         0.16139         0.10021        0.072415        0.055599         0.29615               0               
         B        432        GLY         0.22488        0.017981               0               0          0.2551         0.21125               
         B        433        VAL         0.15406        0.093714        0.072938        0.025479         0.33999        0.042771               
         B        434        SER         0.40901         0.11836         0.43463        0.040778         0.58501         0.19046               
         B        435        GLU         0.67281         0.40867         0.97517         0.30522          1.3707         0.22193               
         B        436        TRP         0.45524         0.19465         0.42801         0.20121         0.75555         0.19046               
         B        437        THR          1.1515         0.38078          1.5085         0.29341          1.9198         0.63163               
         B        438        ASP           1.664         0.63963          2.2324         0.39915          2.6497          0.9397               
         B        439        GLY         0.55926         0.10791               0               0          0.7017         0.41519               
         B        440        GLU         0.62605         0.23605         0.79131         0.18406          1.1174         0.32084               
         B        441        LEU         0.09093        0.087376       0.0049422       0.0085601         0.20599               0               
         B        442        GLU         0.43525         0.28504         0.65525         0.19105         0.87417         0.13215               
         B        443        ILE        0.054432        0.047603       0.0090328        0.012926         0.12298               0               
         B        444        LYS         0.46449         0.31241         0.68839         0.24978         0.98127         0.16545               
         B        445        ASN         0.19945         0.10472         0.12112        0.021376         0.42978        0.092036               
         B        446        TYR         0.71508         0.14788         0.74923        0.091735         0.95336         0.38689               
         B        447        GLY         0.55492         0.06899               0               0         0.62209         0.44467               
         B        448        GLY         0.84395         0.11575               0               0          1.0247         0.72284               
         B        449        THR          1.0143         0.33862          1.2909         0.29458           1.693         0.53247               
         B        450        TYR         0.74345          0.2308         0.63289         0.17916          1.1841         0.37315               
         B        451        THR         0.82421         0.18769         0.91215         0.23651          1.2014         0.62209               
         B        452        GLY         0.96736         0.11899               0               0          1.1337         0.83693               
         B        453        HIS         0.45752         0.24633         0.26435        0.068276         0.81292         0.19046               
         B        454        THR         0.97473         0.28848          1.2747         0.17565          1.4989         0.67095               
         B        455        GLN         0.67466         0.33575         0.92508         0.23673          1.1841         0.27824               
         B        456        VAL         0.15594         0.12993        0.029845        0.021647         0.37999               0               
         B        457        TYR         0.57662         0.25132          0.7208         0.17791          1.0395         0.23279               
         B        458        TRP         0.17954         0.22785        0.059509        0.086884         0.76673               0               
         B        459        ALA         0.69983         0.11885         0.84918               0         0.84918         0.52405               
         B        460        PRO          1.2182          0.2701          1.5111         0.11029          1.6671         0.87417               
         B        461        TRP         0.36994         0.22793         0.25574         0.15526         0.78953        0.042771               
         B        462        THR         0.79459         0.20107          1.0068         0.11221          1.1013          0.5583               
         B        463        ILE         0.29083        0.082719         0.23166        0.044468         0.43719         0.18033               
         B        464        MET         0.48051         0.14345         0.62744         0.12811         0.75555         0.32716               
         B        465        TYR         0.13644          0.1238        0.057592        0.060717         0.34649               0               
         B        466        PRO         0.54129         0.18456          0.7171         0.13956         0.84918         0.30838               
         B        467        CYS         0.35046         0.10345          0.2089        0.018436         0.45224         0.19046               
         B        468        ASN          1.0069         0.40869          1.3065         0.36059          1.8893         0.54959               
         B        469        VAL         0.72492         0.14228         0.71831        0.067402            1.01         0.51572               
         B        470        ARG         0.97153          0.5157          1.3211         0.37037          1.7738         0.39385               
