pdb_id: 
analysis type: unbound
radii_file: F:\psiafrombintisolah\PSAIA-1.0\amac_data\chothia.radii
ASA_zSice: 0.25
ASA_rSolvent: 1.4
total ASA: 0
back-bone ASA: 0
side-chain ASA: 0
polar ASA: 0
non-polar ASA: 0

  chain id|   ch total ASA|  ch b-bone ASA| ch s-chain ASA|   ch polar ASA| ch n-polar ASA|    res id|  res name|      total ASA|     b-bone ASA|    s-chain ASA|      polar ASA|    n-polar ASA|               
         A           15449          3532.9           11916          7802.6          7646.4       1834        GLY          57.532          57.532               0          32.567          24.965               
         A           15449          3532.9           11916          7802.6          7646.4       1835        LEU          67.445          22.744          44.702          22.744          44.702               
         A           15449          3532.9           11916          7802.6          7646.4       1836        ILE          78.198          4.8156          73.382               0          78.198               
         A           15449          3532.9           11916          7802.6          7646.4       1837        TYR          136.64          24.079          112.56          47.723          88.922               
         A           15449          3532.9           11916          7802.6          7646.4       1838        ILE          87.469          3.5939          83.876          2.2705          85.199               
         A           15449          3532.9           11916          7802.6          7646.4       1839        ASN          131.54          24.875          106.67          98.997          32.544               
         A           15449          3532.9           11916          7802.6          7646.4       1840        ASP           142.2          39.847          102.36          93.419          48.784               
         A           15449          3532.9           11916          7802.6          7646.4       1841        SER          37.257          8.4598          28.797           0.716          36.541               
         A           15449          3532.9           11916          7802.6          7646.4       1842        LEU          15.532          3.6165          11.916          3.6165          11.916               
         A           15449          3532.9           11916          7802.6          7646.4       1843        TYR          39.886               0          39.886          27.269          12.617               
         A           15449          3532.9           11916          7802.6          7646.4       1844        TYR          40.605          0.3802          40.225           33.87          6.7356               
         A           15449          3532.9           11916          7802.6          7646.4       1845        PHE          46.583          1.5597          45.023          1.1238          45.459               
         A           15449          3532.9           11916          7802.6          7646.4       1846        LYS           101.5          6.6172          94.878          46.665           54.83               
         A           15449          3532.9           11916          7802.6          7646.4       1847        PRO          126.46          35.657          90.806          22.063           104.4               
         A           15449          3532.9           11916          7802.6          7646.4       1848        PRO          96.355          32.721          63.634          20.993          75.362               
         A           15449          3532.9           11916          7802.6          7646.4       1849        VAL          125.29          19.209          106.08           12.13          113.16               
         A           15449          3532.9           11916          7802.6          7646.4       1850        ASN          121.42          29.243          92.176           95.12          26.299               
         A           15449          3532.9           11916          7802.6          7646.4       1851        ASN          46.188          6.5846          39.604           32.16          14.029               
         A           15449          3532.9           11916          7802.6          7646.4       1852        LEU          62.343          16.324          46.018          16.324          46.018               
         A           15449          3532.9           11916          7802.6          7646.4       1853        ILE          47.535          15.711          31.824          15.707          31.828               
         A           15449          3532.9           11916          7802.6          7646.4       1854        THR          49.715          15.343          34.372          35.323          14.392               
         A           15449          3532.9           11916          7802.6          7646.4       1855        GLY          16.965          16.965               0               0          16.965               
         A           15449          3532.9           11916          7802.6          7646.4       1856        PHE          80.721          31.316          49.404          30.398          50.322               
         A           15449          3532.9           11916          7802.6          7646.4       1857        VAL          18.892          5.3565          13.535               0          18.892               
         A           15449          3532.9           11916          7802.6          7646.4       1858        THR          82.405          30.398          52.007          49.631          32.774               
         A           15449          3532.9           11916          7802.6          7646.4       1859        VAL          45.003          9.0793          35.923          4.9906          40.012               
         A           15449          3532.9           11916          7802.6          7646.4       1860        GLY          71.895          71.895               0          28.369          43.525               
         A           15449          3532.9           11916          7802.6          7646.4       1861        ASP          139.79           29.78          110.01          95.949          43.839               
         A           15449          3532.9           11916          7802.6          7646.4       1862        ASP          56.782          7.3551          49.426          40.233          16.548               
         A           15449          3532.9           11916          7802.6          7646.4       1863        LYS            64.1          2.2415          61.858          40.925          23.175               
         A           15449          3532.9           11916          7802.6          7646.4       1864        TYR          20.472               0          20.472          20.331          0.1405               
         A           15449          3532.9           11916          7802.6          7646.4       1865        TYR          21.662               0          21.662          15.072          6.5892               
         A           15449          3532.9           11916          7802.6          7646.4       1866        PHE          0.4852               0          0.4852               0          0.4852               
         A           15449          3532.9           11916          7802.6          7646.4       1867        ASN          13.341               0          13.341          12.445          0.8961               
         A           15449          3532.9           11916          7802.6          7646.4       1868        PRO          76.868          27.712          49.156          25.567          51.301               
         A           15449          3532.9           11916          7802.6          7646.4       1869        ILE          133.56          31.053           102.5          24.316          109.24               
         A           15449          3532.9           11916          7802.6          7646.4       1870        ASN          91.845          17.085           74.76          63.594           28.25               
         A           15449          3532.9           11916          7802.6          7646.4       1871        GLY          46.156          46.156               0          9.2584          36.897               
         A           15449          3532.9           11916          7802.6          7646.4       1872        GLY          0.3072          0.3072               0          0.2901          0.0171               
         A           15449          3532.9           11916          7802.6          7646.4       1873        ALA          15.217          0.5949          14.622          0.5949          14.622               
         A           15449          3532.9           11916          7802.6          7646.4       1874        ALA          15.291          13.413          1.8781          13.413          1.8781               
         A           15449          3532.9           11916          7802.6          7646.4       1875        SER          7.2451          6.5904          0.6547          0.0727          7.1724               
         A           15449          3532.9           11916          7802.6          7646.4       1876        ILE          92.646          16.089          76.557          15.875          76.772               
         A           15449          3532.9           11916          7802.6          7646.4       1877        GLY          15.573          15.573               0               0          15.573               
         A           15449          3532.9           11916          7802.6          7646.4       1878        GLU           46.07          25.927          20.143          34.943          11.127               
         A           15449          3532.9           11916          7802.6          7646.4       1879        THR          34.911          1.9682          32.943               0          34.911               
         A           15449          3532.9           11916          7802.6          7646.4       1880        ILE           111.9          24.218          87.685          24.218          87.685               
         A           15449          3532.9           11916          7802.6          7646.4       1881        ILE          12.643          3.6682          8.9752          0.8693          11.774               
         A           15449          3532.9           11916          7802.6          7646.4       1882        ASP          121.76          28.026          93.733          78.701          43.058               
         A           15449          3532.9           11916          7802.6          7646.4       1883        ASP          131.01          25.632          105.37          92.133          38.872               
         A           15449          3532.9           11916          7802.6          7646.4       1884        LYS          67.121          3.9479          63.173          20.826          46.296               
         A           15449          3532.9           11916          7802.6          7646.4       1885        ASN          38.992          1.0939          37.898          38.719          0.2729               
         A           15449          3532.9           11916          7802.6          7646.4       1886        TYR          7.6455               0          7.6455           3.915          3.7305               
         A           15449          3532.9           11916          7802.6          7646.4       1887        TYR          45.189               0          45.189          33.934          11.254               
         A           15449          3532.9           11916          7802.6          7646.4       1888        PHE               0               0               0               0               0               
         A           15449          3532.9           11916          7802.6          7646.4       1889        ASN          42.467          2.5328          39.934           23.53          18.937               
         A           15449          3532.9           11916          7802.6          7646.4       1890        GLN          138.77          22.272           116.5          69.237          69.536               
         A           15449          3532.9           11916          7802.6          7646.4       1891        SER          64.331          7.5497          56.781          36.918          27.412               
         A           15449          3532.9           11916          7802.6          7646.4       1892        GLY          0.2369          0.2369               0               0          0.2369               
         A           15449          3532.9           11916          7802.6          7646.4       1893        VAL          23.041               0          23.041               0          23.041               
         A           15449          3532.9           11916          7802.6          7646.4       1894        LEU          19.953          11.204          8.7492          11.204          8.7492               
         A           15449          3532.9           11916          7802.6          7646.4       1895        GLN          60.375          2.7918          57.584          39.558          20.818               
         A           15449          3532.9           11916          7802.6          7646.4       1896        THR          49.593          19.581          30.012          20.061          29.532               
         A           15449          3532.9           11916          7802.6          7646.4       1897        GLY          7.2974          7.2974               0               0          7.2974               
         A           15449          3532.9           11916          7802.6          7646.4       1898        VAL          24.007          23.285          0.7221          22.749          1.2583               
         A           15449          3532.9           11916          7802.6          7646.4       1899        PHE          44.592            4.27          40.322               0          44.592               
         A           15449          3532.9           11916          7802.6          7646.4       1900        SER          79.663          19.924           59.74          44.139          35.524               
         A           15449          3532.9           11916          7802.6          7646.4       1901        THR          21.291          21.291               0           10.48           10.81               
         A           15449          3532.9           11916          7802.6          7646.4       1902        GLU          170.88          53.435          117.44          107.39           63.49               
         A           15449          3532.9           11916          7802.6          7646.4       1903        ASP          82.195          30.409          51.786          68.535           13.66               
         A           15449          3532.9           11916          7802.6          7646.4       1904        GLY          27.209          27.209               0           0.414          26.795               
         A           15449          3532.9           11916          7802.6          7646.4       1905        PHE          25.964          0.3558          25.608          0.3558          25.608               
         A           15449          3532.9           11916          7802.6          7646.4       1906        LYS          4.8292               0          4.8292          3.3137          1.5155               
         A           15449          3532.9           11916          7802.6          7646.4       1907        TYR          10.531          0.0297          10.501          10.292          0.2384               
         A           15449          3532.9           11916          7802.6          7646.4       1908        PHE               0               0               0               0               0               
         A           15449          3532.9           11916          7802.6          7646.4       1909        ALA               0               0               0               0               0               
         A           15449          3532.9           11916          7802.6          7646.4       1910        PRO          45.218               0          45.218               0          45.218               
         A           15449          3532.9           11916          7802.6          7646.4       1911        ALA          49.069          18.533          30.536          18.533          30.536               
         A           15449          3532.9           11916          7802.6          7646.4       1912        ASN          108.02          26.542          81.483          80.008          28.016               
         A           15449          3532.9           11916          7802.6          7646.4       1913        THR          57.684          33.739          23.945              34          23.685               
         A           15449          3532.9           11916          7802.6          7646.4       1914        LEU          59.065          7.5616          51.503          2.1467          56.918               
         A           15449          3532.9           11916          7802.6          7646.4       1915        ASP          131.13          37.231          93.903          87.199          43.935               
         A           15449          3532.9           11916          7802.6          7646.4       1916        GLU          146.67          18.987          127.69          98.752          47.921               
         A           15449          3532.9           11916          7802.6          7646.4       1917        ASN          6.3176          4.1048          2.2128          2.3719          3.9457               
         A           15449          3532.9           11916          7802.6          7646.4       1918        LEU          95.157          2.1359          93.021               0          95.157               
         A           15449          3532.9           11916          7802.6          7646.4       1919        GLU            71.7          4.9176          66.783          39.156          32.544               
         A           15449          3532.9           11916          7802.6          7646.4       1920        GLY               0               0               0               0               0               
         A           15449          3532.9           11916          7802.6          7646.4       1921        GLU          24.977               0          24.977          24.061          0.9161               
         A           15449          3532.9           11916          7802.6          7646.4       1922        ALA          22.391          15.276          7.1157          14.647          7.7443               
         A           15449          3532.9           11916          7802.6          7646.4       1923        ILE          9.1992          5.3093          3.8899          1.5789          7.6203               
         A           15449          3532.9           11916          7802.6          7646.4       1924        ASP          91.114          14.056          77.058          68.061          23.053               
         A           15449          3532.9           11916          7802.6          7646.4       1925        PHE          35.913          1.0478          34.865               0          35.913               
         A           15449          3532.9           11916          7802.6          7646.4       1926        THR          63.689          18.087          45.601          45.657          18.032               
         A           15449          3532.9           11916          7802.6          7646.4       1927        GLY          20.007          20.007               0          0.6099          19.397               
         A           15449          3532.9           11916          7802.6          7646.4       1928        LYS          96.092          19.956          76.136           49.01          47.082               
         A           15449          3532.9           11916          7802.6          7646.4       1929        LEU          20.141          3.1002          17.041               0          20.141               
         A           15449          3532.9           11916          7802.6          7646.4       1930        ILE          104.98          27.557          77.427          27.557          77.427               
         A           15449          3532.9           11916          7802.6          7646.4       1931        ILE          64.943          1.6895          63.254          0.4178          64.525               
         A           15449          3532.9           11916          7802.6          7646.4       1932        ASP          128.38           25.63          102.75          82.328          46.051               
         A           15449          3532.9           11916          7802.6          7646.4       1933        GLU          133.86          10.068          123.79          83.957          49.903               
         A           15449          3532.9           11916          7802.6          7646.4       1934        ASN          48.682          2.4136          46.269          46.083          2.5992               
         A           15449          3532.9           11916          7802.6          7646.4       1935        ILE          8.0051          0.3124          7.6927          0.3124          7.6927               
         A           15449          3532.9           11916          7802.6          7646.4       1936        TYR          12.778               0          12.778          11.611          1.1676               
         A           15449          3532.9           11916          7802.6          7646.4       1937        TYR          42.012          0.1273          41.885          32.454          9.5579               
         A           15449          3532.9           11916          7802.6          7646.4       1938        PHE          0.0923          0.0923               0          0.0923               0               
         A           15449          3532.9           11916          7802.6          7646.4       1939        ASP          44.337          0.1774           44.16          29.881          14.456               
         A           15449          3532.9           11916          7802.6          7646.4       1940        ASP          120.55          14.646           105.9          81.044          39.502               
         A           15449          3532.9           11916          7802.6          7646.4       1941        ASN          94.273          15.047          79.226          50.541          43.732               
         A           15449          3532.9           11916          7802.6          7646.4       1942        TYR          88.338           0.014          88.324          43.854          44.484               
         A           15449          3532.9           11916          7802.6          7646.4       1943        ARG          43.342          0.5235          42.818          31.315          12.027               
         A           15449          3532.9           11916          7802.6          7646.4       1944        GLY          15.468          15.468               0          14.604          0.8641               
         A           15449          3532.9           11916          7802.6          7646.4       1945        ALA          12.125          6.7512          5.3735          0.1912          11.934               
         A           15449          3532.9           11916          7802.6          7646.4       1946        VAL           66.22          17.385          48.834          17.385          48.834               
         A           15449          3532.9           11916          7802.6          7646.4       1947        GLU           83.86               0           83.86          66.232          17.628               
         A           15449          3532.9           11916          7802.6          7646.4       1948        TRP          92.691          26.207          66.483          40.418          52.272               
         A           15449          3532.9           11916          7802.6          7646.4       1949        LYS          61.786          1.6117          60.174          32.944          28.842               
         A           15449          3532.9           11916          7802.6          7646.4       1950        GLU          98.046          19.724          78.322          72.877          25.169               
         A           15449          3532.9           11916          7802.6          7646.4       1951        LEU          24.816          0.8078          24.008          0.1175          24.698               
         A           15449          3532.9           11916          7802.6          7646.4       1952        ASP          144.79          42.898           101.9          100.93          43.859               
         A           15449          3532.9           11916          7802.6          7646.4       1953        GLY          65.417          65.417               0          32.169          33.248               
         A           15449          3532.9           11916          7802.6          7646.4       1954        GLU          69.951          5.1988          64.753          43.437          26.514               
         A           15449          3532.9           11916          7802.6          7646.4       1955        MET          67.044          3.0266          64.017          3.0266          64.017               
         A           15449          3532.9           11916          7802.6          7646.4       1956        HIS          0.9283               0          0.9283          0.0091          0.9192               
         A           15449          3532.9           11916          7802.6          7646.4       1957        TYR          18.131               0          18.131          15.206          2.9249               
         A           15449          3532.9           11916          7802.6          7646.4       1958        PHE          0.0071               0          0.0071               0          0.0071               
         A           15449          3532.9           11916          7802.6          7646.4       1959        SER          10.646               0          10.646          5.1209          5.5252               
         A           15449          3532.9           11916          7802.6          7646.4       1960        PRO          59.778          22.048           37.73          20.993          38.786               
         A           15449          3532.9           11916          7802.6          7646.4       1961        GLU          142.26           28.15          114.11          85.808          56.455               
         A           15449          3532.9           11916          7802.6          7646.4       1962        THR          59.379          6.7737          52.606          6.9233          52.456               
         A           15449          3532.9           11916          7802.6          7646.4       1963        GLY          1.0288          1.0288               0          0.7363          0.2925               
         A           15449          3532.9           11916          7802.6          7646.4       1964        LYS          71.765          0.7804          70.984          39.637          32.128               
         A           15449          3532.9           11916          7802.6          7646.4       1965        ALA          9.9807          9.9807               0          9.9807               0               
         A           15449          3532.9           11916          7802.6          7646.4       1966        PHE          42.266          4.3428          37.923          0.0293          42.237               
         A           15449          3532.9           11916          7802.6          7646.4       1967        LYS          75.528          22.919          52.609          33.779          41.749               
         A           15449          3532.9           11916          7802.6          7646.4       1968        GLY          22.442          22.442               0          1.9533          20.489               
         A           15449          3532.9           11916          7802.6          7646.4       1969        LEU          59.099          26.428          32.672          25.711          33.388               
         A           15449          3532.9           11916          7802.6          7646.4       1970        ASN          34.483          4.5755          29.908          29.646          4.8367               
         A           15449          3532.9           11916          7802.6          7646.4       1971        GLN           107.7          24.679          83.017          69.408          38.288               
         A           15449          3532.9           11916          7802.6          7646.4       1972        ILE          20.611          6.6924          13.919          3.1335          17.477               
         A           15449          3532.9           11916          7802.6          7646.4       1973        GLY          59.949          59.949               0          17.566          42.382               
         A           15449          3532.9           11916          7802.6          7646.4       1974        ASP          128.41          28.281          100.13          94.131          34.276               
         A           15449          3532.9           11916          7802.6          7646.4       1975        TYR          120.32          3.3867          116.93          42.459           77.86               
         A           15449          3532.9           11916          7802.6          7646.4       1976        LYS          59.317          1.8907          57.426          25.055          34.262               
         A           15449          3532.9           11916          7802.6          7646.4       1977        TYR          21.136               0          21.136          18.058          3.0783               
         A           15449          3532.9           11916          7802.6          7646.4       1978        TYR          49.272               0          49.272          37.416          11.855               
         A           15449          3532.9           11916          7802.6          7646.4       1979        PHE          0.3238          0.3238               0          0.3238               0               
         A           15449          3532.9           11916          7802.6          7646.4       1980        ASN          46.274           5.509          40.765          36.398          9.8757               
         A           15449          3532.9           11916          7802.6          7646.4       1981        SER          94.665          18.986          75.679          47.341          47.325               
         A           15449          3532.9           11916          7802.6          7646.4       1982        ASP          83.665          0.2774          83.387          69.064          14.601               
         A           15449          3532.9           11916          7802.6          7646.4       1983        GLY               0               0               0               0               0               
         A           15449          3532.9           11916          7802.6          7646.4       1984        VAL          19.763               0          19.763               0          19.763               
         A           15449          3532.9           11916          7802.6          7646.4       1985        MET          17.037          9.9846          7.0529          9.9846          7.0529               
         A           15449          3532.9           11916          7802.6          7646.4       1986        GLN          52.982          0.6374          52.344          44.588           8.394               
         A           15449          3532.9           11916          7802.6          7646.4       1987        LYS          111.49          28.075          83.411          56.578          54.907               
         A           15449          3532.9           11916          7802.6          7646.4       1988        GLY          21.724          21.724               0          1.6162          20.108               
         A           15449          3532.9           11916          7802.6          7646.4       1989        PHE          78.355          27.838          50.517          27.838          50.517               
         A           15449          3532.9           11916          7802.6          7646.4       1990        VAL          20.465          3.6315          16.833               0          20.465               
         A           15449          3532.9           11916          7802.6          7646.4       1991        SER          71.072          25.639          45.433          37.984          33.089               
         A           15449          3532.9           11916          7802.6          7646.4       1992        ILE          25.732          3.9897          21.743          0.5984          25.134               
         A           15449          3532.9           11916          7802.6          7646.4       1993        ASN          133.13          29.225           103.9          97.851          35.275               
         A           15449          3532.9           11916          7802.6          7646.4       1994        ASP          139.69          34.056          105.64          95.169          44.525               
         A           15449          3532.9           11916          7802.6          7646.4       1995        ASN          55.246          6.8633          48.382          47.516          7.7296               
         A           15449          3532.9           11916          7802.6          7646.4       1996        LYS          88.086          3.4213          84.665           35.03          53.057               
         A           15449          3532.9           11916          7802.6          7646.4       1997        HIS          7.1898               0          7.1898          3.6275          3.5623               
         A           15449          3532.9           11916          7802.6          7646.4       1998        TYR          34.761               0          34.761          27.823          6.9379               
         A           15449          3532.9           11916          7802.6          7646.4       1999        PHE          0.4633          0.4633               0          0.4633               0               
         A           15449          3532.9           11916          7802.6          7646.4       2000        ASP          35.942          2.6374          33.305           18.89          17.053               
         A           15449          3532.9           11916          7802.6          7646.4       2001        ASP           119.8          13.801             106           76.15          43.648               
         A           15449          3532.9           11916          7802.6          7646.4       2002        SER           73.13          15.495          57.635          45.325          27.805               
         A           15449          3532.9           11916          7802.6          7646.4       2003        GLY               0               0               0               0               0               
         A           15449          3532.9           11916          7802.6          7646.4       2004        VAL          24.183               0          24.183               0          24.183               
         A           15449          3532.9           11916          7802.6          7646.4       2005        MET            10.3          0.3003              10          0.3003              10               
         A           15449          3532.9           11916          7802.6          7646.4       2006        LYS          78.121          6.0399          72.081          51.044          27.077               
         A           15449          3532.9           11916          7802.6          7646.4       2007        VAL          78.432           20.79          57.642           20.21          58.222               
         A           15449          3532.9           11916          7802.6          7646.4       2008        GLY          20.941          20.941               0          1.3652          19.575               
         A           15449          3532.9           11916          7802.6          7646.4       2009        TYR          38.799          26.306          12.493          29.917          8.8824               
         A           15449          3532.9           11916          7802.6          7646.4       2010        THR          13.166          4.3993          8.7671          1.7966           11.37               
         A           15449          3532.9           11916          7802.6          7646.4       2011        GLU          102.69          23.621          79.069          67.249          35.441               
         A           15449          3532.9           11916          7802.6          7646.4       2012        ILE          24.474          6.9488          17.525           4.266          20.208               
         A           15449          3532.9           11916          7802.6          7646.4       2013        ASP          144.89          32.866          112.03           102.6          42.288               
         A           15449          3532.9           11916          7802.6          7646.4       2014        GLY          60.476          60.476               0          30.063          30.414               
         A           15449          3532.9           11916          7802.6          7646.4       2015        LYS          79.077          2.6632          76.414          42.469          36.608               
         A           15449          3532.9           11916          7802.6          7646.4       2016        HIS          53.265          2.2956           50.97          24.883          28.383               
         A           15449          3532.9           11916          7802.6          7646.4       2017        PHE          4.0704               0          4.0704               0          4.0704               
         A           15449          3532.9           11916          7802.6          7646.4       2018        TYR          39.658               0          39.658          34.695          4.9629               
         A           15449          3532.9           11916          7802.6          7646.4       2019        PHE          0.4347          0.4347               0          0.4347               0               
         A           15449          3532.9           11916          7802.6          7646.4       2020        ALA          23.917           3.408          20.509               0          23.917               
         A           15449          3532.9           11916          7802.6          7646.4       2021        GLU           166.5          24.468          142.03          104.09          62.407               
         A           15449          3532.9           11916          7802.6          7646.4       2022        ASN          63.939          3.5949          60.344          29.094          34.844               
         A           15449          3532.9           11916          7802.6          7646.4       2023        GLY               0               0               0               0               0               
         A           15449          3532.9           11916          7802.6          7646.4       2024        GLU           44.78               0           44.78          42.997          1.7832               
         A           15449          3532.9           11916          7802.6          7646.4       2025        MET              29            17.5            11.5            17.5            11.5               
         A           15449          3532.9           11916          7802.6          7646.4       2026        GLN          55.083          2.3059          52.777          46.927          8.1563               
         A           15449          3532.9           11916          7802.6          7646.4       2027        ILE          39.898          20.276          19.622          20.276          19.622               
         A           15449          3532.9           11916          7802.6          7646.4       2028        GLY          3.2377          3.2377               0               0          3.2377               
         A           15449          3532.9           11916          7802.6          7646.4       2029        VAL          16.723          16.476          0.2476          16.476          0.2476               
         A           15449          3532.9           11916          7802.6          7646.4       2030        PHE          49.581          2.2542          47.327               0          49.581               
         A           15449          3532.9           11916          7802.6          7646.4       2031        ASN          100.76          24.371          76.393          73.881          26.883               
         A           15449          3532.9           11916          7802.6          7646.4       2032        THR          7.7357          7.7357               0          4.4166          3.3191               
         A           15449          3532.9           11916          7802.6          7646.4       2033        GLU          130.26          44.601          85.654          64.314          65.941               
         A           15449          3532.9           11916          7802.6          7646.4       2034        ASP          87.971           32.52          55.451          58.791           29.18               
         A           15449          3532.9           11916          7802.6          7646.4       2035        GLY          22.221          22.221               0          0.0175          22.204               
         A           15449          3532.9           11916          7802.6          7646.4       2036        PHE           26.89          1.0353          25.854          1.0353          25.854               
         A           15449          3532.9           11916          7802.6          7646.4       2037        LYS          14.502               0          14.502          13.285          1.2169               
         A           15449          3532.9           11916          7802.6          7646.4       2038        TYR           22.64          0.3557          22.284          18.331          4.3083               
         A           15449          3532.9           11916          7802.6          7646.4       2039        PHE               0               0               0               0               0               
         A           15449          3532.9           11916          7802.6          7646.4       2040        ALA          7.3591               0          7.3591               0          7.3591               
         A           15449          3532.9           11916          7802.6          7646.4       2041        HIS          105.45          4.0625          101.39          43.018          62.434               
         A           15449          3532.9           11916          7802.6          7646.4       2042        HIS          100.85          20.317          80.534          57.826          43.025               
         A           15449          3532.9           11916          7802.6          7646.4       2043        ASN          66.043          2.7021          63.341          47.451          18.592               
         A           15449          3532.9           11916          7802.6          7646.4       2044        GLU          163.29          31.187          132.11          109.53          53.762               
         A           15449          3532.9           11916          7802.6          7646.4       2045        ASP          94.765          11.039          83.726          48.617          46.148               
         A           15449          3532.9           11916          7802.6          7646.4       2046        LEU          125.37          54.655          70.715          41.724          83.646               
         A           15449          3532.9           11916          7802.6          7646.4       2047        GLY          59.689          59.689               0          30.094          29.595               
         A           15449          3532.9           11916          7802.6          7646.4       2048        ASN          8.8108          4.5803          4.2305          0.4396          8.3712               
         A           15449          3532.9           11916          7802.6          7646.4       2049        GLU          88.539          4.7843          83.755          50.319          38.221               
         A           15449          3532.9           11916          7802.6          7646.4       2050        GLU           82.93          7.5429          75.387          26.997          55.933               
         A           15449          3532.9           11916          7802.6          7646.4       2051        GLY               0               0               0               0               0               
         A           15449          3532.9           11916          7802.6          7646.4       2052        GLU          30.309               0          30.309          27.995          2.3138               
         A           15449          3532.9           11916          7802.6          7646.4       2053        GLU          27.831          11.665          16.166          21.586          6.2451               
         A           15449          3532.9           11916          7802.6          7646.4       2054        ILE          22.796          3.6178          19.178          1.0194          21.777               
         A           15449          3532.9           11916          7802.6          7646.4       2055        SER          70.507          24.839          45.668          45.639          24.868               
         A           15449          3532.9           11916          7802.6          7646.4       2056        TYR          54.559          2.5414          52.018          22.848          31.711               
         A           15449          3532.9           11916          7802.6          7646.4       2057        SER          68.236          21.964          46.272          51.676           16.56               
         A           15449          3532.9           11916          7802.6          7646.4       2058        GLY          23.317          23.317               0          1.9234          21.394               
         A           15449          3532.9           11916          7802.6          7646.4       2059        ILE          66.708           16.95          49.759           16.95          49.759               
         A           15449          3532.9           11916          7802.6          7646.4       2060        LEU          7.9244          0.0842          7.8402               0          7.9244               
         A           15449          3532.9           11916          7802.6          7646.4       2061        ASN          102.02          28.612          73.408          72.722          29.299               
         A           15449          3532.9           11916          7802.6          7646.4       2062        PHE          43.136          3.6897          39.446               0          43.136               
         A           15449          3532.9           11916          7802.6          7646.4       2063        ASN          108.22          26.977          81.246          84.564          23.659               
         A           15449          3532.9           11916          7802.6          7646.4       2064        ASN          155.99          35.619          120.37          120.15          35.836               
         A           15449          3532.9           11916          7802.6          7646.4       2065        LYS          71.576          4.0346          67.541          35.441          36.135               
         A           15449          3532.9           11916          7802.6          7646.4       2066        ILE          43.715          0.8145          42.901          0.8145          42.901               
         A           15449          3532.9           11916          7802.6          7646.4       2067        TYR          10.558               0          10.558          9.9882          0.5695               
         A           15449          3532.9           11916          7802.6          7646.4       2068        TYR          45.449               0          45.449          36.478          8.9704               
         A           15449          3532.9           11916          7802.6          7646.4       2069        PHE          1.0441          0.8112          0.2329          0.8112          0.2329               
         A           15449          3532.9           11916          7802.6          7646.4       2070        ASP          49.387          4.0925          45.295          29.078          20.309               
         A           15449          3532.9           11916          7802.6          7646.4       2071        ASP          127.79          17.646          110.14          81.374          46.413               
         A           15449          3532.9           11916          7802.6          7646.4       2072        SER          63.676          20.542          43.134          49.633          14.042               
         A           15449          3532.9           11916          7802.6          7646.4       2073        PHE          76.076          0.8769          75.199          0.8769          75.199               
         A           15449          3532.9           11916          7802.6          7646.4       2074        THR          17.231               0          17.231          10.841          6.3897               
         A           15449          3532.9           11916          7802.6          7646.4       2075        ALA          13.281          13.281               0          13.041          0.2401               
         A           15449          3532.9           11916          7802.6          7646.4       2076        VAL          30.794          4.7323          26.062               0          30.794               
         A           15449          3532.9           11916          7802.6          7646.4       2077        VAL          74.548          20.719           53.83          20.339          54.209               
         A           15449          3532.9           11916          7802.6          7646.4       2078        GLY          10.028          10.028               0               0          10.028               
         A           15449          3532.9           11916          7802.6          7646.4       2079        TRP             131          31.781          99.224          50.882          80.123               
         A           15449          3532.9           11916          7802.6          7646.4       2080        LYS          72.268          3.2025          69.065          46.476          25.792               
         A           15449          3532.9           11916          7802.6          7646.4       2081        ASP          86.645          14.664          71.982          64.134          22.512               
         A           15449          3532.9           11916          7802.6          7646.4       2082        LEU          30.514          8.5507          21.964          1.5144              29               
         A           15449          3532.9           11916          7802.6          7646.4       2083        GLU          178.75          28.268          150.49          98.673          80.081               
         A           15449          3532.9           11916          7802.6          7646.4       2084        ASP          113.42          38.463          74.953           61.75          51.666               
         A           15449          3532.9           11916          7802.6          7646.4       2085        GLY          10.331          10.331               0          6.0419          4.2889               
         A           15449          3532.9           11916          7802.6          7646.4       2086        SER            10.7          0.5054          10.194          10.323          0.3767               
         A           15449          3532.9           11916          7802.6          7646.4       2087        LYS          54.129               0          54.129          15.696          38.433               
         A           15449          3532.9           11916          7802.6          7646.4       2088        TYR          14.553               0          14.553          14.132          0.4208               
         A           15449          3532.9           11916          7802.6          7646.4       2089        TYR          48.518               0          48.518          18.165          30.353               
         A           15449          3532.9           11916          7802.6          7646.4       2090        PHE               0               0               0               0               0               
         A           15449          3532.9           11916          7802.6          7646.4       2091        ASP          19.581               0          19.581          18.787          0.7939               
         A           15449          3532.9           11916          7802.6          7646.4       2092        GLU          100.79          18.127          82.663          54.442          46.348               
         A           15449          3532.9           11916          7802.6          7646.4       2093        ASP          112.94          21.961          90.982          77.091          35.852               
         A           15449          3532.9           11916          7802.6          7646.4       2094        THR          46.283          3.9118          42.371          1.7713          44.512               
         A           15449          3532.9           11916          7802.6          7646.4       2095        ALA               0               0               0               0               0               
         A           15449          3532.9           11916          7802.6          7646.4       2096        GLU          30.428               0          30.428          29.242          1.1862               
         A           15449          3532.9           11916          7802.6          7646.4       2097        ALA          22.666          20.143          2.5225          19.507          3.1592               
         A           15449          3532.9           11916          7802.6          7646.4       2098        TYR          140.51          39.218          101.29          58.375          82.132               
         A           15449          3532.9           11916          7802.6          7646.4       2099        ILE          70.119          7.0762          63.043          0.0693           70.05               
         A           15449          3532.9           11916          7802.6          7646.4       2100        LEU           63.98          26.858          37.122           25.94          38.039               
         A           15449          3532.9           11916          7802.6          7646.4       2101        GLU          75.813          5.2568          70.556          35.921          39.892               
         A           15449          3532.9           11916          7802.6          7646.4       2102        HIS          142.29           26.19           116.1          63.433          78.858               
         A           15449          3532.9           11916          7802.6          7646.4       2103        HIS          114.44          34.784          79.654          44.614          69.825               
         A           15449          3532.9           11916          7802.6          7646.4       2104        HIS          64.824          64.824               0          28.075          36.749               
