pdb_id: 
analysis type: unbound
radii_file: F:\psiafrombintisolah\PSAIA-1.0\amac_data\chothia.radii
ASA_zSice: 0.25
ASA_rSolvent: 1.4
total ASA: 0
back-bone ASA: 0
side-chain ASA: 0
polar ASA: 0
non-polar ASA: 0

  chain id|   ch total ASA|  ch b-bone ASA| ch s-chain ASA|   ch polar ASA| ch n-polar ASA|    res id|  res name|      total ASA|     b-bone ASA|    s-chain ASA|      polar ASA|    n-polar ASA|               
         A          9792.3          2274.6          7517.6          4499.1          5293.2        278        GLN          224.13          74.795          149.34          148.01          76.117               
         A          9792.3          2274.6          7517.6          4499.1          5293.2        279        ILE          147.56          19.132          128.43          16.195          131.36               
         A          9792.3          2274.6          7517.6          4499.1          5293.2        280        SER          70.515          20.959          49.555          48.228          22.286               
         A          9792.3          2274.6          7517.6          4499.1          5293.2        281        PHE          30.921          0.3262          30.594               0          30.921               
         A          9792.3          2274.6          7517.6          4499.1          5293.2        282        ARG          95.729           3.099           92.63          88.533          7.1966               
         A          9792.3          2274.6          7517.6          4499.1          5293.2        283        ASP          1.5194               0          1.5194          0.5599          0.9595               
         A          9792.3          2274.6          7517.6          4499.1          5293.2        284        CYS               0               0               0               0               0               
         A          9792.3          2274.6          7517.6          4499.1          5293.2        285        ALA          4.9417          0.1565          4.7852          0.0594          4.8823               
         A          9792.3          2274.6          7517.6          4499.1          5293.2        286        GLU          52.472          3.3499          49.122          19.373          33.099               
         A          9792.3          2274.6          7517.6          4499.1          5293.2        287        VAL               0               0               0               0               0               
         A          9792.3          2274.6          7517.6          4499.1          5293.2        288        PHE           52.22          2.9007           49.32          2.9007           49.32               
         A          9792.3          2274.6          7517.6          4499.1          5293.2        289        LYS           147.8          36.484          111.32           71.47          76.335               
         A          9792.3          2274.6          7517.6          4499.1          5293.2        290        SER          63.762          41.267          22.495          26.834          36.928               
         A          9792.3          2274.6          7517.6          4499.1          5293.2        291        GLY          56.443          56.443               0           25.06          31.383               
         A          9792.3          2274.6          7517.6          4499.1          5293.2        292        HIS          82.805          4.6659          78.139          32.053          50.752               
         A          9792.3          2274.6          7517.6          4499.1          5293.2        293        THR          76.481          17.736          58.745          46.316          30.165               
         A          9792.3          2274.6          7517.6          4499.1          5293.2        294        THR          96.122          4.5964          91.526            31.7          64.422               
         A          9792.3          2274.6          7517.6          4499.1          5293.2        295        ASN          51.501          19.359          32.141          37.158          14.343               
         A          9792.3          2274.6          7517.6          4499.1          5293.2        296        GLY          16.744          16.744               0               0          16.744               
         A          9792.3          2274.6          7517.6          4499.1          5293.2        297        ILE          71.441          24.794          46.646          24.546          46.895               
         A          9792.3          2274.6          7517.6          4499.1          5293.2        298        TYR          41.134          5.1292          36.005          6.3412          34.793               
         A          9792.3          2274.6          7517.6          4499.1          5293.2        299        THR          58.317          11.943          46.374          28.481          29.836               
         A          9792.3          2274.6          7517.6          4499.1          5293.2        300        LEU               0               0               0               0               0               
         A          9792.3          2274.6          7517.6          4499.1          5293.2        301        THR          18.709          0.9461          17.763          3.5873          15.122               
         A          9792.3          2274.6          7517.6          4499.1          5293.2        302        PHE          19.754          1.1724          18.581          1.1724          18.581               
         A          9792.3          2274.6          7517.6          4499.1          5293.2        303        PRO          11.384          7.3489          4.0346          0.8896          10.494               
         A          9792.3          2274.6          7517.6          4499.1          5293.2        304        ASN          147.67          61.882          85.789          95.185          52.486               
         A          9792.3          2274.6          7517.6          4499.1          5293.2        305        SER          49.815          20.611          29.205          23.045           26.77               
         A          9792.3          2274.6          7517.6          4499.1          5293.2        306        THR          133.63           22.37          111.26          51.181          82.445               
         A          9792.3          2274.6          7517.6          4499.1          5293.2        307        GLU          98.933          7.8533           91.08          56.214          42.719               
         A          9792.3          2274.6          7517.6          4499.1          5293.2        308        GLU           111.7          23.893          87.804          85.442          26.255               
         A          9792.3          2274.6          7517.6          4499.1          5293.2        309        ILE           24.24          7.3881          16.852          0.2538          23.987               
         A          9792.3          2274.6          7517.6          4499.1          5293.2        310        LYS          124.23          9.6171          114.61          48.958          75.272               
         A          9792.3          2274.6          7517.6          4499.1          5293.2        311        ALA               0               0               0               0               0               
         A          9792.3          2274.6          7517.6          4499.1          5293.2        312        TYR          46.968               0          46.968          26.132          20.836               
         A          9792.3          2274.6          7517.6          4499.1          5293.2        313        CYS               0               0               0               0               0               
         A          9792.3          2274.6          7517.6          4499.1          5293.2        314        ASP          25.814               0          25.814          25.416          0.3987               
         A          9792.3          2274.6          7517.6          4499.1          5293.2        315        MET          9.9864          9.9864               0          9.9864               0               
         A          9792.3          2274.6          7517.6          4499.1          5293.2        316        GLU           122.6          21.298          101.31          73.496          49.107               
         A          9792.3          2274.6          7517.6          4499.1          5293.2        317        ALA          33.073          13.925          19.148          1.9784          31.094               
         A          9792.3          2274.6          7517.6          4499.1          5293.2        318        GLY          55.312          55.312               0          23.591          31.721               
         A          9792.3          2274.6          7517.6          4499.1          5293.2        319        GLY          45.227          45.227               0          12.179          33.048               
         A          9792.3          2274.6          7517.6          4499.1          5293.2        320        GLY               0               0               0               0               0               
         A          9792.3          2274.6          7517.6          4499.1          5293.2        321        GLY          0.4269          0.4269               0          0.4269               0               
         A          9792.3          2274.6          7517.6          4499.1          5293.2        322        TRP          3.4631               0          3.4631          0.1334          3.3297               
         A          9792.3          2274.6          7517.6          4499.1          5293.2        323        THR          0.6547               0          0.6547          0.6547               0               
         A          9792.3          2274.6          7517.6          4499.1          5293.2        324        ILE          2.5353               0          2.5353               0          2.5353               
         A          9792.3          2274.6          7517.6          4499.1          5293.2        325        ILE          3.2208          0.2131          3.0077          0.2131          3.0077               
         A          9792.3          2274.6          7517.6          4499.1          5293.2        326        GLN               0               0               0               0               0               
         A          9792.3          2274.6          7517.6          4499.1          5293.2        327        ARG          27.257               0          27.257          19.516          7.7406               
         A          9792.3          2274.6          7517.6          4499.1          5293.2        328        ARG          4.9149           0.655          4.2599           4.906          0.0089               
         A          9792.3          2274.6          7517.6          4499.1          5293.2        329        GLU          71.761          9.1771          62.584          47.516          24.245               
         A          9792.3          2274.6          7517.6          4499.1          5293.2        330        ASP          87.256          26.004          61.252          52.521          34.735               
         A          9792.3          2274.6          7517.6          4499.1          5293.2        331        GLY          33.841          33.841               0          29.235          4.6061               
         A          9792.3          2274.6          7517.6          4499.1          5293.2        332        SER          83.255          41.078          42.177          36.097          47.157               
         A          9792.3          2274.6          7517.6          4499.1          5293.2        333        VAL          33.365          9.1959           24.17          5.3494          28.016               
         A          9792.3          2274.6          7517.6          4499.1          5293.2        334        ASP          81.166          13.361          67.805          37.275          43.891               
         A          9792.3          2274.6          7517.6          4499.1          5293.2        335        PHE          7.2714          4.5287          2.7427          4.4853          2.7861               
         A          9792.3          2274.6          7517.6          4499.1          5293.2        336        GLN          76.234            4.97          71.264          58.693          17.541               
         A          9792.3          2274.6          7517.6          4499.1          5293.2        337        ARG          52.285          0.8719          51.413          43.656          8.6295               
         A          9792.3          2274.6          7517.6          4499.1          5293.2        338        THR          41.692               0          41.692          2.2171          39.475               
         A          9792.3          2274.6          7517.6          4499.1          5293.2        339        TRP           43.22          0.4064          42.814          3.5531          39.667               
         A          9792.3          2274.6          7517.6          4499.1          5293.2        340        LYS          136.43          2.0009          134.43          28.458          107.97               
         A          9792.3          2274.6          7517.6          4499.1          5293.2        341        GLU          52.214          2.2852          49.929          23.114            29.1               
         A          9792.3          2274.6          7517.6          4499.1          5293.2        342        TYR          0.3674               0          0.3674               0          0.3674               
         A          9792.3          2274.6          7517.6          4499.1          5293.2        343        LYS           53.41          1.1478          52.262          33.539          19.871               
         A          9792.3          2274.6          7517.6          4499.1          5293.2        344        VAL          85.926          16.905          69.021           12.07          73.856               
         A          9792.3          2274.6          7517.6          4499.1          5293.2        345        GLY          20.621          20.621               0          13.266          7.3543               
         A          9792.3          2274.6          7517.6          4499.1          5293.2        346        PHE          15.946          12.812          3.1342          2.3629          13.583               
         A          9792.3          2274.6          7517.6          4499.1          5293.2        347        GLY          40.786          40.786               0          26.991          13.794               
         A          9792.3          2274.6          7517.6          4499.1          5293.2        348        ASN          86.606          1.0337          85.573          63.862          22.744               
         A          9792.3          2274.6          7517.6          4499.1          5293.2        349        PRO          20.711               0          20.711               0          20.711               
         A          9792.3          2274.6          7517.6          4499.1          5293.2        350        SER          70.496          23.796          46.701          35.599          34.897               
         A          9792.3          2274.6          7517.6          4499.1          5293.2        351        GLY          17.037          17.037               0          0.5121          16.525               
         A          9792.3          2274.6          7517.6          4499.1          5293.2        352        GLU          2.1577          2.0368          0.1209          2.0368          0.1209               
         A          9792.3          2274.6          7517.6          4499.1          5293.2        353        TYR          4.1543               0          4.1543               0          4.1543               
         A          9792.3          2274.6          7517.6          4499.1          5293.2        354        TRP          6.4575          1.2911          5.1664          1.2911          5.1664               
         A          9792.3          2274.6          7517.6          4499.1          5293.2        355        LEU          4.6687          3.2786          1.3901          2.7498          1.9189               
         A          9792.3          2274.6          7517.6          4499.1          5293.2        356        GLY           0.962           0.962               0          0.4321          0.5299               
         A          9792.3          2274.6          7517.6          4499.1          5293.2        357        ASN          1.6927          0.0138          1.6789          1.6789          0.0138               
         A          9792.3          2274.6          7517.6          4499.1          5293.2        358        GLU          48.701               0          48.701          21.191           27.51               
         A          9792.3          2274.6          7517.6          4499.1          5293.2        359        PHE          0.9342          0.4054          0.5288          0.4054          0.5288               
         A          9792.3          2274.6          7517.6          4499.1          5293.2        360        VAL          3.8923               0          3.8923               0          3.8923               
         A          9792.3          2274.6          7517.6          4499.1          5293.2        361        SER          4.5061          0.8049          3.7012          2.3378          2.1683               
         A          9792.3          2274.6          7517.6          4499.1          5293.2        362        GLN          58.787          2.5322          56.254          53.778          5.0085               
         A          9792.3          2274.6          7517.6          4499.1          5293.2        363        LEU          0.1926               0          0.1926               0          0.1926               
         A          9792.3          2274.6          7517.6          4499.1          5293.2        364        THR          4.2253          4.2253               0          4.2253               0               
         A          9792.3          2274.6          7517.6          4499.1          5293.2        365        ASN          83.417          32.015          51.402          55.173          28.245               
         A          9792.3          2274.6          7517.6          4499.1          5293.2        366        GLN           92.19          33.668          58.522          68.697          23.494               
         A          9792.3          2274.6          7517.6          4499.1          5293.2        367        GLN          59.331          11.153          48.178          22.412          36.919               
         A          9792.3          2274.6          7517.6          4499.1          5293.2        368        ARG          114.24          7.6329          106.61          59.386          54.855               
         A          9792.3          2274.6          7517.6          4499.1          5293.2        369        TYR          0.8216           0.019          0.8026           0.019          0.8026               
         A          9792.3          2274.6          7517.6          4499.1          5293.2        370        VAL          15.294               0          15.294               0          15.294               
         A          9792.3          2274.6          7517.6          4499.1          5293.2        371        LEU               0               0               0               0               0               
         A          9792.3          2274.6          7517.6          4499.1          5293.2        372        LYS          31.485               0          31.485          29.016          2.4688               
         A          9792.3          2274.6          7517.6          4499.1          5293.2        373        ILE               0               0               0               0               0               
         A          9792.3          2274.6          7517.6          4499.1          5293.2        374        HIS          60.955          1.0052          59.949          40.836          20.119               
         A          9792.3          2274.6          7517.6          4499.1          5293.2        375        LEU          0.1185          0.1185               0               0          0.1185               
         A          9792.3          2274.6          7517.6          4499.1          5293.2        376        LYS          83.716               0          83.716          45.179          38.536               
         A          9792.3          2274.6          7517.6          4499.1          5293.2        377        ASP          1.8237          1.8237               0          1.8237               0               
         A          9792.3          2274.6          7517.6          4499.1          5293.2        378        TRP          32.412          12.942          19.469          11.857          20.555               
         A          9792.3          2274.6          7517.6          4499.1          5293.2        379        GLU          111.91           32.32          79.589          43.215          68.695               
         A          9792.3          2274.6          7517.6          4499.1          5293.2        380        GLY          71.239          71.239               0          29.872          41.367               
         A          9792.3          2274.6          7517.6          4499.1          5293.2        381        ASN          74.076          4.5375          69.538          56.453          17.623               
         A          9792.3          2274.6          7517.6          4499.1          5293.2        382        GLU          106.88          27.525          79.352          86.138          20.739               
         A          9792.3          2274.6          7517.6          4499.1          5293.2        383        ALA          4.8982          3.6166          1.2816               0          4.8982               
         A          9792.3          2274.6          7517.6          4499.1          5293.2        384        TYR          67.646               0          67.646          32.865          34.781               
         A          9792.3          2274.6          7517.6          4499.1          5293.2        385        SER          0.2968               0          0.2968          0.2968               0               
         A          9792.3          2274.6          7517.6          4499.1          5293.2        386        LEU          34.916               0          34.916               0          34.916               
         A          9792.3          2274.6          7517.6          4499.1          5293.2        387        TYR          0.1769               0          0.1769               0          0.1769               
         A          9792.3          2274.6          7517.6          4499.1          5293.2        388        GLU          77.673               0          77.673          38.654          39.018               
         A          9792.3          2274.6          7517.6          4499.1          5293.2        389        HIS          24.801          0.6723          24.129          6.6955          18.106               
         A          9792.3          2274.6          7517.6          4499.1          5293.2        390        PHE          0.0918          0.0034          0.0884          0.0034          0.0884               
         A          9792.3          2274.6          7517.6          4499.1          5293.2        391        TYR           64.91               0           64.91          32.068          32.843               
         A          9792.3          2274.6          7517.6          4499.1          5293.2        392        LEU          1.5676               0          1.5676               0          1.5676               
         A          9792.3          2274.6          7517.6          4499.1          5293.2        393        SER           12.47          4.0192          8.4512          7.4785          4.9919               
         A          9792.3          2274.6          7517.6          4499.1          5293.2        394        SER          45.803          6.6019          39.201          10.206          35.597               
         A          9792.3          2274.6          7517.6          4499.1          5293.2        395        GLU          47.172          7.0313          40.141          31.644          15.529               
         A          9792.3          2274.6          7517.6          4499.1          5293.2        396        GLU           143.8           30.73          113.07          69.878          73.922               
         A          9792.3          2274.6          7517.6          4499.1          5293.2        397        LEU          87.261          1.1744          86.086               0          87.261               
         A          9792.3          2274.6          7517.6          4499.1          5293.2        398        ASN          40.135               0          40.135          40.135               0               
         A          9792.3          2274.6          7517.6          4499.1          5293.2        399        TYR          0.3371               0          0.3371               0          0.3371               
         A          9792.3          2274.6          7517.6          4499.1          5293.2        400        ARG          74.805               0          74.805          54.853          19.951               
         A          9792.3          2274.6          7517.6          4499.1          5293.2        401        ILE          0.4668          0.4668               0          0.4668               0               
         A          9792.3          2274.6          7517.6          4499.1          5293.2        402        HIS           52.16          4.4475          47.713          18.463          33.698               
         A          9792.3          2274.6          7517.6          4499.1          5293.2        403        LEU          15.079          14.391           0.688          13.985           1.094               
         A          9792.3          2274.6          7517.6          4499.1          5293.2        404        LYS          118.03           2.765          115.26          16.831           101.2               
         A          9792.3          2274.6          7517.6          4499.1          5293.2        405        GLY          40.815          40.815               0          11.972          28.842               
         A          9792.3          2274.6          7517.6          4499.1          5293.2        406        LEU          43.821           29.03          14.791           29.03          14.791               
         A          9792.3          2274.6          7517.6          4499.1          5293.2        407        THR          71.203           8.523           62.68          3.2088          67.994               
         A          9792.3          2274.6          7517.6          4499.1          5293.2        408        GLY          31.761          31.761               0          26.816          4.9445               
         A          9792.3          2274.6          7517.6          4499.1          5293.2        409        THR          93.522          21.956          71.566          15.513          78.009               
         A          9792.3          2274.6          7517.6          4499.1          5293.2        410        ALA          1.5283          1.5283               0          1.5283               0               
         A          9792.3          2274.6          7517.6          4499.1          5293.2        411        GLY           10.51           10.51               0          3.7918          6.7183               
         A          9792.3          2274.6          7517.6          4499.1          5293.2        412        LYS          200.59          31.857          168.73          72.471          128.12               
         A          9792.3          2274.6          7517.6          4499.1          5293.2        413        ILE          110.37          4.8236          105.55          1.2243          109.15               
         A          9792.3          2274.6          7517.6          4499.1          5293.2        414        SER          8.1893          6.9183           1.271          6.6821          1.5072               
         A          9792.3          2274.6          7517.6          4499.1          5293.2        415        SER          0.4978          0.4978               0          0.4978               0               
         A          9792.3          2274.6          7517.6          4499.1          5293.2        416        ILE          0.6047          0.4773          0.1274           0.014          0.5907               
         A          9792.3          2274.6          7517.6          4499.1          5293.2        417        SER          19.725          4.8539          14.871          15.855          3.8702               
         A          9792.3          2274.6          7517.6          4499.1          5293.2        418        GLN          95.084          31.317          63.767          66.003          29.081               
         A          9792.3          2274.6          7517.6          4499.1          5293.2        419        PRO           124.4          11.202           113.2          5.8023           118.6               
         A          9792.3          2274.6          7517.6          4499.1          5293.2        420        GLY          16.979          16.979               0          16.267          0.7118               
         A          9792.3          2274.6          7517.6          4499.1          5293.2        421        ASN          7.8185          3.1877          4.6308           3.675          4.1435               
         A          9792.3          2274.6          7517.6          4499.1          5293.2        422        ASP          17.782          0.2162          17.566          16.754          1.0282               
         A          9792.3          2274.6          7517.6          4499.1          5293.2        423        PHE          0.0355               0          0.0355               0          0.0355               
         A          9792.3          2274.6          7517.6          4499.1          5293.2        424        SER          0.4242               0          0.4242               0          0.4242               
         A          9792.3          2274.6          7517.6          4499.1          5293.2        425        THR          2.1087          2.1087               0          2.1087               0               
         A          9792.3          2274.6          7517.6          4499.1          5293.2        426        LYS          85.854          10.354          75.499          41.766          44.088               
         A          9792.3          2274.6          7517.6          4499.1          5293.2        427        ASP          91.076          37.958          53.118          46.698          44.379               
         A          9792.3          2274.6          7517.6          4499.1          5293.2        428        GLY          15.399          15.399               0          0.9708          14.428               
         A          9792.3          2274.6          7517.6          4499.1          5293.2        429        ASP          63.846          33.043          30.803          44.485          19.361               
         A          9792.3          2274.6          7517.6          4499.1          5293.2        430        ASN          38.483          11.966          26.518          30.393          8.0902               
         A          9792.3          2274.6          7517.6          4499.1          5293.2        431        ASP           18.51          18.021          0.4891           18.51               0               
         A          9792.3          2274.6          7517.6          4499.1          5293.2        432        LYS           141.7          30.464          111.24           53.25          88.451               
         A          9792.3          2274.6          7517.6          4499.1          5293.2        433        CYS          31.655          13.356          18.299          10.215           21.44               
         A          9792.3          2274.6          7517.6          4499.1          5293.2        434        ILE          168.81          36.918          131.89          27.833          140.98               
         A          9792.3          2274.6          7517.6          4499.1          5293.2        435        CYS           44.16          11.986          32.173               0           44.16               
         A          9792.3          2274.6          7517.6          4499.1          5293.2        436        LYS          100.73          5.3164           95.41          35.762          64.965               
         A          9792.3          2274.6          7517.6          4499.1          5293.2        437        CYS               0               0               0               0               0               
         A          9792.3          2274.6          7517.6          4499.1          5293.2        438        SER          5.3678          2.7327          2.6351          3.4158           1.952               
         A          9792.3          2274.6          7517.6          4499.1          5293.2        439        GLN          97.863          23.553          74.311          67.088          30.775               
         A          9792.3          2274.6          7517.6          4499.1          5293.2        440        MET          103.21           2.265          100.95           2.265          100.95               
         A          9792.3          2274.6          7517.6          4499.1          5293.2        441        LEU          14.151               0          14.151               0          14.151               
         A          9792.3          2274.6          7517.6          4499.1          5293.2        442        THR          9.9232          0.6049          9.3183          0.2959          9.6273               
         A          9792.3          2274.6          7517.6          4499.1          5293.2        443        GLY          2.8348          2.8348               0          1.6841          1.1507               
         A          9792.3          2274.6          7517.6          4499.1          5293.2        444        GLY               0               0               0               0               0               
         A          9792.3          2274.6          7517.6          4499.1          5293.2        445        TRP          1.5807               0          1.5807          0.6029          0.9778               
         A          9792.3          2274.6          7517.6          4499.1          5293.2        446        TRP          3.9643           3.289          0.6753           3.289          0.6753               
         A          9792.3          2274.6          7517.6          4499.1          5293.2        447        PHE          0.1862          0.1862               0               0          0.1862               
         A          9792.3          2274.6          7517.6          4499.1          5293.2        448        ASP          43.682          0.0297          43.652          40.482          3.1997               
         A          9792.3          2274.6          7517.6          4499.1          5293.2        449        ALA          68.485          36.265           32.22          33.241          35.243               
         A          9792.3          2274.6          7517.6          4499.1          5293.2        450        CYS          26.686          9.4557          17.231          9.4557          17.231               
         A          9792.3          2274.6          7517.6          4499.1          5293.2        451        GLY          28.111          28.111               0          14.102          14.009               
         A          9792.3          2274.6          7517.6          4499.1          5293.2        452        PRO          30.295          5.0072          25.287               0          30.295               
         A          9792.3          2274.6          7517.6          4499.1          5293.2        453        SER          1.7982          0.5474          1.2508          1.7982               0               
         A          9792.3          2274.6          7517.6          4499.1          5293.2        454        ASN          0.2239               0          0.2239          0.0883          0.1356               
         A          9792.3          2274.6          7517.6          4499.1          5293.2        455        LEU               0               0               0               0               0               
         A          9792.3          2274.6          7517.6          4499.1          5293.2        456        ASN          0.5135          0.5135               0          0.5135               0               
         A          9792.3          2274.6          7517.6          4499.1          5293.2        457        GLY          1.4904          1.4904               0          0.7775          0.7129               
         A          9792.3          2274.6          7517.6          4499.1          5293.2        458        MET           67.68           1.247          66.433               0           67.68               
         A          9792.3          2274.6          7517.6          4499.1          5293.2        459        TYR          39.729          21.837          17.891          23.746          15.982               
         A          9792.3          2274.6          7517.6          4499.1          5293.2        460        TYR           37.41               0           37.41          13.555          23.855               
         A          9792.3          2274.6          7517.6          4499.1          5293.2        461        PRO          62.547          0.0579           62.49               0          62.547               
         A          9792.3          2274.6          7517.6          4499.1          5293.2        462        GLN          84.362          8.5131          75.849          65.595          18.768               
         A          9792.3          2274.6          7517.6          4499.1          5293.2        463        ARG          198.01          34.908          163.11           114.7          83.309               
         A          9792.3          2274.6          7517.6          4499.1          5293.2        464        GLN          103.07          4.4401          98.633          69.266          33.807               
         A          9792.3          2274.6          7517.6          4499.1          5293.2        465        ASN          6.1851          0.0068          6.1783          6.1851               0               
         A          9792.3          2274.6          7517.6          4499.1          5293.2        466        THR          70.346          3.6029          66.743          26.958          43.388               
         A          9792.3          2274.6          7517.6          4499.1          5293.2        467        ASN          134.51          27.351          107.16          98.519          35.991               
         A          9792.3          2274.6          7517.6          4499.1          5293.2        468        LYS          60.516          2.3298          58.186          26.195           34.32               
         A          9792.3          2274.6          7517.6          4499.1          5293.2        469        PHE          102.86          6.4266          96.434          3.4867          99.374               
         A          9792.3          2274.6          7517.6          4499.1          5293.2        470        ASN           26.79          0.1242          26.666          26.614          0.1763               
         A          9792.3          2274.6          7517.6          4499.1          5293.2        471        GLY          0.4072          0.4072               0          0.1883          0.2189               
         A          9792.3          2274.6          7517.6          4499.1          5293.2        472        ILE          0.1887               0          0.1887               0          0.1887               
         A          9792.3          2274.6          7517.6          4499.1          5293.2        473        LYS          21.255               0          21.255          6.6013          14.654               
         A          9792.3          2274.6          7517.6          4499.1          5293.2        474        TRP          1.4004          1.0367          0.3637          1.0679          0.3325               
         A          9792.3          2274.6          7517.6          4499.1          5293.2        475        TYR          94.852          3.0733          91.778          46.267          48.585               
         A          9792.3          2274.6          7517.6          4499.1          5293.2        476        TYR          79.296            20.6          58.696          49.172          30.124               
         A          9792.3          2274.6          7517.6          4499.1          5293.2        477        TRP          53.976           22.41          31.567          41.561          12.415               
         A          9792.3          2274.6          7517.6          4499.1          5293.2        478        LYS          54.777          20.698          34.079          39.045          15.732               
         A          9792.3          2274.6          7517.6          4499.1          5293.2        479        GLY          21.857          21.857               0          1.9789          19.878               
         A          9792.3          2274.6          7517.6          4499.1          5293.2        480        SER           95.68          24.338          71.341          56.705          38.975               
         A          9792.3          2274.6          7517.6          4499.1          5293.2        481        GLY          8.2421          8.2421               0          2.9698          5.2723               
         A          9792.3          2274.6          7517.6          4499.1          5293.2        482        TYR          20.273          1.3777          18.895          1.0076          19.265               
         A          9792.3          2274.6          7517.6          4499.1          5293.2        483        SER               0               0               0               0               0               
         A          9792.3          2274.6          7517.6          4499.1          5293.2        484        LEU          0.3046          0.0284          0.2762               0          0.3046               
         A          9792.3          2274.6          7517.6          4499.1          5293.2        485        LYS          77.859          0.2978          77.561          30.395          47.464               
         A          9792.3          2274.6          7517.6          4499.1          5293.2        486        ALA          13.968          0.6235          13.345               0          13.968               
         A          9792.3          2274.6          7517.6          4499.1          5293.2        487        THR          0.5011          0.5011               0          0.0133          0.4878               
         A          9792.3          2274.6          7517.6          4499.1          5293.2        488        THR          25.794               0          25.794          18.863          6.9311               
         A          9792.3          2274.6          7517.6          4499.1          5293.2        489        MET               0               0               0               0               0               
         A          9792.3          2274.6          7517.6          4499.1          5293.2        490        MET          5.6795               0          5.6795               0          5.6795               
         A          9792.3          2274.6          7517.6          4499.1          5293.2        491        ILE          0.5734          0.3653          0.2081          0.3653          0.2081               
         A          9792.3          2274.6          7517.6          4499.1          5293.2        492        ARG          39.175          0.4274          38.748          38.748          0.4274               
         A          9792.3          2274.6          7517.6          4499.1          5293.2        493        PRO          7.8838          1.3019          6.5819          1.3019          6.5819               
         A          9792.3          2274.6          7517.6          4499.1          5293.2        494        ALA           37.38          29.904          7.4765          27.778          9.6026               
         A          9792.3          2274.6          7517.6          4499.1          5293.2        495        ASP          112.39          24.607          87.782          59.693          52.696               
         A          9792.3          2274.6          7517.6          4499.1          5293.2        496        PHE          31.108          14.782          16.326          13.843          17.265               
         A          9792.3          2274.6          7517.6          4499.1          5293.2        497        GLY          83.367          83.367               0          5.0568           78.31               
