pdb_id: 
analysis type: unbound
radii_file: F:\psiafrombintisolah\PSAIA-1.0\amac_data\chothia.radii
ASA_zSice: 0.25
ASA_rSolvent: 1.4
total ASA: 0
back-bone ASA: 0
side-chain ASA: 0
polar ASA: 0
non-polar ASA: 0

  chain id|   ch total ASA|  ch b-bone ASA| ch s-chain ASA|   ch polar ASA| ch n-polar ASA|    res id|  res name|      total ASA|     b-bone ASA|    s-chain ASA|      polar ASA|    n-polar ASA|               
         H           12367          2637.1          9730.4          5804.3          6563.2        321        ILE          0.0132          0.0132               0          0.0132               0               
         H           12367          2637.1          9730.4          5804.3          6563.2        322        VAL          15.409               0          15.409               0          15.409               
         H           12367          2637.1          9730.4          5804.3          6563.2        323        GLU          111.15           32.33          78.818          88.686          22.462               
         H           12367          2637.1          9730.4          5804.3          6563.2        324        GLY          27.868          27.868               0          23.145          4.7224               
         H           12367          2637.1          9730.4          5804.3          6563.2        325        SER          66.721          4.7579          61.963          24.214          42.507               
         H           12367          2637.1          9730.4          5804.3          6563.2        326        ASP          92.531          16.796          75.735          65.874          26.657               
         H           12367          2637.1          9730.4          5804.3          6563.2        327        ALA          6.0134          5.3702          0.6432          4.9635          1.0499               
         H           12367          2637.1          9730.4          5804.3          6563.2        328        GLU          118.71          8.5681          110.14          68.269          50.442               
         H           12367          2637.1          9730.4          5804.3          6563.2        329        ILE          118.69          21.134          97.558          20.802           97.89               
         H           12367          2637.1          9730.4          5804.3          6563.2        330        GLY          37.429          37.429               0          25.092          12.337               
         H           12367          2637.1          9730.4          5804.3          6563.2        331        MET          50.728          19.769           30.96          9.5213          41.207               
         H           12367          2637.1          9730.4          5804.3          6563.2        332        SER          12.406          8.9137          3.4923          8.8974          3.5086               
         H           12367          2637.1          9730.4          5804.3          6563.2        333        PRO          17.499          3.1271          14.372               0          17.499               
         H           12367          2637.1          9730.4          5804.3          6563.2        334        TRP          20.042               0          20.042          0.8976          19.145               
         H           12367          2637.1          9730.4          5804.3          6563.2        335        GLN           1.957          1.2172          0.7398          1.2172          0.7398               
         H           12367          2637.1          9730.4          5804.3          6563.2        336        VAL               0               0               0               0               0               
         H           12367          2637.1          9730.4          5804.3          6563.2        337        MET          0.7147               0          0.7147               0          0.7147               
         H           12367          2637.1          9730.4          5804.3          6563.2        338        LEU               0               0               0               0               0               
         H           12367          2637.1          9730.4          5804.3          6563.2        339        PHE          23.299               0          23.299               0          23.299               
         H           12367          2637.1          9730.4          5804.3          6563.2        340        ARG          69.474               0          69.474          68.591          0.8825               
         H           12367          2637.1          9730.4          5804.3          6563.2        341        LYS          68.897          14.447           54.45          25.345          43.552               
         H           12367          2637.1          9730.4          5804.3          6563.2        342        SER          84.907          18.263          66.644          50.268          34.639               
         H           12367          2637.1          9730.4          5804.3          6563.2        343        PRO           80.87          6.7715          74.098               0           80.87               
         H           12367          2637.1          9730.4          5804.3          6563.2        344        GLN          135.87           25.27           110.6          106.49          29.382               
         H           12367          2637.1          9730.4          5804.3          6563.2        345        GLU          72.649          7.0395          65.609          34.088           38.56               
         H           12367          2637.1          9730.4          5804.3          6563.2        346        LEU          48.068          27.057           21.01          27.057           21.01               
         H           12367          2637.1          9730.4          5804.3          6563.2        347        LEU          26.928          14.436          12.491          12.667          14.261               
         H           12367          2637.1          9730.4          5804.3          6563.2        348        CYS           6.752               0           6.752               0           6.752               
         H           12367          2637.1          9730.4          5804.3          6563.2        349        GLY          1.1878          1.1878               0          0.0959          1.0919               
         H           12367          2637.1          9730.4          5804.3          6563.2        350        ALA               0               0               0               0               0               
         H           12367          2637.1          9730.4          5804.3          6563.2        351        SER               0               0               0               0               0               
         H           12367          2637.1          9730.4          5804.3          6563.2        352        LEU               0               0               0               0               0               
         H           12367          2637.1          9730.4          5804.3          6563.2        353        ILE          19.451          18.741            0.71          18.741            0.71               
         H           12367          2637.1          9730.4          5804.3          6563.2        354        SER          31.178          4.3536          26.824               0          31.178               
         H           12367          2637.1          9730.4          5804.3          6563.2        355        ASP          43.744          2.1862          41.558          25.747          17.997               
         H           12367          2637.1          9730.4          5804.3          6563.2        356        ARG          45.958               0          45.958          42.663          3.2944               
         H           12367          2637.1          9730.4          5804.3          6563.2        357        TRP          12.234               0          12.234          1.7557          10.478               
         H           12367          2637.1          9730.4          5804.3          6563.2        358        VAL               0               0               0               0               0               
         H           12367          2637.1          9730.4          5804.3          6563.2        359        LEU          0.0474          0.0458          0.0016               0          0.0474               
         H           12367          2637.1          9730.4          5804.3          6563.2        360        THR               0               0               0               0               0               
         H           12367          2637.1          9730.4          5804.3          6563.2        361        ALA               0               0               0               0               0               
         H           12367          2637.1          9730.4          5804.3          6563.2        362        ALA               0               0               0               0               0               
         H           12367          2637.1          9730.4          5804.3          6563.2        363        HIS           30.51               0           30.51          15.283          15.226               
         H           12367          2637.1          9730.4          5804.3          6563.2        364        CYS          1.0365          1.0365               0          0.2316          0.8049               
         H           12367          2637.1          9730.4          5804.3          6563.2        365        LEU          0.4967          0.4019          0.0948          0.2898          0.2069               
         H           12367          2637.1          9730.4          5804.3          6563.2        366        LEU          39.677               0          39.677               0          39.677               
         H           12367          2637.1          9730.4          5804.3          6563.2        367        TYR          39.494               0          39.494          31.045          8.4487               
         H           12367          2637.1          9730.4          5804.3          6563.2        368        PRO          50.818          21.418          29.399          14.403          36.414               
         H           12367          2637.1          9730.4          5804.3          6563.2        369        PRO          71.517          39.722          31.795          26.857           44.66               
         H           12367          2637.1          9730.4          5804.3          6563.2        370        TRP          187.97          24.286          163.68          39.882          148.09               
         H           12367          2637.1          9730.4          5804.3          6563.2        371        ASP           139.1          26.121          112.98          98.693          40.405               
         H           12367          2637.1          9730.4          5804.3          6563.2        372        LYS          45.219          3.8626          41.356          29.938          15.281               
         H           12367          2637.1          9730.4          5804.3          6563.2        373        ASN          105.54          21.149          84.386          83.828          21.707               
         H           12367          2637.1          9730.4          5804.3          6563.2        374        PHE            28.1          8.1063          19.993          8.1023          19.997               
         H           12367          2637.1          9730.4          5804.3          6563.2        375        THR          70.836          2.6524          68.184          9.8486          60.988               
         H           12367          2637.1          9730.4          5804.3          6563.2        376        GLU          40.229          2.6026          37.626          24.869          15.359               
         H           12367          2637.1          9730.4          5804.3          6563.2        377        ASN          150.46           8.897          141.56          137.54          12.915               
         H           12367          2637.1          9730.4          5804.3          6563.2        378        ASP          53.378           4.061          49.317          41.226          12.153               
         H           12367          2637.1          9730.4          5804.3          6563.2        379        LEU          0.6314          0.6314               0          0.6314               0               
         H           12367          2637.1          9730.4          5804.3          6563.2        380        LEU          33.493               0          33.493               0          33.493               
         H           12367          2637.1          9730.4          5804.3          6563.2        381        VAL               0               0               0               0               0               
         H           12367          2637.1          9730.4          5804.3          6563.2        382        ARG          21.031          0.0798          20.952          18.315          2.7164               
         H           12367          2637.1          9730.4          5804.3          6563.2        383        ILE               0               0               0               0               0               
         H           12367          2637.1          9730.4          5804.3          6563.2        384        GLY           7.558           7.558               0          3.6013          3.9567               
         H           12367          2637.1          9730.4          5804.3          6563.2        385        LYS          10.985          10.985               0          10.694          0.2906               
         H           12367          2637.1          9730.4          5804.3          6563.2        386        HIS          43.865          0.0343          43.831          9.5669          34.298               
         H           12367          2637.1          9730.4          5804.3          6563.2        387        SER          7.2745               0          7.2745           3.682          3.5925               
         H           12367          2637.1          9730.4          5804.3          6563.2        388        ARG          68.603          4.9277          63.675          66.683          1.9198               
         H           12367          2637.1          9730.4          5804.3          6563.2        389        THR          89.903          27.014          62.889          42.536          47.367               
         H           12367          2637.1          9730.4          5804.3          6563.2        390        ARG          147.31          7.1934          140.11          79.684          67.621               
         H           12367          2637.1          9730.4          5804.3          6563.2        391        TYR          107.95          15.553          92.392          50.818          57.127               
         H           12367          2637.1          9730.4          5804.3          6563.2        392        GLU          16.914          2.9888          13.925          8.2332          8.6804               
         H           12367          2637.1          9730.4          5804.3          6563.2        393        ARG          175.32          22.672          152.65          115.41          59.908               
         H           12367          2637.1          9730.4          5804.3          6563.2        394        ASN          136.91          39.002          97.906          104.43          32.483               
         H           12367          2637.1          9730.4          5804.3          6563.2        395        ILE          59.319          6.3697           52.95          2.7873          56.532               
         H           12367          2637.1          9730.4          5804.3          6563.2        396        GLU          8.0697          8.0697               0          8.0697               0               
         H           12367          2637.1          9730.4          5804.3          6563.2        397        LYS          97.889          1.0274          96.862          47.731          50.158               
         H           12367          2637.1          9730.4          5804.3          6563.2        398        ILE           77.39          33.489          43.901          33.388          44.002               
         H           12367          2637.1          9730.4          5804.3          6563.2        399        SER          18.337           4.333          14.004           8.309          10.027               
         H           12367          2637.1          9730.4          5804.3          6563.2        400        MET          113.19           3.482          109.71           3.482          109.71               
         H           12367          2637.1          9730.4          5804.3          6563.2        401        LEU           9.504           9.504               0           9.504               0               
         H           12367          2637.1          9730.4          5804.3          6563.2        402        GLU          95.397          14.322          81.075          70.388          25.009               
         H           12367          2637.1          9730.4          5804.3          6563.2        403        LYS           90.96               0           90.96          47.211          43.749               
         H           12367          2637.1          9730.4          5804.3          6563.2        404        ILE          20.651          10.658          9.9932          10.658          9.9932               
         H           12367          2637.1          9730.4          5804.3          6563.2        405        TYR          63.571          3.4488          60.122          17.935          45.636               
         H           12367          2637.1          9730.4          5804.3          6563.2        406        ILE          51.499           18.76           32.74           18.76           32.74               
         H           12367          2637.1          9730.4          5804.3          6563.2        407        HIS          13.666          3.1396          10.527          9.0638          4.6027               
         H           12367          2637.1          9730.4          5804.3          6563.2        408        PRO          105.48          39.695          65.788          27.933           77.55               
         H           12367          2637.1          9730.4          5804.3          6563.2        409        ARG          145.32          8.2546          137.06          83.864          61.451               
         H           12367          2637.1          9730.4          5804.3          6563.2        410        TYR          18.926           15.87          3.0557          15.682          3.2437               
         H           12367          2637.1          9730.4          5804.3          6563.2        411        ASN           40.88          3.4774          37.402          23.759          17.121               
         H           12367          2637.1          9730.4          5804.3          6563.2        412        TRP          62.133          3.4139           58.72          22.101          40.032               
         H           12367          2637.1          9730.4          5804.3          6563.2        413        ARG          180.02          35.196          144.83          123.81          56.217               
         H           12367          2637.1          9730.4          5804.3          6563.2        414        GLU           97.13          32.629          64.501          49.246          47.883               
         H           12367          2637.1          9730.4          5804.3          6563.2        415        ASN          5.0826          5.0826               0               0          5.0826               
         H           12367          2637.1          9730.4          5804.3          6563.2        416        LEU          23.595          2.3613          21.234          2.3613          21.234               
         H           12367          2637.1          9730.4          5804.3          6563.2        417        ASP          11.872               0          11.872          11.574          0.2972               
         H           12367          2637.1          9730.4          5804.3          6563.2        418        ARG          43.523          0.6685          42.854          43.523               0               
         H           12367          2637.1          9730.4          5804.3          6563.2        419        ASP          1.1022          0.5915          0.5107          0.5915          0.5107               
         H           12367          2637.1          9730.4          5804.3          6563.2        420        ILE               0               0               0               0               0               
         H           12367          2637.1          9730.4          5804.3          6563.2        421        ALA               0               0               0               0               0               
         H           12367          2637.1          9730.4          5804.3          6563.2        422        LEU               0               0               0               0               0               
         H           12367          2637.1          9730.4          5804.3          6563.2        423        MET               0               0               0               0               0               
         H           12367          2637.1          9730.4          5804.3          6563.2        424        LYS          56.921               0          56.921          40.009          16.912               
         H           12367          2637.1          9730.4          5804.3          6563.2        425        LEU          4.1491          4.1491               0          4.1491               0               
         H           12367          2637.1          9730.4          5804.3          6563.2        426        LYS          54.804          25.197          29.607          25.119          29.685               
         H           12367          2637.1          9730.4          5804.3          6563.2        427        LYS           87.15          4.0067          83.143          3.8148          83.335               
         H           12367          2637.1          9730.4          5804.3          6563.2        428        PRO          73.457          17.926          55.531          17.884          55.573               
         H           12367          2637.1          9730.4          5804.3          6563.2        429        VAL          12.922           10.55          2.3717          4.9611           7.961               
         H           12367          2637.1          9730.4          5804.3          6563.2        430        ALA           66.85          14.622          52.228          5.2469          61.603               
         H           12367          2637.1          9730.4          5804.3          6563.2        431        PHE           90.93          28.885          62.044          27.196          63.734               
         H           12367          2637.1          9730.4          5804.3          6563.2        432        SER          55.837          24.961          30.876           8.046          47.791               
         H           12367          2637.1          9730.4          5804.3          6563.2        433        ASP          119.66          23.443           96.22           89.25          30.413               
         H           12367          2637.1          9730.4          5804.3          6563.2        434        TYR          73.027          3.2544          69.773          41.287           31.74               
         H           12367          2637.1          9730.4          5804.3          6563.2        435        ILE          1.0078               0          1.0078               0          1.0078               
         H           12367          2637.1          9730.4          5804.3          6563.2        436        HIS          91.432               0          91.432          36.613           54.82               
         H           12367          2637.1          9730.4          5804.3          6563.2        437        PRO          27.794          6.5834          21.211          6.4468          21.348               
         H           12367          2637.1          9730.4          5804.3          6563.2        438        VAL          6.3071          6.3071               0          4.1849          2.1222               
         H           12367          2637.1          9730.4          5804.3          6563.2        439        CYS          35.545          5.1742          30.371               0          35.545               
         H           12367          2637.1          9730.4          5804.3          6563.2        440        LEU          32.529          16.345          16.185          16.345          16.185               
         H           12367          2637.1          9730.4          5804.3          6563.2        441        PRO               0               0               0               0               0               
         H           12367          2637.1          9730.4          5804.3          6563.2        442        ASP          62.919          2.6079          60.311          17.824          45.095               
         H           12367          2637.1          9730.4          5804.3          6563.2        443        ARG          171.51          5.1107           166.4          109.62          61.892               
         H           12367          2637.1          9730.4          5804.3          6563.2        444        GLU          72.967           11.04          61.927          4.4656          68.502               
         H           12367          2637.1          9730.4          5804.3          6563.2        445        THR           11.08          0.6731          10.407           10.65          0.4299               
         H           12367          2637.1          9730.4          5804.3          6563.2        446        ALA          3.4316          0.6825          2.7491               0          3.4316               
         H           12367          2637.1          9730.4          5804.3          6563.2        447        ALA          74.345          27.792          46.553           15.46          58.885               
         H           12367          2637.1          9730.4          5804.3          6563.2        448        SER          33.889          7.3873          26.502          2.2093           31.68               
         H           12367          2637.1          9730.4          5804.3          6563.2        449        LEU          8.7758               0          8.7758               0          8.7758               
         H           12367          2637.1          9730.4          5804.3          6563.2        450        LEU          42.914          22.112          20.802          21.284          21.631               
         H           12367          2637.1          9730.4          5804.3          6563.2        451        GLN          78.403          6.4581          71.945           52.43          25.973               
         H           12367          2637.1          9730.4          5804.3          6563.2        452        ALA          49.377          28.033          21.344          26.548          22.829               
         H           12367          2637.1          9730.4          5804.3          6563.2        453        GLY          48.357          48.357               0          14.791          33.566               
         H           12367          2637.1          9730.4          5804.3          6563.2        454        TYR          93.998          5.7295          88.269          30.932          63.067               
         H           12367          2637.1          9730.4          5804.3          6563.2        455        LYS          100.35          21.581          78.771            46.7          53.651               
         H           12367          2637.1          9730.4          5804.3          6563.2        456        GLY          3.8904          3.8904               0               0          3.8904               
         H           12367          2637.1          9730.4          5804.3          6563.2        457        ARG          45.403          0.1884          45.215          38.955          6.4475               
         H           12367          2637.1          9730.4          5804.3          6563.2        458        VAL               0               0               0               0               0               
         H           12367          2637.1          9730.4          5804.3          6563.2        459        THR          2.2432               0          2.2432          0.8574          1.3858               
         H           12367          2637.1          9730.4          5804.3          6563.2        460        GLY          0.2573          0.2573               0               0          0.2573               
         H           12367          2637.1          9730.4          5804.3          6563.2        461        TRP          4.7324          4.2143          0.5181          4.2143          0.5181               
         H           12367          2637.1          9730.4          5804.3          6563.2        462        GLY          2.4415          2.4415               0               0          2.4415               
         H           12367          2637.1          9730.4          5804.3          6563.2        463        ASN          17.596               0          17.596          17.478          0.1185               
         H           12367          2637.1          9730.4          5804.3          6563.2        464        LEU          48.203          11.193           37.01           11.17          37.033               
         H           12367          2637.1          9730.4          5804.3          6563.2        465        LYS          43.175          4.0174          39.157          17.572          25.603               
         H           12367          2637.1          9730.4          5804.3          6563.2        466        GLU          19.049          2.5573          16.492          9.6631          9.3864               
         H           12367          2637.1          9730.4          5804.3          6563.2        467        THR          56.754          26.672          30.082          39.509          17.245               
         H           12367          2637.1          9730.4          5804.3          6563.2        468        TRP          153.91          37.917          115.99          27.926          125.98               
         H           12367          2637.1          9730.4          5804.3          6563.2        469        THR          64.058          12.765          51.292          33.509          30.548               
         H           12367          2637.1          9730.4          5804.3          6563.2        470        ALA          103.07          34.698          68.373          21.617          81.454               
         H           12367          2637.1          9730.4          5804.3          6563.2        471        ASN          72.499          27.313          45.186          56.678          15.821               
         H           12367          2637.1          9730.4          5804.3          6563.2        472        VAL          148.08          22.464          125.62          16.234          131.85               
         H           12367          2637.1          9730.4          5804.3          6563.2        473        GLY           54.18           54.18               0          16.696          37.484               
         H           12367          2637.1          9730.4          5804.3          6563.2        474        LYS          132.21          20.665          111.54          40.207              92               
         H           12367          2637.1          9730.4          5804.3          6563.2        475        GLY          13.425          13.425               0          7.8242          5.6008               
         H           12367          2637.1          9730.4          5804.3          6563.2        476        GLN           67.77          2.9116          64.859          52.971            14.8               
         H           12367          2637.1          9730.4          5804.3          6563.2        477        PRO           3.842          2.4396          1.4024               0           3.842               
         H           12367          2637.1          9730.4          5804.3          6563.2        478        SER          68.288          6.9664          61.321          25.797           42.49               
         H           12367          2637.1          9730.4          5804.3          6563.2        479        VAL          26.355          0.2697          26.086          0.2697          26.086               
         H           12367          2637.1          9730.4          5804.3          6563.2        480        LEU          5.2748               0          5.2748               0          5.2748               
         H           12367          2637.1          9730.4          5804.3          6563.2        481        GLN          12.434               0          12.434          11.432          1.0022               
         H           12367          2637.1          9730.4          5804.3          6563.2        482        VAL          12.392          2.1902          10.202          2.1902          10.202               
         H           12367          2637.1          9730.4          5804.3          6563.2        483        VAL          13.838           5.163          8.6748               0          13.838               
         H           12367          2637.1          9730.4          5804.3          6563.2        484        ASN          71.961          7.4721          64.489          56.639          15.322               
         H           12367          2637.1          9730.4          5804.3          6563.2        485        LEU          0.0882               0          0.0882               0          0.0882               
         H           12367          2637.1          9730.4          5804.3          6563.2        486        PRO           10.35               0           10.35               0           10.35               
         H           12367          2637.1          9730.4          5804.3          6563.2        487        ILE          12.725           2.852          9.8725           2.852          9.8725               
         H           12367          2637.1          9730.4          5804.3          6563.2        488        VAL          9.4517          6.3627           3.089           6.098          3.3537               
         H           12367          2637.1          9730.4          5804.3          6563.2        489        GLU          69.342          3.9455          65.397          35.337          34.006               
         H           12367          2637.1          9730.4          5804.3          6563.2        490        ARG          85.014          7.7604          77.254          28.565           56.45               
         H           12367          2637.1          9730.4          5804.3          6563.2        491        PRO          85.991          5.2379          80.753          0.1075          85.884               
         H           12367          2637.1          9730.4          5804.3          6563.2        492        VAL          44.283          2.7785          41.504          0.7784          43.505               
         H           12367          2637.1          9730.4          5804.3          6563.2        493        CYS          3.4191               0          3.4191               0          3.4191               
         H           12367          2637.1          9730.4          5804.3          6563.2        494        LYS          126.27          6.3593          119.91          50.803           75.47               
         H           12367          2637.1          9730.4          5804.3          6563.2        495        ASP          115.83           34.24          81.587          76.389          39.439               
         H           12367          2637.1          9730.4          5804.3          6563.2        496        SER          20.635          18.516          2.1193          8.1154           12.52               
         H           12367          2637.1          9730.4          5804.3          6563.2        497        THR          17.964          16.342          1.6215          10.812          7.1515               
         H           12367          2637.1          9730.4          5804.3          6563.2        498        ARG           216.4          38.208          178.19          125.45          90.947               
         H           12367          2637.1          9730.4          5804.3          6563.2        499        ILE          56.593          8.6173          47.976           3.548          53.045               
         H           12367          2637.1          9730.4          5804.3          6563.2        500        ARG          124.38          11.181           113.2          54.884          69.497               
         H           12367          2637.1          9730.4          5804.3          6563.2        501        ILE          26.398          17.549          8.8493          17.549          8.8493               
         H           12367          2637.1          9730.4          5804.3          6563.2        502        THR          20.781          8.6075          12.173               0          20.781               
         H           12367          2637.1          9730.4          5804.3          6563.2        503        ASP          78.164          4.8742           73.29          56.053          22.111               
         H           12367          2637.1          9730.4          5804.3          6563.2        504        ASN          22.802          0.6962          22.106          22.525          0.2772               
         H           12367          2637.1          9730.4          5804.3          6563.2        505        MET          4.8067          0.2645          4.5422               0          4.8067               
         H           12367          2637.1          9730.4          5804.3          6563.2        506        PHE          13.574          2.8011          10.773               0          13.574               
         H           12367          2637.1          9730.4          5804.3          6563.2        507        CYS          0.1485          0.1485               0          0.1485               0               
         H           12367          2637.1          9730.4          5804.3          6563.2        508        ALA          0.9159          0.9159               0          0.9159               0               
         H           12367          2637.1          9730.4          5804.3          6563.2        509        GLY          4.4822          4.4822               0          0.4744          4.0078               
         H           12367          2637.1          9730.4          5804.3          6563.2        510        TYR          35.878          13.774          22.104          21.451          14.427               
         H           12367          2637.1          9730.4          5804.3          6563.2        511        LYS          58.259          2.4812          55.777          28.912          29.347               
         H           12367          2637.1          9730.4          5804.3          6563.2        512        PRO          82.685          26.451          56.234          17.642          65.043               
         H           12367          2637.1          9730.4          5804.3          6563.2        513        ASP          131.42          39.466          91.958          73.195          58.228               
         H           12367          2637.1          9730.4          5804.3          6563.2        514        GLU          84.703          23.899          60.804          49.809          34.894               
         H           12367          2637.1          9730.4          5804.3          6563.2        515        GLY          59.211          59.211               0          16.258          42.953               
         H           12367          2637.1          9730.4          5804.3          6563.2        516        LYS          128.83           13.17          115.66          42.225          86.607               
         H           12367          2637.1          9730.4          5804.3          6563.2        517        ARG          105.77          17.971          87.803          59.994          45.781               
         H           12367          2637.1          9730.4          5804.3          6563.2        518        GLY          5.6768          5.6768               0          5.6768               0               
         H           12367          2637.1          9730.4          5804.3          6563.2        519        ASP            14.3          0.2885          14.012          9.7471          4.5532               
         H           12367          2637.1          9730.4          5804.3          6563.2        520        ALA          9.0047          4.1677           4.837          2.3523          6.6524               
         H           12367          2637.1          9730.4          5804.3          6563.2        521        CYS          12.864          12.864               0           3.099          9.7646               
         H           12367          2637.1          9730.4          5804.3          6563.2        522        GLU          84.984          7.7313          77.253          30.738          54.246               
         H           12367          2637.1          9730.4          5804.3          6563.2        523        GLY          26.651          26.651               0          10.743          15.908               
         H           12367          2637.1          9730.4          5804.3          6563.2        524        ASP          0.1831          0.1831               0               0          0.1831               
         H           12367          2637.1          9730.4          5804.3          6563.2        525        SER          11.776               0          11.776          9.3784          2.3973               
         H           12367          2637.1          9730.4          5804.3          6563.2        526        GLY          0.0462          0.0462               0          0.0462               0               
         H           12367          2637.1          9730.4          5804.3          6563.2        527        GLY               0               0               0               0               0               
         H           12367          2637.1          9730.4          5804.3          6563.2        528        PRO          0.5475               0          0.5475               0          0.5475               
         H           12367          2637.1          9730.4          5804.3          6563.2        529        PHE               0               0               0               0               0               
         H           12367          2637.1          9730.4          5804.3          6563.2        530        VAL           4.733           0.401           4.332           0.401           4.332               
         H           12367          2637.1          9730.4          5804.3          6563.2        531        MET          9.2066          2.0401          7.1665               0          9.2066               
         H           12367          2637.1          9730.4          5804.3          6563.2        532        LYS          98.203          19.309          78.894          62.432          35.771               
         H           12367          2637.1          9730.4          5804.3          6563.2        533        SER          0.8733               0          0.8733          0.8733               0               
         H           12367          2637.1          9730.4          5804.3          6563.2        534        PRO          96.327          32.117           64.21          24.393          71.934               
         H           12367          2637.1          9730.4          5804.3          6563.2        535        PHE          139.51          36.553          102.95          29.972          109.54               
         H           12367          2637.1          9730.4          5804.3          6563.2        536        ASN          71.882           23.69          48.192           37.17          34.712               
         H           12367          2637.1          9730.4          5804.3          6563.2        537        ASN          93.252          13.435          79.817          69.154          24.099               
         H           12367          2637.1          9730.4          5804.3          6563.2        538        ARG          142.81          3.2786          139.53          111.61          31.204               
         H           12367          2637.1          9730.4          5804.3          6563.2        539        TRP          62.628          4.4749          58.153          21.383          41.245               
         H           12367          2637.1          9730.4          5804.3          6563.2        540        TYR          17.151               0          17.151           12.69          4.4611               
         H           12367          2637.1          9730.4          5804.3          6563.2        541        GLN          0.0442               0          0.0442          0.0442               0               
         H           12367          2637.1          9730.4          5804.3          6563.2        542        MET          0.0832          0.0832               0          0.0832               0               
         H           12367          2637.1          9730.4          5804.3          6563.2        543        GLY               0               0               0               0               0               
         H           12367          2637.1          9730.4          5804.3          6563.2        544        ILE               0               0               0               0               0               
         H           12367          2637.1          9730.4          5804.3          6563.2        545        VAL          7.4789               0          7.4789               0          7.4789               
         H           12367          2637.1          9730.4          5804.3          6563.2        546        SER          4.9186          2.2565          2.6621          3.4368          1.4818               
         H           12367          2637.1          9730.4          5804.3          6563.2        547        TRP          32.072          15.997          16.075          3.2365          28.835               
         H           12367          2637.1          9730.4          5804.3          6563.2        548        GLY          36.168          36.168               0          26.033          10.135               
         H           12367          2637.1          9730.4          5804.3          6563.2        549        GLU          60.682           11.99          48.692           29.79          30.892               
         H           12367          2637.1          9730.4          5804.3          6563.2        550        GLY          19.876          19.876               0          19.074           0.802               
         H           12367          2637.1          9730.4          5804.3          6563.2        551        CYS          11.611          9.9982          1.6126          9.9239          1.6869               
         H           12367          2637.1          9730.4          5804.3          6563.2        552        ASP          22.663            9.54          13.123          16.548          6.1142               
         H           12367          2637.1          9730.4          5804.3          6563.2        553        ARG          122.58          10.208          112.37          80.204          42.378               
         H           12367          2637.1          9730.4          5804.3          6563.2        554        ASP          92.726          26.408          66.319          62.107           30.62               
         H           12367          2637.1          9730.4          5804.3          6563.2        555        GLY          27.082          27.082               0          7.5476          19.534               
         H           12367          2637.1          9730.4          5804.3          6563.2        556        LYS          56.467          9.3918          47.076          21.552          34.916               
         H           12367          2637.1          9730.4          5804.3          6563.2        557        TYR          12.869          6.5215          6.3479          7.9143          4.9551               
         H           12367          2637.1          9730.4          5804.3          6563.2        558        GLY          4.0489          4.0489               0          0.3856          3.6633               
         H           12367          2637.1          9730.4          5804.3          6563.2        559        PHE           3.847          0.9862          2.8608          0.9862          2.8608               
         H           12367          2637.1          9730.4          5804.3          6563.2        560        TYR          1.0855          0.1721          0.9134          0.0721          1.0134               
         H           12367          2637.1          9730.4          5804.3          6563.2        561        THR          2.1148          1.5351          0.5797           0.364          1.7508               
         H           12367          2637.1          9730.4          5804.3          6563.2        562        HIS          12.052               0          12.052          9.4878          2.5643               
         H           12367          2637.1          9730.4          5804.3          6563.2        563        VAL               0               0               0               0               0               
         H           12367          2637.1          9730.4          5804.3          6563.2        564        PHE          55.988          5.2105          50.777          5.2105          50.777               
         H           12367          2637.1          9730.4          5804.3          6563.2        565        ARG          110.48          28.115          82.369          74.114           36.37               
         H           12367          2637.1          9730.4          5804.3          6563.2        566        LEU          11.325          2.1849          9.1398               0          11.325               
         H           12367          2637.1          9730.4          5804.3          6563.2        567        LYS          31.238               0          31.238          21.391          9.8475               
         H           12367          2637.1          9730.4          5804.3          6563.2        568        LYS          156.67          8.8013          147.87          38.674             118               
         H           12367          2637.1          9730.4          5804.3          6563.2        569        TRP          37.432          7.3983          30.034          10.971          26.461               
         H           12367          2637.1          9730.4          5804.3          6563.2        570        ILE               0               0               0               0               0               
         H           12367          2637.1          9730.4          5804.3          6563.2        571        GLN          74.646          2.5539          72.092          58.787          15.859               
         H           12367          2637.1          9730.4          5804.3          6563.2        572        LYS          118.13          7.8492          110.28          36.966           81.16               
         H           12367          2637.1          9730.4          5804.3          6563.2        573        VAL          21.331          5.8593          15.472          3.1777          18.153               
         H           12367          2637.1          9730.4          5804.3          6563.2        574        ILE          30.766          6.0043          24.762           5.923          24.843               
         H           12367          2637.1          9730.4          5804.3          6563.2        575        ASP          107.73          26.504          81.229          69.454          38.279               
         H           12367          2637.1          9730.4          5804.3          6563.2        576        GLN          100.29          24.673          75.618          76.833          23.459               
         H           12367          2637.1          9730.4          5804.3          6563.2        577        PHE          149.74          10.606          139.14          7.7861          141.96               
         H           12367          2637.1          9730.4          5804.3          6563.2        578        GLY          82.202          82.202               0           39.41          42.792               
         H           12367          2637.1          9730.4          5804.3          6563.2        579        GLU          132.85          55.682          77.172          88.022          44.832               
