pdb_id: 
analysis type: unbound
radii_file: F:\psiafrombintisolah\PSAIA-1.0\amac_data\chothia.radii
ASA_zSice: 0.25
ASA_rSolvent: 1.4
total ASA: 0
back-bone ASA: 0
side-chain ASA: 0
polar ASA: 0
non-polar ASA: 0

  chain id|   ch total ASA|  ch b-bone ASA| ch s-chain ASA|   ch polar ASA| ch n-polar ASA|    res id|  res name|      total ASA|     b-bone ASA|    s-chain ASA|      polar ASA|    n-polar ASA|               
         A           15509          4003.4           11505          7340.6          8168.1        219        GLY          142.08          142.08               0          91.379          50.699               
         A           15509          4003.4           11505          7340.6          8168.1        220        SER          62.171          25.902          36.269          18.059          44.112               
         A           15509          4003.4           11505          7340.6          8168.1        221        HIS          80.983          45.667          35.316            33.5          47.484               
         A           15509          4003.4           11505          7340.6          8168.1        222        HIS          167.21          32.903          134.31          64.071          103.14               
         A           15509          4003.4           11505          7340.6          8168.1        223        HIS           127.5          11.965          115.53          54.542          72.957               
         A           15509          4003.4           11505          7340.6          8168.1        224        HIS          122.99          34.094          88.897           50.82          72.171               
         A           15509          4003.4           11505          7340.6          8168.1        225        HIS          145.11          18.811           126.3          51.537          93.577               
         A           15509          4003.4           11505          7340.6          8168.1        226        HIS          80.481          80.481               0          40.065          40.415               
         A           15509          4003.4           11505          7340.6          8168.1        227        GLY          72.078          72.078               0          31.826          40.252               
         A           15509          4003.4           11505          7340.6          8168.1        228        SER          109.66          34.235          75.425          49.791           59.87               
         A           15509          4003.4           11505          7340.6          8168.1        229        GLY          42.669          42.669               0          32.773           9.896               
         A           15509          4003.4           11505          7340.6          8168.1        230        THR          78.287          4.6112          73.675          34.848          43.438               
         A           15509          4003.4           11505          7340.6          8168.1        231        ASP          78.252           27.47          50.782          42.032           36.22               
         A           15509          4003.4           11505          7340.6          8168.1        232        ILE          5.7103          0.2729          5.4374               0          5.7103               
         A           15509          4003.4           11505          7340.6          8168.1        233        THR           15.55          2.8347          12.716          2.8891          12.661               
         A           15509          4003.4           11505          7340.6          8168.1        234        ASN          127.74            32.6          95.143          90.425          37.317               
         A           15509          4003.4           11505          7340.6          8168.1        235        GLN          94.191          16.407          77.784           53.18          41.011               
         A           15509          4003.4           11505          7340.6          8168.1        236        LEU          15.472          15.153          0.3194          14.991          0.4805               
         A           15509          4003.4           11505          7340.6          8168.1        237        THR           50.01          7.6461          42.364               0           50.01               
         A           15509          4003.4           11505          7340.6          8168.1        238        ASN          114.96          31.457            83.5          81.565          33.391               
         A           15509          4003.4           11505          7340.6          8168.1        239        VAL          34.729          21.502          13.227          21.502          13.227               
         A           15509          4003.4           11505          7340.6          8168.1        240        THR          89.534          3.5054          86.029          17.988          71.547               
         A           15509          4003.4           11505          7340.6          8168.1        241        VAL            25.5          25.136          0.3645          22.113          3.3875               
         A           15509          4003.4           11505          7340.6          8168.1        242        GLY           23.11           23.11               0          0.6251          22.484               
         A           15509          4003.4           11505          7340.6          8168.1        243        ILE           20.73           18.75          1.9802          17.053          3.6768               
         A           15509          4003.4           11505          7340.6          8168.1        244        ASP           77.87          7.9445          69.925          54.392          23.478               
         A           15509          4003.4           11505          7340.6          8168.1        245        SER          24.239          24.153          0.0865           13.19          11.049               
         A           15509          4003.4           11505          7340.6          8168.1        246        GLY          44.885          44.885               0          10.893          33.992               
         A           15509          4003.4           11505          7340.6          8168.1        247        THR          114.13          9.6427          104.49          28.321          85.808               
         A           15509          4003.4           11505          7340.6          8168.1        248        THR           36.21          14.817          21.393          28.395          7.8146               
         A           15509          4003.4           11505          7340.6          8168.1        249        VAL          4.5009          2.1741          2.3268               0          4.5009               
         A           15509          4003.4           11505          7340.6          8168.1        250        TYR          81.418          0.9896          80.428          35.712          45.706               
         A           15509          4003.4           11505          7340.6          8168.1        251        PRO           26.58          16.528          10.052          15.356          11.224               
         A           15509          4003.4           11505          7340.6          8168.1        252        HIS           56.28          33.452          22.827          30.594          25.685               
         A           15509          4003.4           11505          7340.6          8168.1        253        GLN          114.31          26.684          87.623          75.537           38.77               
         A           15509          4003.4           11505          7340.6          8168.1        254        ALA          57.606          26.989          30.617          12.008          45.598               
         A           15509          4003.4           11505          7340.6          8168.1        255        GLY          20.164          20.164               0          2.1609          18.003               
         A           15509          4003.4           11505          7340.6          8168.1        256        TYR              66          16.179          49.821           37.32          28.679               
         A           15509          4003.4           11505          7340.6          8168.1        257        VAL          0.6965          0.6965               0               0          0.6965               
         A           15509          4003.4           11505          7340.6          8168.1        258        LYS          74.457               0          74.457          46.265          28.193               
         A           15509          4003.4           11505          7340.6          8168.1        259        LEU          0.1192               0          0.1192               0          0.1192               
         A           15509          4003.4           11505          7340.6          8168.1        260        ASN          52.937          1.0474           51.89          28.116          24.822               
         A           15509          4003.4           11505          7340.6          8168.1        261        TYR          7.6728          7.2167          0.4561          3.1211          4.5517               
         A           15509          4003.4           11505          7340.6          8168.1        262        GLY          13.112          13.112               0          0.3635          12.749               
         A           15509          4003.4           11505          7340.6          8168.1        263        PHE          6.0225          5.8259          0.1966          3.1201          2.9024               
         A           15509          4003.4           11505          7340.6          8168.1        264        SER           29.33          0.0045          29.325          15.322          14.008               
         A           15509          4003.4           11505          7340.6          8168.1        265        VAL          9.8943          7.6276          2.2667          6.4112          3.4831               
         A           15509          4003.4           11505          7340.6          8168.1        266        PRO          29.762          10.516          19.245          0.4333          29.328               
         A           15509          4003.4           11505          7340.6          8168.1        267        ASN          70.966          20.212          50.753          16.351          54.615               
         A           15509          4003.4           11505          7340.6          8168.1        268        SER          84.928          32.937          51.991          49.105          35.823               
         A           15509          4003.4           11505          7340.6          8168.1        269        ALA          1.8939          1.8939               0          1.0032          0.8907               
         A           15509          4003.4           11505          7340.6          8168.1        270        VAL          77.812               0          77.812               0          77.812               
         A           15509          4003.4           11505          7340.6          8168.1        271        LYS          45.539          13.431          32.108          12.544          32.995               
         A           15509          4003.4           11505          7340.6          8168.1        272        GLY          15.975          15.975               0          4.5452          11.429               
         A           15509          4003.4           11505          7340.6          8168.1        273        ASP          5.8207               0          5.8207          5.7876          0.0331               
         A           15509          4003.4           11505          7340.6          8168.1        274        THR          29.642               0          29.642          7.3439          22.298               
         A           15509          4003.4           11505          7340.6          8168.1        275        PHE          0.1295               0          0.1295               0          0.1295               
         A           15509          4003.4           11505          7340.6          8168.1        276        LYS          74.767          0.5934          74.173          42.351          32.415               
         A           15509          4003.4           11505          7340.6          8168.1        277        ILE          0.3424               0          0.3424               0          0.3424               
         A           15509          4003.4           11505          7340.6          8168.1        278        THR          62.142               0          62.142          14.855          47.287               
         A           15509          4003.4           11505          7340.6          8168.1        279        VAL          8.6387           6.238          2.4007           6.238          2.4007               
         A           15509          4003.4           11505          7340.6          8168.1        280        PRO          18.888          10.723           8.165          0.8251          18.063               
         A           15509          4003.4           11505          7340.6          8168.1        281        LYS          138.67          14.191          124.48          54.772          83.897               
         A           15509          4003.4           11505          7340.6          8168.1        282        GLU          38.465               0          38.465          28.452          10.012               
         A           15509          4003.4           11505          7340.6          8168.1        283        LEU          9.5958          9.0197          0.5761          9.0197          0.5761               
         A           15509          4003.4           11505          7340.6          8168.1        284        ASN          27.151           4.798          22.353          7.0706          20.081               
         A           15509          4003.4           11505          7340.6          8168.1        285        LEU          25.992          18.161          7.8312          18.161          7.8312               
         A           15509          4003.4           11505          7340.6          8168.1        286        ASN          43.002          8.4835          34.518          35.663          7.3388               
         A           15509          4003.4           11505          7340.6          8168.1        287        GLY          17.374          17.374               0          7.5126          9.8617               
         A           15509          4003.4           11505          7340.6          8168.1        288        VAL          42.134          1.7501          40.384          1.4176          40.716               
         A           15509          4003.4           11505          7340.6          8168.1        289        THR           30.07          0.1392          29.931          6.0466          24.024               
         A           15509          4003.4           11505          7340.6          8168.1        290        SER          46.205          25.724          20.482          30.135          16.071               
         A           15509          4003.4           11505          7340.6          8168.1        291        THR          62.322          18.254          44.068          12.427          49.894               
         A           15509          4003.4           11505          7340.6          8168.1        292        ALA          24.991          20.593          4.3985          18.189          6.8023               
         A           15509          4003.4           11505          7340.6          8168.1        293        LYS          98.292          33.317          64.975          26.329          71.963               
         A           15509          4003.4           11505          7340.6          8168.1        294        VAL          21.869          14.976          6.8939           14.66          7.2097               
         A           15509          4003.4           11505          7340.6          8168.1        295        PRO          19.172          4.5692          14.603           0.003          19.169               
         A           15509          4003.4           11505          7340.6          8168.1        296        PRO          52.731          3.3978          49.333           3.026          49.705               
         A           15509          4003.4           11505          7340.6          8168.1        297        ILE          0.0482               0          0.0482               0          0.0482               
         A           15509          4003.4           11505          7340.6          8168.1        298        MET          101.12          18.948          82.168           8.211          92.905               
         A           15509          4003.4           11505          7340.6          8168.1        302        GLN          133.77          53.657          80.117          45.038          88.736               
         A           15509          4003.4           11505          7340.6          8168.1        303        VAL          54.253          8.6262          45.627          8.6262          45.627               
         A           15509          4003.4           11505          7340.6          8168.1        304        LEU           10.14          0.1178          10.022          0.1178          10.022               
         A           15509          4003.4           11505          7340.6          8168.1        305        ALA               0               0               0               0               0               
         A           15509          4003.4           11505          7340.6          8168.1        306        ASN          82.575           3.334          79.241          50.368          32.207               
         A           15509          4003.4           11505          7340.6          8168.1        307        GLY          14.834          14.834               0          14.119          0.7144               
         A           15509          4003.4           11505          7340.6          8168.1        308        VAL          56.575          2.2323          54.343               0          56.575               
         A           15509          4003.4           11505          7340.6          8168.1        309        ILE          60.903          23.175          37.728          23.175          37.728               
         A           15509          4003.4           11505          7340.6          8168.1        310        ASP          48.204          14.348          33.856          10.939          37.264               
         A           15509          4003.4           11505          7340.6          8168.1        311        SER          120.69          47.053          73.638          61.007          59.685               
         A           15509          4003.4           11505          7340.6          8168.1        312        ASP          109.54          29.291          80.251          83.205          26.337               
         A           15509          4003.4           11505          7340.6          8168.1        313        GLY          26.701          26.701               0          2.3908          24.311               
         A           15509          4003.4           11505          7340.6          8168.1        314        ASN          17.574               0          17.574          17.574               0               
         A           15509          4003.4           11505          7340.6          8168.1        315        VAL               0               0               0               0               0               
         A           15509          4003.4           11505          7340.6          8168.1        316        ILE          32.017          1.3675           30.65          1.3675           30.65               
         A           15509          4003.4           11505          7340.6          8168.1        317        TYR               0               0               0               0               0               
         A           15509          4003.4           11505          7340.6          8168.1        318        THR           51.94          1.5936          50.346          13.085          38.855               
         A           15509          4003.4           11505          7340.6          8168.1        319        PHE          3.8847          2.8489          1.0358          2.7669          1.1178               
         A           15509          4003.4           11505          7340.6          8168.1        320        THR          20.485          8.9131          11.572               0          20.485               
         A           15509          4003.4           11505          7340.6          8168.1        321        ASP          103.63          4.3728          99.255          66.131          37.497               
         A           15509          4003.4           11505          7340.6          8168.1        322        TYR          69.685          17.489          52.196          16.897          52.788               
         A           15509          4003.4           11505          7340.6          8168.1        323        VAL          5.2951          2.1961           3.099          2.1961           3.099               
         A           15509          4003.4           11505          7340.6          8168.1        324        ASN           97.98          34.396          63.584          79.094          18.886               
         A           15509          4003.4           11505          7340.6          8168.1        325        THR          80.054          19.074          60.981          10.092          69.962               
         A           15509          4003.4           11505          7340.6          8168.1        326        LYS          11.055           1.709          9.3459           1.709          9.3459               
         A           15509          4003.4           11505          7340.6          8168.1        327        CYS           33.17          0.3114          32.859               0           33.17               
         A           15509          4003.4           11505          7340.6          8168.1        328        ASP           74.33          24.667          49.664          11.404          62.926               
         A           15509          4003.4           11505          7340.6          8168.1        329        VAL          7.7621          0.7343          7.0278          0.7249          7.0372               
         A           15509          4003.4           11505          7340.6          8168.1        330        LYS          37.053          3.7898          33.263          1.6524          35.401               
         A           15509          4003.4           11505          7340.6          8168.1        331        ALA          7.1791          5.7439          1.4352          3.8303          3.3488               
         A           15509          4003.4           11505          7340.6          8168.1        332        THR          78.495               0          78.495          12.386          66.109               
         A           15509          4003.4           11505          7340.6          8168.1        333        LEU          3.5317          3.5317               0           2.025          1.5067               
         A           15509          4003.4           11505          7340.6          8168.1        334        THR          39.599          0.3803          39.218          22.905          16.694               
         A           15509          4003.4           11505          7340.6          8168.1        335        MET          3.2539               0          3.2539               0          3.2539               
         A           15509          4003.4           11505          7340.6          8168.1        336        PRO          14.855          2.0479          12.807          2.0479          12.807               
         A           15509          4003.4           11505          7340.6          8168.1        337        ALA               0               0               0               0               0               
         A           15509          4003.4           11505          7340.6          8168.1        338        TYR          36.804               0          36.804          6.8507          29.953               
         A           15509          4003.4           11505          7340.6          8168.1        339        ILE           7.407          6.9601          0.4469          6.9601          0.4469               
         A           15509          4003.4           11505          7340.6          8168.1        340        ASP          22.497               0          22.497          18.688          3.8089               
         A           15509          4003.4           11505          7340.6          8168.1        341        PRO          47.333          0.3889          46.944               0          47.333               
         A           15509          4003.4           11505          7340.6          8168.1        342        GLU          91.201          5.2582          85.943          70.303          20.898               
         A           15509          4003.4           11505          7340.6          8168.1        343        ASN          73.978          30.184          43.794           68.95          5.0275               
         A           15509          4003.4           11505          7340.6          8168.1        344        VAL          9.2518          3.3258           5.926               0          9.2518               
         A           15509          4003.4           11505          7340.6          8168.1        345        LYS          82.499           3.408          79.091          32.498          50.001               
         A           15509          4003.4           11505          7340.6          8168.1        346        LYS          132.34          5.8652          126.47          53.153          79.187               
         A           15509          4003.4           11505          7340.6          8168.1        347        THR          54.058          19.785          34.273          20.795          33.263               
         A           15509          4003.4           11505          7340.6          8168.1        348        GLY          25.479          25.479               0               0          25.479               
         A           15509          4003.4           11505          7340.6          8168.1        349        ASN          112.25          27.774          84.477          93.952          18.299               
         A           15509          4003.4           11505          7340.6          8168.1        350        VAL          21.286          6.1663           15.12          0.0747          21.211               
         A           15509          4003.4           11505          7340.6          8168.1        351        THR          72.525          17.766          54.759          35.211          37.314               
         A           15509          4003.4           11505          7340.6          8168.1        352        LEU          0.7412               0          0.7412               0          0.7412               
         A           15509          4003.4           11505          7340.6          8168.1        353        ALA          34.968          3.9457          31.022          2.8921          32.076               
         A           15509          4003.4           11505          7340.6          8168.1        354        THR          1.2193          1.0943           0.125               0          1.2193               
         A           15509          4003.4           11505          7340.6          8168.1        355        GLY          2.2444          2.2444               0          0.3255          1.9189               
         A           15509          4003.4           11505          7340.6          8168.1        356        ILE          3.3898          2.1957          1.1941          2.1957          1.1941               
         A           15509          4003.4           11505          7340.6          8168.1        357        GLY          41.323          41.323               0          24.232          17.092               
         A           15509          4003.4           11505          7340.6          8168.1        358        SER          114.42          42.361          72.064          61.718          52.706               
         A           15509          4003.4           11505          7340.6          8168.1        359        THR          46.621          3.7617          42.859          20.733          25.888               
         A           15509          4003.4           11505          7340.6          8168.1        360        THR          80.636          29.284          51.351          51.574          29.062               
         A           15509          4003.4           11505          7340.6          8168.1        361        ALA           18.86          5.3654          13.495               0           18.86               
         A           15509          4003.4           11505          7340.6          8168.1        362        ASN          105.44          34.744          70.692          88.177          17.259               
         A           15509          4003.4           11505          7340.6          8168.1        363        LYS          64.397          4.2742          60.123          33.231          31.166               
         A           15509          4003.4           11505          7340.6          8168.1        364        THR           84.46          24.822          59.638          38.943          45.516               
         A           15509          4003.4           11505          7340.6          8168.1        365        VAL          2.3718          1.5914          0.7804               0          2.3718               
         A           15509          4003.4           11505          7340.6          8168.1        366        LEU          65.221          1.4973          63.724          1.4973          63.724               
         A           15509          4003.4           11505          7340.6          8168.1        367        VAL           0.886               0           0.886               0           0.886               
         A           15509          4003.4           11505          7340.6          8168.1        368        ASP          34.411          0.5922          33.819          32.312          2.0992               
         A           15509          4003.4           11505          7340.6          8168.1        369        TYR          3.5725          0.7492          2.8233          0.5115           3.061               
         A           15509          4003.4           11505          7340.6          8168.1        370        GLU           82.81          30.849          51.961           53.13           29.68               
         A           15509          4003.4           11505          7340.6          8168.1        371        LYS           69.35          12.901          56.449          7.6876          61.663               
         A           15509          4003.4           11505          7340.6          8168.1        372        TYR           85.69          14.392          71.297          41.297          44.392               
         A           15509          4003.4           11505          7340.6          8168.1        373        GLY          9.6245          9.6245               0               0          9.6245               
         A           15509          4003.4           11505          7340.6          8168.1        374        LYS          98.135          29.653          68.483          35.706           62.43               
         A           15509          4003.4           11505          7340.6          8168.1        375        PHE          91.332          2.3066          89.025               0          91.332               
         A           15509          4003.4           11505          7340.6          8168.1        376        TYR          118.52          30.787           87.73          51.444          67.073               
         A           15509          4003.4           11505          7340.6          8168.1        377        ASN          15.914          1.7156          14.199          2.6972          13.217               
         A           15509          4003.4           11505          7340.6          8168.1        378        LEU               0               0               0               0               0               
         A           15509          4003.4           11505          7340.6          8168.1        379        SER               0               0               0               0               0               
         A           15509          4003.4           11505          7340.6          8168.1        380        ILE               0               0               0               0               0               
         A           15509          4003.4           11505          7340.6          8168.1        381        LYS          7.7831               0          7.7831          3.2092          4.5739               
         A           15509          4003.4           11505          7340.6          8168.1        382        GLY          3.7375          3.7375               0          3.6649          0.0726               
         A           15509          4003.4           11505          7340.6          8168.1        383        THR          24.318          3.0908          21.227          1.2871          23.031               
         A           15509          4003.4           11505          7340.6          8168.1        384        ILE          9.4809           8.054          1.4269           8.054          1.4269               
         A           15509          4003.4           11505          7340.6          8168.1        385        ASP          30.293               0          30.293          14.452          15.841               
         A           15509          4003.4           11505          7340.6          8168.1        386        GLN          72.138          1.9766          70.162           49.27          22.869               
         A           15509          4003.4           11505          7340.6          8168.1        387        ILE           4.709          1.5629          3.1461          1.5629          3.1461               
         A           15509          4003.4           11505          7340.6          8168.1        388        ASP          28.043          2.0459          25.997           21.46          6.5827               
         A           15509          4003.4           11505          7340.6          8168.1        389        LYS          121.19          30.584          90.603          68.971          52.216               
         A           15509          4003.4           11505          7340.6          8168.1        390        THR          108.18          24.275           83.91          52.439          55.745               
         A           15509          4003.4           11505          7340.6          8168.1        391        ASN          99.988          16.387          83.601          77.197          22.791               
         A           15509          4003.4           11505          7340.6          8168.1        392        ASN          36.467               0          36.467          32.728          3.7385               
         A           15509          4003.4           11505          7340.6          8168.1        393        THR          42.205               0          42.205          11.041          31.164               
         A           15509          4003.4           11505          7340.6          8168.1        394        TYR          4.3428          3.2291          1.1137          2.0485          2.2943               
         A           15509          4003.4           11505          7340.6          8168.1        395        ARG          72.942               0          72.942          65.903          7.0394               
         A           15509          4003.4           11505          7340.6          8168.1        396        GLN          4.7013               0          4.7013          4.7013               0               
         A           15509          4003.4           11505          7340.6          8168.1        397        THR          8.0532          0.0327          8.0205          6.7251          1.3281               
         A           15509          4003.4           11505          7340.6          8168.1        398        ILE               0               0               0               0               0               
         A           15509          4003.4           11505          7340.6          8168.1        399        TYR           8.067               0           8.067           0.147            7.92               
         A           15509          4003.4           11505          7340.6          8168.1        400        VAL               0               0               0               0               0               
         A           15509          4003.4           11505          7340.6          8168.1        401        ASN               0               0               0               0               0               
         A           15509          4003.4           11505          7340.6          8168.1        402        PRO          17.142           12.59          4.5515           12.59          4.5515               
         A           15509          4003.4           11505          7340.6          8168.1        403        SER          31.523           28.74          2.7831          25.314           6.209               
         A           15509          4003.4           11505          7340.6          8168.1        404        GLY          44.601          44.601               0          29.407          15.194               
         A           15509          4003.4           11505          7340.6          8168.1        405        ASP           35.81          4.9164          30.893          27.583          8.2269               
         A           15509          4003.4           11505          7340.6          8168.1        406        ASN          67.078          12.217          54.861          32.621          34.456               
         A           15509          4003.4           11505          7340.6          8168.1        407        VAL               0               0               0               0               0               
         A           15509          4003.4           11505          7340.6          8168.1        408        ILE          28.148               0          28.148               0          28.148               
         A           15509          4003.4           11505          7340.6          8168.1        409        ALA          23.403          3.9372          19.466               0          23.403               
         A           15509          4003.4           11505          7340.6          8168.1        410        PRO          5.8267          2.3103          3.5164          2.3103          3.5164               
         A           15509          4003.4           11505          7340.6          8168.1        411        VAL          23.419               0          23.419               0          23.419               
         A           15509          4003.4           11505          7340.6          8168.1        412        LEU               0               0               0               0               0               
         A           15509          4003.4           11505          7340.6          8168.1        413        THR          11.252          0.0055          11.247          1.8694          9.3828               
         A           15509          4003.4           11505          7340.6          8168.1        414        GLY          2.8006          2.8006               0               0          2.8006               
         A           15509          4003.4           11505          7340.6          8168.1        415        ASN          40.929          0.8767          40.052          33.705           7.224               
         A           15509          4003.4           11505          7340.6          8168.1        416        LEU          50.158          6.4694          43.689          6.4694          43.689               
         A           15509          4003.4           11505          7340.6          8168.1        417        LYS          42.209          2.1068          40.102          21.457          20.752               
         A           15509          4003.4           11505          7340.6          8168.1        418        PRO           63.53          16.986          46.544          6.5976          56.932               
         A           15509          4003.4           11505          7340.6          8168.1        419        ASN          163.64          55.322          108.32          113.42           50.22               
         A           15509          4003.4           11505          7340.6          8168.1        420        THR          49.938          19.466          30.473          17.373          32.565               
         A           15509          4003.4           11505          7340.6          8168.1        421        ASP          109.53           13.03          96.501           78.17          31.361               
         A           15509          4003.4           11505          7340.6          8168.1        422        SER          18.074           17.82          0.2548           17.82          0.2548               
         A           15509          4003.4           11505          7340.6          8168.1        423        ASN          30.212          3.4064          26.805          26.805          3.4064               
         A           15509          4003.4           11505          7340.6          8168.1        424        ALA          2.5834          2.5834               0          2.5834               0               
         A           15509          4003.4           11505          7340.6          8168.1        425        LEU          52.737               0          52.737               0          52.737               
         A           15509          4003.4           11505          7340.6          8168.1        426        ILE          4.7809          1.1897          3.5912          1.1897          3.5912               
         A           15509          4003.4           11505          7340.6          8168.1        427        ASP          34.698               0          34.698          12.435          22.263               
         A           15509          4003.4           11505          7340.6          8168.1        428        GLN          119.43           23.11          96.316          71.308          48.118               
         A           15509          4003.4           11505          7340.6          8168.1        429        GLN           155.6          33.516          122.08          109.88          45.721               
         A           15509          4003.4           11505          7340.6          8168.1        430        ASN          36.279          1.3615          34.917          34.819          1.4597               
         A           15509          4003.4           11505          7340.6          8168.1        431        THR           7.738          7.6246          0.1134          6.2573          1.4807               
         A           15509          4003.4           11505          7340.6          8168.1        432        SER          59.833          8.7085          51.124          21.871          37.961               
         A           15509          4003.4           11505          7340.6          8168.1        433        ILE          12.123           10.76          1.3634           10.76          1.3634               
         A           15509          4003.4           11505          7340.6          8168.1        434        LYS          87.571               0          87.571          44.045          43.526               
         A           15509          4003.4           11505          7340.6          8168.1        435        VAL               0               0               0               0               0               
         A           15509          4003.4           11505          7340.6          8168.1        436        TYR          14.311               0          14.311          11.322          2.9898               
         A           15509          4003.4           11505          7340.6          8168.1        437        LYS          56.617          0.9785          55.639          41.799          14.818               
         A           15509          4003.4           11505          7340.6          8168.1        438        VAL          0.5237          0.3701          0.1536          0.3701          0.1536               
         A           15509          4003.4           11505          7340.6          8168.1        439        ASP          103.95          35.875          68.074          62.872          41.077               
         A           15509          4003.4           11505          7340.6          8168.1        440        ASN          80.609          6.9357          73.674          56.068          24.541               
         A           15509          4003.4           11505          7340.6          8168.1        441        ALA          50.315          14.509          35.806          13.394          36.921               
         A           15509          4003.4           11505          7340.6          8168.1        442        ALA          82.633          31.764          50.869          19.095          63.538               
         A           15509          4003.4           11505          7340.6          8168.1        443        ASP           78.21           25.59           52.62          60.392          17.818               
         A           15509          4003.4           11505          7340.6          8168.1        444        LEU          23.309          11.104          12.205          9.9379          13.371               
         A           15509          4003.4           11505          7340.6          8168.1        445        SER          11.587          7.8106          3.7763          3.0095          8.5774               
         A           15509          4003.4           11505          7340.6          8168.1        446        GLU           65.23          6.5827          58.647          30.621          34.608               
         A           15509          4003.4           11505          7340.6          8168.1        447        SER           2.093          2.0685          0.0245          2.0685          0.0245               
         A           15509          4003.4           11505          7340.6          8168.1        448        TYR           16.05          8.5974          7.4523          8.3249          7.7248               
         A           15509          4003.4           11505          7340.6          8168.1        449        PHE          55.854          9.5999          46.254          3.8695          51.984               
         A           15509          4003.4           11505          7340.6          8168.1        450        VAL          24.603          19.265          5.3382          17.512          7.0904               
         A           15509          4003.4           11505          7340.6          8168.1        451        ASN          53.154          2.9538            50.2          41.918          11.236               
         A           15509          4003.4           11505          7340.6          8168.1        452        PRO          58.454          4.2782          54.176          3.6536          54.801               
         A           15509          4003.4           11505          7340.6          8168.1        453        GLU          143.13          31.922          111.21          90.925          52.205               
         A           15509          4003.4           11505          7340.6          8168.1        454        ASN          92.959          29.058          63.901          74.077          18.882               
         A           15509          4003.4           11505          7340.6          8168.1        455        PHE          31.019          22.722          8.2968           13.78          17.239               
         A           15509          4003.4           11505          7340.6          8168.1        456        GLU          91.712          9.6113          82.101          48.466          43.247               
         A           15509          4003.4           11505          7340.6          8168.1        457        ASP          82.377          27.586           54.79          50.412          31.964               
         A           15509          4003.4           11505          7340.6          8168.1        458        VAL          21.077          5.0453          16.032               0          21.077               
         A           15509          4003.4           11505          7340.6          8168.1        459        THR          19.328          2.1475           17.18          2.1475           17.18               
         A           15509          4003.4           11505          7340.6          8168.1        460        ASN          155.21           36.46          118.75           111.1          44.113               
         A           15509          4003.4           11505          7340.6          8168.1        461        SER          69.477          16.546          52.931          17.637           51.84               
         A           15509          4003.4           11505          7340.6          8168.1        462        VAL          14.632          13.376          1.2562          13.352          1.2799               
         A           15509          4003.4           11505          7340.6          8168.1        463        ASN          60.624          6.8096          53.814          41.358          19.266               
         A           15509          4003.4           11505          7340.6          8168.1        464        ILE           52.89           26.47           26.42           26.47           26.42               
         A           15509          4003.4           11505          7340.6          8168.1        465        THR          63.393          3.0669          60.326          3.1474          60.246               
         A           15509          4003.4           11505          7340.6          8168.1        466        PHE           55.04          27.693          27.346          26.253          28.787               
         A           15509          4003.4           11505          7340.6          8168.1        467        PRO          61.761          36.624          25.137          23.484          38.277               
         A           15509          4003.4           11505          7340.6          8168.1        468        ASN          83.552          9.5033          74.049          62.795          20.758               
         A           15509          4003.4           11505          7340.6          8168.1        469        PRO          121.08          24.889          96.189          12.526          108.55               
         A           15509          4003.4           11505          7340.6          8168.1        470        ASN          48.197          5.5019          42.695          43.957          4.2402               
         A           15509          4003.4           11505          7340.6          8168.1        471        GLN          25.375          0.0679          25.307          24.492           0.883               
         A           15509          4003.4           11505          7340.6          8168.1        472        TYR          2.4775               0          2.4775          0.0125           2.465               
         A           15509          4003.4           11505          7340.6          8168.1        473        LYS          59.467          0.0196          59.447          41.795          17.672               
         A           15509          4003.4           11505          7340.6          8168.1        474        VAL               0               0               0               0               0               
         A           15509          4003.4           11505          7340.6          8168.1        475        GLU           61.13               0           61.13          53.352          7.7785               
         A           15509          4003.4           11505          7340.6          8168.1        476        PHE          4.8349          4.4501          0.3848          4.4501          0.3848               
         A           15509          4003.4           11505          7340.6          8168.1        477        ASN          88.421          22.664          65.757          80.031          8.3899               
         A           15509          4003.4           11505          7340.6          8168.1        478        THR          35.436          14.211          21.226          11.464          23.973               
         A           15509          4003.4           11505          7340.6          8168.1        479        PRO          147.19          45.502          101.69          32.064          115.13               
         A           15509          4003.4           11505          7340.6          8168.1        480        ASP          98.745          26.492          72.253          46.852          51.893               
         A           15509          4003.4           11505          7340.6          8168.1        481        ASP          71.431          0.9172          70.514          38.086          33.346               
         A           15509          4003.4           11505          7340.6          8168.1        482        GLN          39.087          4.4591          34.628          4.4403          34.647               
         A           15509          4003.4           11505          7340.6          8168.1        483        ILE          3.2201          3.2201               0               0          3.2201               
         A           15509          4003.4           11505          7340.6          8168.1        484        THR          84.883          17.736          67.148          39.495          45.388               
         A           15509          4003.4           11505          7340.6          8168.1        485        THR          28.708          1.0812          27.627          0.5506          28.157               
         A           15509          4003.4           11505          7340.6          8168.1        486        PRO          5.7248               0          5.7248               0          5.7248               
         A           15509          4003.4           11505          7340.6          8168.1        487        TYR           13.37          0.2687          13.101          10.534          2.8355               
         A           15509          4003.4           11505          7340.6          8168.1        488        ILE          0.3392               0          0.3392               0          0.3392               
         A           15509          4003.4           11505          7340.6          8168.1        489        VAL               0               0               0               0               0               
         A           15509          4003.4           11505          7340.6          8168.1        490        VAL          15.524          0.0539           15.47          0.0539           15.47               
         A           15509          4003.4           11505          7340.6          8168.1        491        VAL          1.0879               0          1.0879               0          1.0879               
         A           15509          4003.4           11505          7340.6          8168.1        492        ASN           70.26          3.5126          66.747          45.192          25.068               
         A           15509          4003.4           11505          7340.6          8168.1        493        GLY          1.0532          1.0532               0          1.0532               0               
         A           15509          4003.4           11505          7340.6          8168.1        494        HIS          67.585               0          67.585          22.038          45.547               
         A           15509          4003.4           11505          7340.6          8168.1        495        ILE          4.5551          1.0544          3.5007          1.0544          3.5007               
         A           15509          4003.4           11505          7340.6          8168.1        496        ASP           37.36          1.2684          36.091          34.285          3.0753               
         A           15509          4003.4           11505          7340.6          8168.1        497        PRO          83.106          20.806          62.301          20.275          62.831               
         A           15509          4003.4           11505          7340.6          8168.1        498        ASN          139.35          29.432          109.92          97.496          41.854               
         A           15509          4003.4           11505          7340.6          8168.1        499        SER           46.15          38.215          7.9351          21.801          24.349               
         A           15509          4003.4           11505          7340.6          8168.1        500        LYS             173          35.882          137.12          60.788          112.21               
         A           15509          4003.4           11505          7340.6          8168.1        501        GLY          12.011          12.011               0          7.1045          4.9062               
         A           15509          4003.4           11505          7340.6          8168.1        502        ASP          39.851           7.524          32.327          25.782          14.069               
         A           15509          4003.4           11505          7340.6          8168.1        503        LEU          9.2961          7.8347          1.4614          7.3009          1.9952               
         A           15509          4003.4           11505          7340.6          8168.1        504        ALA          2.7727               0          2.7727               0          2.7727               
         A           15509          4003.4           11505          7340.6          8168.1        505        LEU           3.034          0.0568          2.9772               0           3.034               
         A           15509          4003.4           11505          7340.6          8168.1        506        ARG          73.507          0.3236          73.183            62.2          11.306               
         A           15509          4003.4           11505          7340.6          8168.1        507        SER          0.7785          0.0106          0.7679          0.6952          0.0833               
         A           15509          4003.4           11505          7340.6          8168.1        508        THR          12.075               0          12.075          5.6149          6.4598               
         A           15509          4003.4           11505          7340.6          8168.1        509        LEU               0               0               0               0               0               
         A           15509          4003.4           11505          7340.6          8168.1        510        TYR          72.325               0          72.325          37.958          34.367               
         A           15509          4003.4           11505          7340.6          8168.1        511        GLY          0.3163          0.3163               0          0.3163               0               
         A           15509          4003.4           11505          7340.6          8168.1        512        TYR          64.278               0          64.278          38.686          25.592               
         A           15509          4003.4           11505          7340.6          8168.1        513        ASN          28.381          1.6055          26.775          17.822          10.559               
         A           15509          4003.4           11505          7340.6          8168.1        514        SER          103.93          32.188          71.744          48.831          55.101               
         A           15509          4003.4           11505          7340.6          8168.1        515        ASN          105.91          19.135          86.776           91.43          14.481               
         A           15509          4003.4           11505          7340.6          8168.1        516        ILE          101.24          14.799          86.445          14.799          86.445               
         A           15509          4003.4           11505          7340.6          8168.1        517        ILE          77.791          3.0647          74.726          0.5758          77.215               
         A           15509          4003.4           11505          7340.6          8168.1        518        TRP          114.58          23.588          90.993          37.936          76.645               
         A           15509          4003.4           11505          7340.6          8168.1        519        ARG          57.012          6.2752          50.737          41.083          15.929               
         A           15509          4003.4           11505          7340.6          8168.1        520        SER          45.966          19.311          26.655           44.64          1.3262               
         A           15509          4003.4           11505          7340.6          8168.1        521        MET          47.116          0.6081          46.507               0          47.116               
         A           15509          4003.4           11505          7340.6          8168.1        522        SER           39.24          15.418          23.822          32.264           6.976               
         A           15509          4003.4           11505          7340.6          8168.1        523        TRP          64.029          1.5776          62.451          3.2433          60.785               
         A           15509          4003.4           11505          7340.6          8168.1        524        ASP          46.402          20.076          26.325          27.036          19.366               
         A           15509          4003.4           11505          7340.6          8168.1        525        ASN           14.41          1.4766          12.934          12.784          1.6262               
         A           15509          4003.4           11505          7340.6          8168.1        526        GLU           99.36          27.487          71.873          69.485          29.875               
         A           15509          4003.4           11505          7340.6          8168.1        527        VAL          40.632          32.371          8.2603          24.137          16.494               
         A           15509          4003.4           11505          7340.6          8168.1        528        ALA          51.269          14.126          37.143          8.4377          42.831               
         A           15509          4003.4           11505          7340.6          8168.1        529        PHE          100.68          29.989          70.689          27.414          73.264               
         A           15509          4003.4           11505          7340.6          8168.1        530        ASN          50.399           25.83          24.569          42.479          7.9195               
         A           15509          4003.4           11505          7340.6          8168.1        531        ASN          144.01          31.566          112.44          113.78          30.232               
         A           15509          4003.4           11505          7340.6          8168.1        532        GLY          20.188          20.188               0          19.098          1.0899               
         A           15509          4003.4           11505          7340.6          8168.1        533        SER           71.06          5.5763          65.484          29.764          41.296               
         A           15509          4003.4           11505          7340.6          8168.1        534        GLY          8.8243          8.8243               0          7.1184          1.7059               
         A           15509          4003.4           11505          7340.6          8168.1        535        SER          67.084          1.9702          65.114          32.122          34.962               
         A           15509          4003.4           11505          7340.6          8168.1        536        GLY          26.439          26.439               0          18.458          7.9808               
         A           15509          4003.4           11505          7340.6          8168.1        537        ASP          93.406          6.7694          86.636          45.841          47.565               
         A           15509          4003.4           11505          7340.6          8168.1        538        GLY            32.9            32.9               0          27.771          5.1289               
         A           15509          4003.4           11505          7340.6          8168.1        539        ILE          56.312          7.6666          48.645          0.0594          56.252               
         A           15509          4003.4           11505          7340.6          8168.1        540        ASP          98.781          32.702          66.079          29.859          68.922               
         A           15509          4003.4           11505          7340.6          8168.1        541        CYS          90.017          64.016          26.001          22.134          67.882               
