pdb_id: 
analysis type: unbound
radii_file: F:\psiafrombintisolah\PSAIA-1.0\amac_data\chothia.radii
ASA_zSice: 0.25
ASA_rSolvent: 1.4
total ASA: 0
back-bone ASA: 0
side-chain ASA: 0
polar ASA: 0
non-polar ASA: 0

  chain id|   ch total ASA|  ch b-bone ASA| ch s-chain ASA|   ch polar ASA| ch n-polar ASA|    res id|  res name|      total ASA|     b-bone ASA|    s-chain ASA|      polar ASA|    n-polar ASA|               
         B           14549          2993.3           11555            7099          7449.7         11        GLU          142.57          47.512          95.059          83.894          58.677               
         B           14549          2993.3           11555            7099          7449.7         12        LYS          145.57          19.491          126.08          58.837          86.738               
         B           14549          2993.3           11555            7099          7449.7         13        ASN          62.529           7.529              55           50.33          12.199               
         B           14549          2993.3           11555            7099          7449.7         14        LEU          101.47          19.104          82.363          18.442          83.025               
         B           14549          2993.3           11555            7099          7449.7         15        ASP          55.368          13.723          41.645          31.008           24.36               
         B           14549          2993.3           11555            7099          7449.7         16        GLY          76.976          76.976               0          33.957          43.019               
         B           14549          2993.3           11555            7099          7449.7         17        ASP          76.462          21.127          55.335          60.511          15.952               
         B           14549          2993.3           11555            7099          7449.7         18        THR           5.594          0.6687          4.9253          2.2054          3.3886               
         B           14549          2993.3           11555            7099          7449.7         19        LYS          82.193          1.7261          80.467          49.462          32.731               
         B           14549          2993.3           11555            7099          7449.7         20        MET          31.621          0.0588          31.562          0.0588          31.562               
         B           14549          2993.3           11555            7099          7449.7         21        TYR          24.852               0          24.852          17.057          7.7949               
         B           14549          2993.3           11555            7099          7449.7         22        THR          34.939          5.6556          29.284          8.3335          26.606               
         B           14549          2993.3           11555            7099          7449.7         23        ARG          73.164           2.919          70.245          44.888          28.276               
         B           14549          2993.3           11555            7099          7449.7         24        THR          97.504          27.703          69.801           58.02          39.484               
         B           14549          2993.3           11555            7099          7449.7         25        ALA          9.7705           6.475          3.2955          0.3408          9.4297               
         B           14549          2993.3           11555            7099          7449.7         26        THR          83.717          22.696          61.021          43.287           40.43               
         B           14549          2993.3           11555            7099          7449.7         27        THR          13.369          3.0867          10.282               0          13.369               
         B           14549          2993.3           11555            7099          7449.7         28        SER          75.462          29.958          45.505          44.492           30.97               
         B           14549          2993.3           11555            7099          7449.7         29        ASP          36.713          7.2252          29.488          21.119          15.594               
         B           14549          2993.3           11555            7099          7449.7         30        SER          111.37          32.587          78.786          57.721          53.652               
         B           14549          2993.3           11555            7099          7449.7         31        GLN          169.58          39.925          129.65          121.01          48.565               
         B           14549          2993.3           11555            7099          7449.7         32        LYS          72.069          3.6594           68.41          27.301          44.769               
         B           14549          2993.3           11555            7099          7449.7         33        ASN          81.646          1.4471          80.199          60.872          20.774               
         B           14549          2993.3           11555            7099          7449.7         34        ILE          1.1887          1.1887               0          0.8319          0.3568               
         B           14549          2993.3           11555            7099          7449.7         35        THR          35.462               0          35.462          15.414          20.049               
         B           14549          2993.3           11555            7099          7449.7         36        GLN               0               0               0               0               0               
         B           14549          2993.3           11555            7099          7449.7         37        SER          29.086          0.4208          28.665           23.06          6.0265               
         B           14549          2993.3           11555            7099          7449.7         38        LEU          0.9714          0.9714               0          0.4179          0.5535               
         B           14549          2993.3           11555            7099          7449.7         39        GLN          35.928               0          35.928          32.121          3.8072               
         B           14549          2993.3           11555            7099          7449.7         40        PHE          0.1129               0          0.1129               0          0.1129               
         B           14549          2993.3           11555            7099          7449.7         41        ASN          3.4824           0.011          3.4714          2.3579          1.1245               
         B           14549          2993.3           11555            7099          7449.7         42        PHE          1.2838          0.0847          1.1991          0.0721          1.2117               
         B           14549          2993.3           11555            7099          7449.7         43        LEU          3.3763          0.4497          2.9266          0.3132          3.0631               
         B           14549          2993.3           11555            7099          7449.7         44        THR          47.152          3.1956          43.957          3.1565          43.996               
         B           14549          2993.3           11555            7099          7449.7         45        GLU          15.956          10.542          5.4139          12.938          3.0181               
         B           14549          2993.3           11555            7099          7449.7         46        PRO          42.954          30.774          12.179          21.079          21.875               
         B           14549          2993.3           11555            7099          7449.7         47        ASN          92.649          32.558           60.09          63.245          29.404               
         B           14549          2993.3           11555            7099          7449.7         48        TYR          64.048          10.571          53.476          16.239          47.808               
         B           14549          2993.3           11555            7099          7449.7         49        ASP          96.589            14.5          82.088          49.948          46.641               
         B           14549          2993.3           11555            7099          7449.7         50        LYS          71.258          1.3765          69.882          47.734          23.524               
         B           14549          2993.3           11555            7099          7449.7         51        GLU          17.066          0.5501          16.516          12.922          4.1442               
         B           14549          2993.3           11555            7099          7449.7         52        THR          1.9263          0.1434          1.7829          1.6461          0.2802               
         B           14549          2993.3           11555            7099          7449.7         53        VAL               0               0               0               0               0               
         B           14549          2993.3           11555            7099          7449.7         54        PHE          0.1034               0          0.1034               0          0.1034               
         B           14549          2993.3           11555            7099          7449.7         55        ILE          0.2124               0          0.2124               0          0.2124               
         B           14549          2993.3           11555            7099          7449.7         56        LYS           17.33               0           17.33          16.863           0.467               
         B           14549          2993.3           11555            7099          7449.7         57        ALA               0               0               0               0               0               
         B           14549          2993.3           11555            7099          7449.7         58        LYS          66.714               0          66.714          46.117          20.598               
         B           14549          2993.3           11555            7099          7449.7         59        GLY          22.199          22.199               0          8.5127          13.686               
         B           14549          2993.3           11555            7099          7449.7         60        THR          44.773          0.0663          44.707          12.374            32.4               
         B           14549          2993.3           11555            7099          7449.7         61        ILE               0               0               0               0               0               
         B           14549          2993.3           11555            7099          7449.7         62        GLY          2.8623          2.8623               0               0          2.8623               
         B           14549          2993.3           11555            7099          7449.7         63        SER           5.225          0.6485          4.5765           5.225               0               
         B           14549          2993.3           11555            7099          7449.7         64        GLY          25.854          25.854               0          6.9847           18.87               
         B           14549          2993.3           11555            7099          7449.7         65        LEU          38.843          23.503          15.341          23.338          15.505               
         B           14549          2993.3           11555            7099          7449.7         66        ARG          132.17          4.9393          127.23          67.286          64.885               
         B           14549          2993.3           11555            7099          7449.7         67        ILE          57.441           10.61          46.832           10.61          46.832               
         B           14549          2993.3           11555            7099          7449.7         68        LEU          54.507          25.829          28.678          25.035          29.471               
         B           14549          2993.3           11555            7099          7449.7         69        ASP          58.696          1.7662           56.93          30.143          28.553               
         B           14549          2993.3           11555            7099          7449.7         70        PRO          84.441           9.958          74.483          9.2962          75.145               
         B           14549          2993.3           11555            7099          7449.7         71        ASN          116.25          10.416          105.83          85.552          30.697               
         B           14549          2993.3           11555            7099          7449.7         72        GLY          7.8667          7.8667               0          0.0282          7.8385               
         B           14549          2993.3           11555            7099          7449.7         73        TYR          102.38          5.3048           97.07          45.582          56.793               
         B           14549          2993.3           11555            7099          7449.7         74        TRP          114.02          2.5122          111.51            19.8          94.217               
         B           14549          2993.3           11555            7099          7449.7         75        ASN          51.038          0.0091          51.029          47.364          3.6734               
         B           14549          2993.3           11555            7099          7449.7         76        SER          0.2712          0.2712               0               0          0.2712               
         B           14549          2993.3           11555            7099          7449.7         77        THR          12.205               0          12.205          4.4044          7.8002               
         B           14549          2993.3           11555            7099          7449.7         78        LEU          4.6829               0          4.6829               0          4.6829               
         B           14549          2993.3           11555            7099          7449.7         79        ARG          30.705               0          30.705          30.503          0.2018               
         B           14549          2993.3           11555            7099          7449.7         80        TRP               0               0               0               0               0               
         B           14549          2993.3           11555            7099          7449.7         81        PRO               0               0               0               0               0               
         B           14549          2993.3           11555            7099          7449.7         82        GLY               0               0               0               0               0               
         B           14549          2993.3           11555            7099          7449.7         83        SER          1.3263          0.0031          1.3232          1.3232          0.0031               
         B           14549          2993.3           11555            7099          7449.7         84        TYR          0.9392          0.3876          0.5516               0          0.9392               
         B           14549          2993.3           11555            7099          7449.7         85        SER          17.903          1.5586          16.345          5.5824          12.321               
         B           14549          2993.3           11555            7099          7449.7         86        VAL          1.5248          0.8099          0.7149          0.3261          1.1987               
         B           14549          2993.3           11555            7099          7449.7         87        SER          17.055          0.5426          16.513          4.6297          12.426               
         B           14549          2993.3           11555            7099          7449.7         88        ILE               0               0               0               0               0               
         B           14549          2993.3           11555            7099          7449.7         89        GLN          51.466               0          51.466          40.204          11.261               
         B           14549          2993.3           11555            7099          7449.7         90        ASN          2.6484          2.6484               0          2.6484               0               
         B           14549          2993.3           11555            7099          7449.7         91        VAL          63.737          30.829          32.908          22.515          41.222               
         B           14549          2993.3           11555            7099          7449.7         92        ASP           20.29          7.7917          12.498          9.6907          10.599               
         B           14549          2993.3           11555            7099          7449.7         93        ASP          157.56          36.185          121.38          109.46          48.104               
         B           14549          2993.3           11555            7099          7449.7         94        ASN          67.127          17.339          49.788          30.577           36.55               
         B           14549          2993.3           11555            7099          7449.7         95        ASN          98.583          17.749          80.834          58.315          40.268               
         B           14549          2993.3           11555            7099          7449.7         96        ASN          44.022          4.3812          39.641          42.554          1.4683               
         B           14549          2993.3           11555            7099          7449.7         97        THR          0.0742               0          0.0742          0.0742               0               
         B           14549          2993.3           11555            7099          7449.7         98        ASN          37.765               0          37.765          25.023          12.742               
         B           14549          2993.3           11555            7099          7449.7         99        VAL          28.143          19.665          8.4786          19.665          8.4786               
         B           14549          2993.3           11555            7099          7449.7        100        THR           72.36          31.073          41.286          34.661          37.698               
         B           14549          2993.3           11555            7099          7449.7        101        ASP          32.347          1.7656          30.582          20.525          11.822               
         B           14549          2993.3           11555            7099          7449.7        102        PHE          30.348          0.0266          30.321          0.0266          30.321               
         B           14549          2993.3           11555            7099          7449.7        103        ALA           0.577               0           0.577               0           0.577               
         B           14549          2993.3           11555            7099          7449.7        104        PRO          3.4065           1.454          1.9525          1.3429          2.0636               
         B           14549          2993.3           11555            7099          7449.7        105        LYS          111.16          19.344          91.816          46.291          64.869               
         B           14549          2993.3           11555            7099          7449.7        106        ASN          105.89          21.969          83.921          89.451          16.439               
         B           14549          2993.3           11555            7099          7449.7        107        GLN          87.895          14.686          73.208          77.105          10.789               
         B           14549          2993.3           11555            7099          7449.7        108        ASP          35.546          5.9975          29.549          27.659          7.8867               
         B           14549          2993.3           11555            7099          7449.7        109        GLU          105.17          18.996          86.171          76.878          28.289               
         B           14549          2993.3           11555            7099          7449.7        110        SER           59.52          11.475          48.046          10.105          49.415               
         B           14549          2993.3           11555            7099          7449.7        111        ARG          156.71          10.421          146.29          102.98          53.733               
         B           14549          2993.3           11555            7099          7449.7        112        GLU          79.858          11.519          68.339          52.943          26.915               
         B           14549          2993.3           11555            7099          7449.7        113        VAL           3.702          1.6969          2.0051               0           3.702               
         B           14549          2993.3           11555            7099          7449.7        114        LYS          155.88          32.407          123.47          80.204          75.677               
         B           14549          2993.3           11555            7099          7449.7        115        TYR          89.956          5.7435          84.213          40.119          49.837               
         B           14549          2993.3           11555            7099          7449.7        116        THR          81.959          17.436          64.523          39.014          42.945               
         B           14549          2993.3           11555            7099          7449.7        117        TYR          20.102          0.3232          19.779          9.2833          10.819               
         B           14549          2993.3           11555            7099          7449.7        118        GLY          43.153          43.153               0          23.639          19.514               
         B           14549          2993.3           11555            7099          7449.7        119        TYR          24.997          2.6813          22.316          5.3621          19.635               
         B           14549          2993.3           11555            7099          7449.7        120        LYS          101.35          22.167          79.182          26.388          74.962               
         B           14549          2993.3           11555            7099          7449.7        121        THR          19.809           17.33           2.479          14.896          4.9131               
         B           14549          2993.3           11555            7099          7449.7        122        GLY          29.845          29.845               0          5.9168          23.928               
         B           14549          2993.3           11555            7099          7449.7        123        GLY          15.736          15.736               0          14.165          1.5708               
         B           14549          2993.3           11555            7099          7449.7        124        ASP          110.65          14.583          96.063          68.768          41.878               
         B           14549          2993.3           11555            7099          7449.7        125        PHE          104.85          28.032          76.814          22.243          82.603               
         B           14549          2993.3           11555            7099          7449.7        126        SER          62.141          0.0277          62.113          32.691           29.45               
         B           14549          2993.3           11555            7099          7449.7        127        ILE          122.13          28.957          93.169          28.099          94.028               
         B           14549          2993.3           11555            7099          7449.7        128        ASN          131.57          67.726          63.849          71.269          60.305               
         B           14549          2993.3           11555            7099          7449.7        131        GLY          72.736          72.736               0           29.89          42.846               
         B           14549          2993.3           11555            7099          7449.7        132        LEU          92.784          16.965          75.819          16.965          75.819               
         B           14549          2993.3           11555            7099          7449.7        133        THR          57.518           3.937          53.581          10.207          47.311               
         B           14549          2993.3           11555            7099          7449.7        134        GLY           34.81           34.81               0          7.5055          27.304               
         B           14549          2993.3           11555            7099          7449.7        135        ASN          42.102          5.4361          36.666           29.98          12.123               
         B           14549          2993.3           11555            7099          7449.7        136        ILE          33.934          7.8169          26.117          7.1544          26.779               
         B           14549          2993.3           11555            7099          7449.7        137        THR          71.204          25.626          45.578          32.976          38.228               
         B           14549          2993.3           11555            7099          7449.7        138        LYS          101.15           6.563          94.591          29.651          71.503               
         B           14549          2993.3           11555            7099          7449.7        139        GLU           173.8          25.025          148.77          104.03          69.771               
         B           14549          2993.3           11555            7099          7449.7        140        SER           41.44          15.581          25.859          17.427          24.013               
         B           14549          2993.3           11555            7099          7449.7        141        ASN          31.454          22.453          9.0019          17.781          13.674               
         B           14549          2993.3           11555            7099          7449.7        142        TYR          23.478          4.9629          18.515          3.1987          20.279               
         B           14549          2993.3           11555            7099          7449.7        143        SER          57.707          23.614          34.093          52.672          5.0348               
         B           14549          2993.3           11555            7099          7449.7        144        GLU          15.536           5.368          10.168          0.2964           15.24               
         B           14549          2993.3           11555            7099          7449.7        145        THR          72.506          3.8084          68.698          32.738          39.768               
         B           14549          2993.3           11555            7099          7449.7        146        ILE          1.7764          0.7797          0.9967          0.7797          0.9967               
         B           14549          2993.3           11555            7099          7449.7        147        SER          48.491          7.1026          41.388          26.625          21.866               
         B           14549          2993.3           11555            7099          7449.7        148        TYR          6.5569          6.5569               0               0          6.5569               
         B           14549          2993.3           11555            7099          7449.7        149        GLN          86.251          6.5033          79.747          32.515          53.736               
         B           14549          2993.3           11555            7099          7449.7        150        GLN           0.252           0.252               0           0.252               0               
         B           14549          2993.3           11555            7099          7449.7        151        PRO          8.9138          1.2611          7.6527               0          8.9138               
         B           14549          2993.3           11555            7099          7449.7        152        SER          38.379          19.902          18.476           27.66          10.719               
         B           14549          2993.3           11555            7099          7449.7        153        TYR          1.4796          1.4796               0          1.4796               0               
         B           14549          2993.3           11555            7099          7449.7        154        ARG          71.769               0          71.769          71.114          0.6557               
         B           14549          2993.3           11555            7099          7449.7        155        THR          0.7261          0.0762          0.6499          0.0762          0.6499               
         B           14549          2993.3           11555            7099          7449.7        156        LEU          49.798          0.0316          49.766               0          49.798               
         B           14549          2993.3           11555            7099          7449.7        157        LEU          46.148          10.679           35.47          10.162          35.986               
         B           14549          2993.3           11555            7099          7449.7        158        ASP          44.551          6.6532          37.898          31.127          13.424               
         B           14549          2993.3           11555            7099          7449.7        159        GLN           186.3          39.872          146.43          125.01          61.286               
         B           14549          2993.3           11555            7099          7449.7        160        SER          73.637          21.269          52.368          20.223          53.415               
         B           14549          2993.3           11555            7099          7449.7        161        THR           35.48           24.73          10.751          23.949          11.532               
         B           14549          2993.3           11555            7099          7449.7        162        SER          47.118          16.742          30.376          9.5894          37.528               
         B           14549          2993.3           11555            7099          7449.7        163        HIS          98.168           11.11          87.058          33.783          64.385               
         B           14549          2993.3           11555            7099          7449.7        164        LYS          33.494               0          33.494          0.0384          33.456               
         B           14549          2993.3           11555            7099          7449.7        165        GLY           0.011           0.011               0               0           0.011               
         B           14549          2993.3           11555            7099          7449.7        166        VAL          1.4054          1.4054               0               0          1.4054               
         B           14549          2993.3           11555            7099          7449.7        167        GLY          0.9016          0.9016               0          0.5511          0.3505               
         B           14549          2993.3           11555            7099          7449.7        168        TRP          1.2451          0.7507          0.4944          0.7002          0.5449               
         B           14549          2993.3           11555            7099          7449.7        169        LYS          61.734               0          61.734          4.6783          57.055               
         B           14549          2993.3           11555            7099          7449.7        170        VAL          0.8521               0          0.8521               0          0.8521               
         B           14549          2993.3           11555            7099          7449.7        171        GLU          29.237               0          29.237          25.482          3.7542               
         B           14549          2993.3           11555            7099          7449.7        172        ALA          5.6639          4.4534          1.2105          4.1336          1.5303               
         B           14549          2993.3           11555            7099          7449.7        173        HIS          43.255          5.7096          37.546          13.796          29.459               
         B           14549          2993.3           11555            7099          7449.7        174        LEU          74.381          6.7681          67.613          6.6481          67.733               
         B           14549          2993.3           11555            7099          7449.7        175        ILE           8.321          0.3358          7.9852               0           8.321               
         B           14549          2993.3           11555            7099          7449.7        176        ASN          100.34          29.642          70.701          71.085          29.257               
         B           14549          2993.3           11555            7099          7449.7        177        ASN          23.116          4.2701          18.846          16.277          6.8384               
         B           14549          2993.3           11555            7099          7449.7        178        MET          64.235          34.908          29.327          17.097          47.138               
         B           14549          2993.3           11555            7099          7449.7        179        GLY          65.034          65.034               0           29.73          35.304               
         B           14549          2993.3           11555            7099          7449.7        180        HIS          104.75          4.5926          100.16           40.95          63.805               
         B           14549          2993.3           11555            7099          7449.7        181        ASP          82.268          18.274          63.994          58.383          23.885               
         B           14549          2993.3           11555            7099          7449.7        182        HIS           7.289           2.296           4.993          0.2877          7.0013               
         B           14549          2993.3           11555            7099          7449.7        183        THR          43.911           1.103          42.808          21.612          22.299               
         B           14549          2993.3           11555            7099          7449.7        184        ARG          29.917          3.1044          26.813          14.808          15.109               
         B           14549          2993.3           11555            7099          7449.7        185        GLN          64.657          4.9687          59.688          37.098          27.559               
         B           14549          2993.3           11555            7099          7449.7        186        LEU          70.626          3.0069          67.619          3.0069          67.619               
         B           14549          2993.3           11555            7099          7449.7        187        THR          22.507               0          22.507           6.879          15.628               
         B           14549          2993.3           11555            7099          7449.7        188        ASN          35.093          11.181          23.912          34.208          0.8858               
         B           14549          2993.3           11555            7099          7449.7        189        ASP          112.02           29.33          82.689          74.567          37.452               
         B           14549          2993.3           11555            7099          7449.7        190        SER          32.858          10.112          22.746          14.579          18.279               
         B           14549          2993.3           11555            7099          7449.7        191        ASP          147.24          38.778          108.46          95.789          51.451               
         B           14549          2993.3           11555            7099          7449.7        192        ASN          97.165          8.4468          88.719          84.144          13.021               
         B           14549          2993.3           11555            7099          7449.7        193        ARG          151.02          12.509          138.51          90.238          60.784               
         B           14549          2993.3           11555            7099          7449.7        194        THR          14.347               0          14.347          8.5495          5.7972               
         B           14549          2993.3           11555            7099          7449.7        195        LYS          68.655          5.7661          62.888          39.798          28.857               
         B           14549          2993.3           11555            7099          7449.7        196        SER          0.0818          0.0818               0          0.0818               0               
         B           14549          2993.3           11555            7099          7449.7        197        GLU          10.468               0          10.468          6.9321          3.5358               
         B           14549          2993.3           11555            7099          7449.7        198        ILE          1.0607           0.308          0.7527           0.308          0.7527               
         B           14549          2993.3           11555            7099          7449.7        199        PHE          1.9511               0          1.9511               0          1.9511               
         B           14549          2993.3           11555            7099          7449.7        200        SER          1.1592               0          1.1592          1.1429          0.0163               
         B           14549          2993.3           11555            7099          7449.7        201        LEU          74.064          11.171          62.893          11.003          63.061               
         B           14549          2993.3           11555            7099          7449.7        202        THR          41.891          4.1435          37.747               0          41.891               
         B           14549          2993.3           11555            7099          7449.7        203        ARG          102.06          4.0658          97.998          73.046          29.018               
         B           14549          2993.3           11555            7099          7449.7        204        ASN          90.892          12.041          78.851          83.778          7.1138               
         B           14549          2993.3           11555            7099          7449.7        205        GLY          17.215          17.215               0          0.5012          16.714               
         B           14549          2993.3           11555            7099          7449.7        206        ASN          152.87          39.218          113.65           111.6          41.266               
         B           14549          2993.3           11555            7099          7449.7        207        LEU          71.765          11.135           60.63          7.2581          64.507               
         B           14549          2993.3           11555            7099          7449.7        208        TRP          121.14          0.7753          120.36          24.631          96.507               
         B           14549          2993.3           11555            7099          7449.7        209        ALA               0               0               0               0               0               
         B           14549          2993.3           11555            7099          7449.7        210        LYS          58.329          7.0036          51.325          37.004          21.325               
         B           14549          2993.3           11555            7099          7449.7        211        ASP          68.578          12.265          56.314           42.56          26.018               
         B           14549          2993.3           11555            7099          7449.7        212        ASN               0               0               0               0               0               
         B           14549          2993.3           11555            7099          7449.7        213        PHE          13.618          7.8999          5.7179          7.8999          5.7179               
         B           14549          2993.3           11555            7099          7449.7        214        THR          20.516          4.2542          16.262          4.6278          15.888               
         B           14549          2993.3           11555            7099          7449.7        215        PRO          54.854          9.0951          45.759               0          54.854               
         B           14549          2993.3           11555            7099          7449.7        216        LYS          115.07          10.518          104.55          45.587          69.481               
         B           14549          2993.3           11555            7099          7449.7        217        ASP          124.86          34.478          90.381          70.938          53.921               
         B           14549          2993.3           11555            7099          7449.7        218        LYS          145.45          31.525          113.93          72.018          73.433               
         B           14549          2993.3           11555            7099          7449.7        219        MET          20.445          16.715          3.7305          14.359          6.0863               
         B           14549          2993.3           11555            7099          7449.7        220        PRO          31.136          11.195          19.941          0.9111          30.225               
         B           14549          2993.3           11555            7099          7449.7        221        VAL          74.682          1.1898          73.492          1.1898          73.492               
         B           14549          2993.3           11555            7099          7449.7        222        THR          1.7051               0          1.7051               0          1.7051               
         B           14549          2993.3           11555            7099          7449.7        223        VAL               0               0               0               0               0               
         B           14549          2993.3           11555            7099          7449.7        224        SER           9.929          4.3062          5.6228          9.0071          0.9219               
         B           14549          2993.3           11555            7099          7449.7        225        GLU          111.74          17.832           93.91           58.79          52.951               
         B           14549          2993.3           11555            7099          7449.7        226        GLY          13.607          13.607               0          7.3288          6.2779               
         B           14549          2993.3           11555            7099          7449.7        227        PHE          2.7588          2.0284          0.7304               0          2.7588               
         B           14549          2993.3           11555            7099          7449.7        228        ASN          84.454          4.3249          80.129          54.043          30.411               
         B           14549          2993.3           11555            7099          7449.7        229        PRO          2.1026          2.1026               0          2.1026               0               
         B           14549          2993.3           11555            7099          7449.7        230        GLU          32.526               0          32.526          31.587          0.9395               
         B           14549          2993.3           11555            7099          7449.7        231        PHE          0.8757               0          0.8757               0          0.8757               
         B           14549          2993.3           11555            7099          7449.7        232        LEU          0.3512               0          0.3512               0          0.3512               
         B           14549          2993.3           11555            7099          7449.7        233        ALA               0               0               0               0               0               
         B           14549          2993.3           11555            7099          7449.7        234        VAL          0.0016               0          0.0016               0          0.0016               
         B           14549          2993.3           11555            7099          7449.7        235        MET               0               0               0               0               0               
         B           14549          2993.3           11555            7099          7449.7        236        SER          7.0179               0          7.0179          5.2689           1.749               
         B           14549          2993.3           11555            7099          7449.7        237        HIS               0               0               0               0               0               
         B           14549          2993.3           11555            7099          7449.7        238        ASP          34.967               0          34.967          25.371          9.5958               
         B           14549          2993.3           11555            7099          7449.7        239        LYS           68.69          2.0987          66.591          26.848          41.842               
         B           14549          2993.3           11555            7099          7449.7        240        LYS          171.93          25.786          146.14          66.249          105.68               
         B           14549          2993.3           11555            7099          7449.7        241        ASP          34.322          8.5526           25.77          21.957          12.365               
         B           14549          2993.3           11555            7099          7449.7        242        LYS          144.24          19.783          124.45          52.282          91.954               
         B           14549          2993.3           11555            7099          7449.7        243        GLY          26.921          26.921               0          0.1737          26.747               
         B           14549          2993.3           11555            7099          7449.7        244        LYS          118.46          27.351          91.109          72.894          45.566               
         B           14549          2993.3           11555            7099          7449.7        245        SER          1.1555          0.1038          1.0517          1.0517          0.1038               
         B           14549          2993.3           11555            7099          7449.7        246        GLN          57.686               0          57.686          46.076           11.61               
         B           14549          2993.3           11555            7099          7449.7        247        PHE          0.1877               0          0.1877               0          0.1877               
         B           14549          2993.3           11555            7099          7449.7        248        VAL          13.356               0          13.356               0          13.356               
         B           14549          2993.3           11555            7099          7449.7        249        VAL          0.2247               0          0.2247               0          0.2247               
         B           14549          2993.3           11555            7099          7449.7        250        HIS          53.607          0.0511          53.556          17.711          35.896               
         B           14549          2993.3           11555            7099          7449.7        251        TYR               0               0               0               0               0               
         B           14549          2993.3           11555            7099          7449.7        252        LYS           55.59           0.015          55.575          41.103          14.487               
         B           14549          2993.3           11555            7099          7449.7        253        ARG          9.7112               0          9.7112          9.7112               0               
         B           14549          2993.3           11555            7099          7449.7        254        SER          11.304          0.3812          10.923          6.9353           4.369               
         B           14549          2993.3           11555            7099          7449.7        255        MET               0               0               0               0               0               
         B           14549          2993.3           11555            7099          7449.7        256        ASP               0               0               0               0               0               
         B           14549          2993.3           11555            7099          7449.7        257        GLU          30.424               0          30.424          27.453           2.971               
         B           14549          2993.3           11555            7099          7449.7        258        PHE               0               0               0               0               0               
         B           14549          2993.3           11555            7099          7449.7        259        LYS          68.915          2.1551          66.759          19.624          49.291               
         B           14549          2993.3           11555            7099          7449.7        260        ILE               0               0               0               0               0               
         B           14549          2993.3           11555            7099          7449.7        261        ASP          51.056               0          51.056            30.3          20.756               
         B           14549          2993.3           11555            7099          7449.7        262        TRP           43.02          15.591          27.428           22.54           20.48               
         B           14549          2993.3           11555            7099          7449.7        263        ASN          40.619          4.8073          35.812          30.237          10.382               
         B           14549          2993.3           11555            7099          7449.7        264        ARG          150.08          27.172          122.91          86.366          63.712               
         B           14549          2993.3           11555            7099          7449.7        265        HIS          149.81          28.044          121.76          62.523          87.283               
         B           14549          2993.3           11555            7099          7449.7        266        GLY          47.386          47.386               0          13.167          34.218               
         B           14549          2993.3           11555            7099          7449.7        267        PHE          198.58          27.911          170.67          21.533          177.05               
         B           14549          2993.3           11555            7099          7449.7        268        TRP          177.47          7.0543          170.41          24.261          153.21               
         B           14549          2993.3           11555            7099          7449.7        269        GLY          18.356          18.356               0          16.394          1.9614               
         B           14549          2993.3           11555            7099          7449.7        270        TYR          39.441               0          39.441           22.98          16.461               
         B           14549          2993.3           11555            7099          7449.7        271        TRP          3.3894          0.9195          2.4699          0.6408          2.7486               
         B           14549          2993.3           11555            7099          7449.7        272        SER          12.399          1.3482          11.051          9.9143          2.4851               
         B           14549          2993.3           11555            7099          7449.7        273        GLY          0.8326          0.8326               0          0.3658          0.4668               
         B           14549          2993.3           11555            7099          7449.7        274        GLU          49.196          0.0823          49.114          35.902          13.293               
         B           14549          2993.3           11555            7099          7449.7        275        ASN          1.8956          1.8956               0          1.8956               0               
         B           14549          2993.3           11555            7099          7449.7        276        HIS          54.087          3.1715          50.916          17.848          36.239               
         B           14549          2993.3           11555            7099          7449.7        277        VAL          62.697          18.569          44.128          18.569          44.128               
         B           14549          2993.3           11555            7099          7449.7        278        ASP          77.885          23.709          54.177          48.345           29.54               
         B           14549          2993.3           11555            7099          7449.7        279        LYS          117.56          31.752          85.805          74.736          42.822               
         B           14549          2993.3           11555            7099          7449.7        280        LYS          96.518          5.4053          91.112          22.611          73.906               
         B           14549          2993.3           11555            7099          7449.7        281        GLU           87.49          24.257          63.234          63.056          24.435               
         B           14549          2993.3           11555            7099          7449.7        282        GLU          29.227          2.3621          26.865          6.7135          22.514               
         B           14549          2993.3           11555            7099          7449.7        283        LYS           37.98          6.2778          31.702          12.574          25.406               
         B           14549          2993.3           11555            7099          7449.7        284        LEU          2.9107          0.2728          2.6379               0          2.9107               
         B           14549          2993.3           11555            7099          7449.7        285        SER          3.0281          1.0266          2.0015          1.3617          1.6664               
         B           14549          2993.3           11555            7099          7449.7        286        ALA               0               0               0               0               0               
         B           14549          2993.3           11555            7099          7449.7        287        LEU          22.498               0          22.498               0          22.498               
         B           14549          2993.3           11555            7099          7449.7        288        TYR               0               0               0               0               0               
         B           14549          2993.3           11555            7099          7449.7        289        GLU          39.264          0.2017          39.062          33.522          5.7418               
         B           14549          2993.3           11555            7099          7449.7        290        VAL               0               0               0               0               0               
         B           14549          2993.3           11555            7099          7449.7        291        ASP          18.068          0.3271          17.741          11.878          6.1901               
         B           14549          2993.3           11555            7099          7449.7        292        TRP          6.8859          4.2276          2.6583          2.7521          4.1338               
         B           14549          2993.3           11555            7099          7449.7        293        LYS          149.63          33.886          115.75           70.01          79.625               
         B           14549          2993.3           11555            7099          7449.7        294        THR          77.891          16.082          61.809          10.615          67.277               
         B           14549          2993.3           11555            7099          7449.7        295        HIS          16.614               0          16.614          5.1568          11.457               
         B           14549          2993.3           11555            7099          7449.7        296        ASN           59.67               0           59.67          52.153          7.5173               
         B           14549          2993.3           11555            7099          7449.7        297        VAL          19.533          19.276          0.2566          19.276          0.2566               
         B           14549          2993.3           11555            7099          7449.7        298        LYS          112.06          4.7622          107.29          47.006          65.051               
         B           14549          2993.3           11555            7099          7449.7        299        PHE          80.544           18.09          62.455           18.09          62.455               
         B           14549          2993.3           11555            7099          7449.7        300        VAL           58.46           25.83           32.63          24.247          34.213               
         B           14549          2993.3           11555            7099          7449.7        301        LYS          108.55          5.6995          102.85          48.715          59.832               
         B           14549          2993.3           11555            7099          7449.7        302        VAL          65.392          13.814          51.578          13.814          51.578               
         B           14549          2993.3           11555            7099          7449.7        303        LEU          47.667          9.6111          38.056          8.6422          39.025               
         B           14549          2993.3           11555            7099          7449.7        304        ASN          139.47          30.746          108.73          98.999          40.474               
         B           14549          2993.3           11555            7099          7449.7        305        ASP          140.56          81.819           58.74          60.116          80.443               
