pdb_id: 
analysis type: unbound
radii_file: F:\psiafrombintisolah\PSAIA-1.0\amac_data\chothia.radii
ASA_zSice: 0.25
ASA_rSolvent: 1.4
total ASA: 0
back-bone ASA: 0
side-chain ASA: 0
polar ASA: 0
non-polar ASA: 0

  chain id|   ch total ASA|  ch b-bone ASA| ch s-chain ASA|   ch polar ASA| ch n-polar ASA|    res id|  res name|      total ASA|     b-bone ASA|    s-chain ASA|      polar ASA|    n-polar ASA|               
         A           10389          2534.5          7854.4          4320.8          6068.1         40        THR          138.74          48.435          90.304          66.713          72.026               
         A           10389          2534.5          7854.4          4320.8          6068.1         41        ASP          53.289          1.2413          52.048          28.015          25.274               
         A           10389          2534.5          7854.4          4320.8          6068.1         42        ARG          137.24          4.0568          133.18          73.087          64.153               
         A           10389          2534.5          7854.4          4320.8          6068.1         43        GLN          113.28          8.6459          104.63          75.164          38.112               
         A           10389          2534.5          7854.4          4320.8          6068.1         44        LEU          51.598          6.1223          45.475          0.1338          51.464               
         A           10389          2534.5          7854.4          4320.8          6068.1         45        ALA               0               0               0               0               0               
         A           10389          2534.5          7854.4          4320.8          6068.1         46        GLU          77.315          6.7455          70.569          51.174          26.141               
         A           10389          2534.5          7854.4          4320.8          6068.1         47        GLU          86.221             2.8          83.421          30.593          55.628               
         A           10389          2534.5          7854.4          4320.8          6068.1         48        TYR          12.686          3.0663          9.6197          0.2439          12.442               
         A           10389          2534.5          7854.4          4320.8          6068.1         49        LEU          1.1222               0          1.1222               0          1.1222               
         A           10389          2534.5          7854.4          4320.8          6068.1         50        TYR           134.8          4.3606          130.44          47.283          87.517               
         A           10389          2534.5          7854.4          4320.8          6068.1         51        ARG          89.475          18.867          70.608          71.818          17.656               
         A           10389          2534.5          7854.4          4320.8          6068.1         52        TYR          7.8293               0          7.8293          5.8998          1.9295               
         A           10389          2534.5          7854.4          4320.8          6068.1         53        GLY          0.8695          0.8695               0               0          0.8695               
         A           10389          2534.5          7854.4          4320.8          6068.1         54        TYR               0               0               0               0               0               
         A           10389          2534.5          7854.4          4320.8          6068.1         55        THR          60.311          6.3241          53.987          13.472          46.839               
         A           10389          2534.5          7854.4          4320.8          6068.1         56        ARG          144.42          28.361          116.06          67.583          76.838               
         A           10389          2534.5          7854.4          4320.8          6068.1         57        VAL          79.557          28.595          50.962           23.44          56.117               
         A           10389          2534.5          7854.4          4320.8          6068.1         58        ALA          70.007          60.793          9.2142          21.908          48.099               
         A           10389          2534.5          7854.4          4320.8          6068.1         66        SER          129.21          73.895          55.312          93.575          35.632               
         A           10389          2534.5          7854.4          4320.8          6068.1         67        LEU          40.268          5.6394          34.628          4.0181           36.25               
         A           10389          2534.5          7854.4          4320.8          6068.1         68        GLY          19.624          19.624               0          0.6525          18.972               
         A           10389          2534.5          7854.4          4320.8          6068.1         69        PRO          76.357          5.5643          70.793          1.8247          74.533               
         A           10389          2534.5          7854.4          4320.8          6068.1         70        ALA          6.1552               0          6.1552               0          6.1552               
         A           10389          2534.5          7854.4          4320.8          6068.1         71        LEU          6.0932               0          6.0932               0          6.0932               
         A           10389          2534.5          7854.4          4320.8          6068.1         72        LEU          73.314          2.7555          70.559          1.4523          71.862               
         A           10389          2534.5          7854.4          4320.8          6068.1         73        LEU          57.997          2.5163          55.481          2.0873           55.91               
         A           10389          2534.5          7854.4          4320.8          6068.1         74        LEU               0               0               0               0               0               
         A           10389          2534.5          7854.4          4320.8          6068.1         75        GLN               0               0               0               0               0               
         A           10389          2534.5          7854.4          4320.8          6068.1         76        LYS          124.58          6.4661          118.12          45.246          79.336               
         A           10389          2534.5          7854.4          4320.8          6068.1         77        GLN          38.106          2.1236          35.982          33.865          4.2407               
         A           10389          2534.5          7854.4          4320.8          6068.1         78        LEU          0.1775          0.1244          0.0531          0.1244          0.0531               
         A           10389          2534.5          7854.4          4320.8          6068.1         79        SER          52.985          24.919          28.066          33.941          19.044               
         A           10389          2534.5          7854.4          4320.8          6068.1         80        LEU           36.09          7.8324          28.257          5.3317          30.758               
         A           10389          2534.5          7854.4          4320.8          6068.1         81        PRO          88.518          12.315          76.203          1.1947          87.324               
         A           10389          2534.5          7854.4          4320.8          6068.1         82        GLU          87.555          31.289          56.266          62.442          25.113               
         A           10389          2534.5          7854.4          4320.8          6068.1         83        THR          66.573          26.826          39.747          18.432           48.14               
         A           10389          2534.5          7854.4          4320.8          6068.1         84        GLY          15.747          15.747               0          8.5367          7.2102               
         A           10389          2534.5          7854.4          4320.8          6068.1         85        GLU          115.21          3.3283          111.88          66.901          48.312               
         A           10389          2534.5          7854.4          4320.8          6068.1         86        LEU          52.431           23.95          28.481          22.696          29.735               
         A           10389          2534.5          7854.4          4320.8          6068.1         87        ASP          40.772          10.832           29.94          6.0403          34.731               
         A           10389          2534.5          7854.4          4320.8          6068.1         88        SER          89.521          11.559          77.962          37.515          52.007               
         A           10389          2534.5          7854.4          4320.8          6068.1         89        ALA          43.017          7.0417          35.975          2.6677          40.349               
         A           10389          2534.5          7854.4          4320.8          6068.1         90        THR          0.8294               0          0.8294          0.8294               0               
         A           10389          2534.5          7854.4          4320.8          6068.1         91        LEU          26.341               0          26.341               0          26.341               
         A           10389          2534.5          7854.4          4320.8          6068.1         92        LYS          140.27          7.0351          133.24          46.552          93.721               
         A           10389          2534.5          7854.4          4320.8          6068.1         93        ALA          3.3138          0.7137          2.6001          0.2004          3.1134               
         A           10389          2534.5          7854.4          4320.8          6068.1         94        MET          8.8574          8.8574               0          8.8574               0               
         A           10389          2534.5          7854.4          4320.8          6068.1         95        ARG          134.95           31.16          103.79          74.917          60.031               
         A           10389          2534.5          7854.4          4320.8          6068.1         96        THR          26.884          6.2692          20.615          8.3339          18.551               
         A           10389          2534.5          7854.4          4320.8          6068.1         97        PRO          29.217          0.0779          29.139          0.0183          29.199               
         A           10389          2534.5          7854.4          4320.8          6068.1         98        ARG          4.4425          2.1752          2.2673               0          4.4425               
         A           10389          2534.5          7854.4          4320.8          6068.1         99        CYS          5.8874          3.1219          2.7655          1.0506          4.8368               
         A           10389          2534.5          7854.4          4320.8          6068.1        100        GLY          2.3399          2.3399               0          1.8666          0.4733               
         A           10389          2534.5          7854.4          4320.8          6068.1        101        VAL          20.079               0          20.079               0          20.079               
         A           10389          2534.5          7854.4          4320.8          6068.1        102        PRO          13.157           5.724          7.4329           5.724          7.4329               
         A           10389          2534.5          7854.4          4320.8          6068.1        103        ASP          16.355          16.202          0.1532          15.737          0.6179               
         A           10389          2534.5          7854.4          4320.8          6068.1        104        LEU          37.633           2.716          34.917               0          37.633               
         A           10389          2534.5          7854.4          4320.8          6068.1        105        GLY          53.625          53.625               0          25.519          28.106               
         A           10389          2534.5          7854.4          4320.8          6068.1        106        ARG          111.98          17.502          94.476          88.794          23.185               
         A           10389          2534.5          7854.4          4320.8          6068.1        107        PHE          47.865          29.177          18.688          25.189          22.675               
         A           10389          2534.5          7854.4          4320.8          6068.1        108        GLN          76.707          19.862          56.846          38.301          38.407               
         A           10389          2534.5          7854.4          4320.8          6068.1        109        THR          126.53          25.409          101.12          54.229          72.299               
         A           10389          2534.5          7854.4          4320.8          6068.1        110        PHE          25.162          22.928           2.234          19.314           5.848               
         A           10389          2534.5          7854.4          4320.8          6068.1        111        GLU          106.21          2.6584          103.55          71.883          34.323               
         A           10389          2534.5          7854.4          4320.8          6068.1        112        GLY          61.293          61.293               0          23.844          37.449               
         A           10389          2534.5          7854.4          4320.8          6068.1        113        ASP          88.206          25.641          62.565          41.855          46.351               
         A           10389          2534.5          7854.4          4320.8          6068.1        114        LEU          30.948          2.8651          28.083          2.7782           28.17               
         A           10389          2534.5          7854.4          4320.8          6068.1        115        LYS          68.051          6.9778          61.074            33.8          34.251               
         A           10389          2534.5          7854.4          4320.8          6068.1        116        TRP            18.4          5.2153          13.185          4.7265          13.673               
         A           10389          2534.5          7854.4          4320.8          6068.1        117        HIS          128.62          38.264           90.36          45.922          82.701               
         A           10389          2534.5          7854.4          4320.8          6068.1        118        HIS          67.091          5.1681          61.923          20.416          46.675               
         A           10389          2534.5          7854.4          4320.8          6068.1        119        HIS          91.393          1.5666          89.827          31.229          60.164               
         A           10389          2534.5          7854.4          4320.8          6068.1        120        ASN          98.589          3.1481          95.441           67.36          31.229               
         A           10389          2534.5          7854.4          4320.8          6068.1        121        ILE               0               0               0               0               0               
         A           10389          2534.5          7854.4          4320.8          6068.1        122        THR           33.05               0           33.05          7.1799          25.871               
         A           10389          2534.5          7854.4          4320.8          6068.1        123        TYR          13.313               0          13.313          11.193          2.1194               
         A           10389          2534.5          7854.4          4320.8          6068.1        124        TRP          57.179               0          57.179          9.4552          47.724               
         A           10389          2534.5          7854.4          4320.8          6068.1        125        ILE          8.1724          8.0989          0.0735          8.0989          0.0735               
         A           10389          2534.5          7854.4          4320.8          6068.1        126        GLN          77.592          17.625          59.967          67.989          9.6024               
         A           10389          2534.5          7854.4          4320.8          6068.1        127        ASN          49.847          4.1973           45.65          25.527           24.32               
         A           10389          2534.5          7854.4          4320.8          6068.1        128        TYR          44.566          20.396          24.169          25.585          18.981               
         A           10389          2534.5          7854.4          4320.8          6068.1        129        SER          5.7159          4.7037          1.0122          4.6897          1.0262               
         A           10389          2534.5          7854.4          4320.8          6068.1        130        GLU          170.46          34.876          135.58          100.98          69.478               
         A           10389          2534.5          7854.4          4320.8          6068.1        131        ASP          58.714          26.166          32.548          48.021          10.693               
         A           10389          2534.5          7854.4          4320.8          6068.1        132        LEU          30.262          8.6531          21.609          5.1515           25.11               
         A           10389          2534.5          7854.4          4320.8          6068.1        133        PRO          77.762          11.566          66.197          0.2287          77.534               
         A           10389          2534.5          7854.4          4320.8          6068.1        134        ARG          161.59          3.5978          157.99          109.91           51.68               
         A           10389          2534.5          7854.4          4320.8          6068.1        135        ALA          75.539          12.411          63.128          7.8991           67.64               
         A           10389          2534.5          7854.4          4320.8          6068.1        136        VAL          46.931          1.9529          44.979               0          46.931               
         A           10389          2534.5          7854.4          4320.8          6068.1        137        ILE          0.1446               0          0.1446               0          0.1446               
         A           10389          2534.5          7854.4          4320.8          6068.1        138        ASP          33.878          3.9629          29.916          20.522          13.356               
         A           10389          2534.5          7854.4          4320.8          6068.1        139        ASP          64.582          3.6295          60.953          39.696          24.887               
         A           10389          2534.5          7854.4          4320.8          6068.1        140        ALA               0               0               0               0               0               
         A           10389          2534.5          7854.4          4320.8          6068.1        141        PHE               0               0               0               0               0               
         A           10389          2534.5          7854.4          4320.8          6068.1        142        ALA          44.822          7.6159          37.206          4.1081          40.714               
         A           10389          2534.5          7854.4          4320.8          6068.1        143        ARG          89.236          2.6066           86.63          34.386          54.851               
         A           10389          2534.5          7854.4          4320.8          6068.1        144        ALA               0               0               0               0               0               
         A           10389          2534.5          7854.4          4320.8          6068.1        145        PHE          3.6557          0.1547           3.501               0          3.6557               
         A           10389          2534.5          7854.4          4320.8          6068.1        146        ALA          51.917          6.1984          45.719          1.4398          50.477               
         A           10389          2534.5          7854.4          4320.8          6068.1        147        LEU          31.096          4.0348          27.061          0.5216          30.575               
         A           10389          2534.5          7854.4          4320.8          6068.1        148        TRP           0.026               0           0.026               0           0.026               
         A           10389          2534.5          7854.4          4320.8          6068.1        149        SER          40.058          11.259          28.799          21.389          18.669               
         A           10389          2534.5          7854.4          4320.8          6068.1        150        ALA          80.781          40.377          40.403          22.961           57.82               
         A           10389          2534.5          7854.4          4320.8          6068.1        151        VAL          38.357          14.172          24.185          2.6337          35.723               
         A           10389          2534.5          7854.4          4320.8          6068.1        152        THR          26.209          26.126          0.0825          18.613          7.5953               
         A           10389          2534.5          7854.4          4320.8          6068.1        153        PRO          67.499          19.331          48.168          4.2692           63.23               
         A           10389          2534.5          7854.4          4320.8          6068.1        154        LEU          4.6486           4.629          0.0196             4.4          0.2486               
         A           10389          2534.5          7854.4          4320.8          6068.1        155        THR          75.204           3.042          72.162          4.4431          70.761               
         A           10389          2534.5          7854.4          4320.8          6068.1        156        PHE          37.074          31.289          5.7852          31.232           5.842               
         A           10389          2534.5          7854.4          4320.8          6068.1        157        THR          71.066          4.0247          67.041          20.259          50.807               
         A           10389          2534.5          7854.4          4320.8          6068.1        158        ARG          69.467          20.423          49.044          46.275          23.192               
         A           10389          2534.5          7854.4          4320.8          6068.1        159        VAL          37.489          3.2423          34.246               0          37.489               
         A           10389          2534.5          7854.4          4320.8          6068.1        160        TYR          160.74          32.298          128.45          52.885          107.86               
         A           10389          2534.5          7854.4          4320.8          6068.1        161        SER          41.093          7.9617          33.131          9.2331           31.86               
         A           10389          2534.5          7854.4          4320.8          6068.1        162        ARG           188.6          21.553          167.04          131.66          56.935               
         A           10389          2534.5          7854.4          4320.8          6068.1        163        ASP          116.12          25.422          90.694          77.224          38.892               
         A           10389          2534.5          7854.4          4320.8          6068.1        164        ALA           10.82           10.82               0          10.206          0.6137               
         A           10389          2534.5          7854.4          4320.8          6068.1        165        ASP          30.845          8.2738          22.571          24.463           6.382               
         A           10389          2534.5          7854.4          4320.8          6068.1        166        ILE               0               0               0               0               0               
         A           10389          2534.5          7854.4          4320.8          6068.1        167        VAL          22.314               0          22.314               0          22.314               
         A           10389          2534.5          7854.4          4320.8          6068.1        168        ILE               0               0               0               0               0               
         A           10389          2534.5          7854.4          4320.8          6068.1        169        GLN          42.478          0.0719          42.406           38.37          4.1078               
         A           10389          2534.5          7854.4          4320.8          6068.1        170        PHE          6.4462          5.3215          1.1247          4.6754          1.7708               
         A           10389          2534.5          7854.4          4320.8          6068.1        171        GLY          11.077          11.077               0          0.0442          11.033               
         A           10389          2534.5          7854.4          4320.8          6068.1        172        VAL          66.637          4.9363          61.701          4.9363          61.701               
         A           10389          2534.5          7854.4          4320.8          6068.1        173        ALA            51.7          0.0252          51.675               0            51.7               
         A           10389          2534.5          7854.4          4320.8          6068.1        174        GLU          99.106          22.471          76.636          38.458          60.649               
         A           10389          2534.5          7854.4          4320.8          6068.1        175        HIS          21.181          18.359          2.8219          5.3819          15.799               
         A           10389          2534.5          7854.4          4320.8          6068.1        176        GLY          70.822          70.822               0           30.28          40.543               
         A           10389          2534.5          7854.4          4320.8          6068.1        177        ASP          15.891          14.587          1.3044          4.5327          11.359               
         A           10389          2534.5          7854.4          4320.8          6068.1        178        GLY          59.529          59.529               0          27.721          31.807               
         A           10389          2534.5          7854.4          4320.8          6068.1        179        TYR          50.205          3.9642          46.241          7.1756          43.029               
         A           10389          2534.5          7854.4          4320.8          6068.1        180        PRO          64.006          6.3947          57.612          6.3947          57.612               
         A           10389          2534.5          7854.4          4320.8          6068.1        181        PHE          11.182          11.119          0.0624          10.701          0.4802               
         A           10389          2534.5          7854.4          4320.8          6068.1        182        ASP          67.343           38.44          28.903          36.546          30.797               
         A           10389          2534.5          7854.4          4320.8          6068.1        183        GLY          19.271          19.271               0          1.8824          17.389               
         A           10389          2534.5          7854.4          4320.8          6068.1        184        LYS          159.88          25.375           134.5          73.049          86.828               
         A           10389          2534.5          7854.4          4320.8          6068.1        185        ASP          55.879               0          55.879          35.515          20.364               
         A           10389          2534.5          7854.4          4320.8          6068.1        186        GLY          35.681          35.681               0           4.251           31.43               
         A           10389          2534.5          7854.4          4320.8          6068.1        187        LEU          5.6393          0.9942          4.6451          0.9942          4.6451               
         A           10389          2534.5          7854.4          4320.8          6068.1        188        LEU          2.9988               0          2.9988               0          2.9988               
         A           10389          2534.5          7854.4          4320.8          6068.1        189        ALA          0.2075          0.0678          0.1397          0.0678          0.1397               
         A           10389          2534.5          7854.4          4320.8          6068.1        190        HIS          4.1378               0          4.1378          3.8662          0.2716               
         A           10389          2534.5          7854.4          4320.8          6068.1        191        ALA          2.4587          2.4587               0          2.4587               0               
         A           10389          2534.5          7854.4          4320.8          6068.1        192        PHE          0.4985          0.4985               0               0          0.4985               
         A           10389          2534.5          7854.4          4320.8          6068.1        193        PRO          18.808          0.5323          18.275           0.337          18.471               
         A           10389          2534.5          7854.4          4320.8          6068.1        194        PRO          1.7813          1.6702          0.1111          0.8804          0.9009               
         A           10389          2534.5          7854.4          4320.8          6068.1        195        GLY          20.739          20.739               0          4.9982          15.741               
         A           10389          2534.5          7854.4          4320.8          6068.1        196        PRO          81.645          13.585           68.06          3.0748           78.57               
         A           10389          2534.5          7854.4          4320.8          6068.1        197        GLY          68.102          68.102               0          21.962           46.14               
         A           10389          2534.5          7854.4          4320.8          6068.1        198        ILE          77.876          7.9248          69.952          7.4861           70.39               
         A           10389          2534.5          7854.4          4320.8          6068.1        199        GLN          14.346          0.0699          14.276          13.346          1.0004               
         A           10389          2534.5          7854.4          4320.8          6068.1        200        GLY               0               0               0               0               0               
         A           10389          2534.5          7854.4          4320.8          6068.1        201        ASP          10.843               0          10.843          10.843               0               
         A           10389          2534.5          7854.4          4320.8          6068.1        202        ALA               0               0               0               0               0               
         A           10389          2534.5          7854.4          4320.8          6068.1        203        HIS          7.2787               0          7.2787           4.213          3.0657               
         A           10389          2534.5          7854.4          4320.8          6068.1        204        PHE               0               0               0               0               0               
         A           10389          2534.5          7854.4          4320.8          6068.1        205        ASP               0               0               0               0               0               
         A           10389          2534.5          7854.4          4320.8          6068.1        206        ASP          42.416          14.523          27.893          37.407          5.0095               
         A           10389          2534.5          7854.4          4320.8          6068.1        207        ASP          60.031          19.525          40.506          48.463          11.569               
         A           10389          2534.5          7854.4          4320.8          6068.1        208        GLU          10.047          9.7102          0.3366          5.4168            4.63               
         A           10389          2534.5          7854.4          4320.8          6068.1        209        LEU          83.043          5.5378          77.505           4.266          78.777               
         A           10389          2534.5          7854.4          4320.8          6068.1        210        TRP          1.0321          0.8958          0.1363          0.8958          0.1363               
         A           10389          2534.5          7854.4          4320.8          6068.1        211        SER           19.24          0.1796          19.061               0           19.24               
         A           10389          2534.5          7854.4          4320.8          6068.1        212        LEU          52.196          7.7702          44.426          5.4204          46.775               
         A           10389          2534.5          7854.4          4320.8          6068.1        213        GLY          40.001          40.001               0          11.562           28.44               
         A           10389          2534.5          7854.4          4320.8          6068.1        214        LYS          143.84          24.989          118.85           58.93          84.911               
         A           10389          2534.5          7854.4          4320.8          6068.1        215        GLY          71.878          71.878               0          30.539          41.338               
         A           10389          2534.5          7854.4          4320.8          6068.1        391        GLN          144.99          15.019          129.98          93.927          51.068               
         A           10389          2534.5          7854.4          4320.8          6068.1        392        GLY          29.188          29.188               0          22.705          6.4829               
         A           10389          2534.5          7854.4          4320.8          6068.1        393        TYR          29.142               0          29.142          7.0232          22.118               
         A           10389          2534.5          7854.4          4320.8          6068.1        394        SER          1.6509          0.2748          1.3761          1.6509               0               
         A           10389          2534.5          7854.4          4320.8          6068.1        395        LEU           0.022               0           0.022               0           0.022               
         A           10389          2534.5          7854.4          4320.8          6068.1        396        PHE          27.872               0          27.872               0          27.872               
         A           10389          2534.5          7854.4          4320.8          6068.1        397        LEU          11.306           1.914          9.3917          0.6621          10.644               
         A           10389          2534.5          7854.4          4320.8          6068.1        398        VAL          10.654          2.0341          8.6195               0          10.654               
         A           10389          2534.5          7854.4          4320.8          6068.1        399        ALA               0               0               0               0               0               
         A           10389          2534.5          7854.4          4320.8          6068.1        400        ALA               0               0               0               0               0               
         A           10389          2534.5          7854.4          4320.8          6068.1        401        HIS          13.266               0          13.266          4.0418          9.2244               
         A           10389          2534.5          7854.4          4320.8          6068.1        402        GLU          0.7538               0          0.7538          0.7538               0               
         A           10389          2534.5          7854.4          4320.8          6068.1        403        PHE               0               0               0               0               0               
         A           10389          2534.5          7854.4          4320.8          6068.1        404        GLY               0               0               0               0               0               
         A           10389          2534.5          7854.4          4320.8          6068.1        405        HIS           8.804          1.7647          7.0393          5.9986          2.8054               
         A           10389          2534.5          7854.4          4320.8          6068.1        406        ALA               0               0               0               0               0               
         A           10389          2534.5          7854.4          4320.8          6068.1        407        LEU               0               0               0               0               0               
         A           10389          2534.5          7854.4          4320.8          6068.1        408        GLY          17.498          17.498               0           15.79          1.7083               
         A           10389          2534.5          7854.4          4320.8          6068.1        409        LEU          16.492          5.2484          11.244          3.5313          12.961               
         A           10389          2534.5          7854.4          4320.8          6068.1        410        ASP          92.188          13.217          78.971          57.601          34.587               
         A           10389          2534.5          7854.4          4320.8          6068.1        411        HIS          20.693          19.729          0.9637          19.488          1.2045               
         A           10389          2534.5          7854.4          4320.8          6068.1        412        SER          11.704          7.5152          4.1884          0.2218          11.482               
         A           10389          2534.5          7854.4          4320.8          6068.1        413        SER          46.166          7.2568           38.91              19          27.167               
         A           10389          2534.5          7854.4          4320.8          6068.1        414        VAL          49.317          1.8896          47.427               0          49.317               
         A           10389          2534.5          7854.4          4320.8          6068.1        415        PRO          45.637          2.1571           43.48          2.1571           43.48               
         A           10389          2534.5          7854.4          4320.8          6068.1        416        GLU          96.797          5.6451          91.152          46.791          50.006               
         A           10389          2534.5          7854.4          4320.8          6068.1        417        ALA          2.1144          2.1144               0          2.1144               0               
         A           10389          2534.5          7854.4          4320.8          6068.1        418        LEU          17.284          4.8528          12.432          3.7265          13.558               
         A           10389          2534.5          7854.4          4320.8          6068.1        419        MET          5.4646               0          5.4646               0          5.4646               
         A           10389          2534.5          7854.4          4320.8          6068.1        420        TYR          11.141          1.7111          9.4298          6.2155          4.9254               
         A           10389          2534.5          7854.4          4320.8          6068.1        421        PRO          4.1381          2.8256          1.3125          2.8256          1.3125               
         A           10389          2534.5          7854.4          4320.8          6068.1        422        MET          37.081          6.1768          30.904           5.804          31.277               
         A           10389          2534.5          7854.4          4320.8          6068.1        423        TYR           46.16          16.722          29.438          12.657          33.504               
         A           10389          2534.5          7854.4          4320.8          6068.1        424        ARG          96.832          12.007          84.824          55.522           41.31               
         A           10389          2534.5          7854.4          4320.8          6068.1        425        PHE          70.848          27.647          43.201          27.647          43.201               
         A           10389          2534.5          7854.4          4320.8          6068.1        426        THR          28.175          11.272          16.903          19.749          8.4264               
         A           10389          2534.5          7854.4          4320.8          6068.1        427        GLU          123.49          24.332          99.154          76.239          47.248               
         A           10389          2534.5          7854.4          4320.8          6068.1        428        GLY          48.944          48.944               0          15.669          33.275               
         A           10389          2534.5          7854.4          4320.8          6068.1        429        PRO          118.24          20.087          98.158          15.187          103.06               
         A           10389          2534.5          7854.4          4320.8          6068.1        430        PRO          17.007          2.8408          14.166          2.3587          14.648               
         A           10389          2534.5          7854.4          4320.8          6068.1        431        LEU          36.668           17.58          19.088           16.94          19.728               
         A           10389          2534.5          7854.4          4320.8          6068.1        432        HIS          58.691          6.5476          52.144          19.566          39.126               
         A           10389          2534.5          7854.4          4320.8          6068.1        433        LYS          159.01          9.4198          149.59          49.331          109.68               
         A           10389          2534.5          7854.4          4320.8          6068.1        434        ASP          52.665          6.2277          46.438          37.683          14.982               
         A           10389          2534.5          7854.4          4320.8          6068.1        435        ASP           2.178          1.3184          0.8596          0.8596          1.3184               
         A           10389          2534.5          7854.4          4320.8          6068.1        436        VAL          26.199          0.0277          26.171               0          26.199               
         A           10389          2534.5          7854.4          4320.8          6068.1        437        ASN          73.754          1.3493          72.404          58.008          15.746               
         A           10389          2534.5          7854.4          4320.8          6068.1        438        GLY          26.598          26.598               0          4.5843          22.014               
         A           10389          2534.5          7854.4          4320.8          6068.1        439        ILE          0.2979          0.1001          0.1978          0.1001          0.1978               
         A           10389          2534.5          7854.4          4320.8          6068.1        440        ARG          116.17          9.6412          106.53          67.244          48.927               
         A           10389          2534.5          7854.4          4320.8          6068.1        441        HIS          165.64          38.572          127.07          74.542          91.099               
         A           10389          2534.5          7854.4          4320.8          6068.1        442        LEU          37.007          6.9984          30.009             5.6          31.407               
         A           10389          2534.5          7854.4          4320.8          6068.1        443        TYR          44.825          41.128          3.6969          32.859          11.966               
